geração, radius,energia,pontos,velocidade,percepcao,distance
1,0.095492,115.896149,74.000000,0.883955,0.516715,0.000000
1,0.071393,87.030121,65.000000,0.869682,0.719767,0.042821
1,0.089306,47.291878,57.000000,0.742525,0.962963,0.424292
1,0.078551,117.220146,57.000000,0.802138,0.721188,0.245451
1,0.084978,37.978455,51.000000,0.657671,0.911498,0.678853
1,0.094592,48.702545,39.000000,0.499387,0.624426,1.153704
1,0.068565,48.748791,37.000000,0.576013,0.609559,0.923828
1,0.094840,9.242109,30.000000,0.381176,0.814248,1.508338
1,0.060659,39.472290,23.000000,0.397714,0.769876,1.458722
1,0.084413,29.351021,17.000000,0.373876,0.996344,1.530238
2,0.083466,86.789581,63.000000,0.877078,0.618532,0.000000
2,0.071393,97.300110,58.000000,0.869682,0.719767,0.022190
2,0.080317,57.391132,57.000000,0.806003,0.841584,0.213226
2,0.074993,57.381264,54.000000,0.835704,0.720466,0.124124
2,0.083121,48.374012,50.000000,0.625491,0.767425,0.754763
2,0.082989,48.055878,42.000000,0.684490,0.672279,0.577764
2,0.078196,57.721405,40.000000,0.763406,0.815975,0.341018
2,0.069957,48.173218,38.000000,0.722675,0.664298,0.463211
2,0.066000,28.674433,25.000000,0.633785,0.744990,0.729880
2,0.077896,48.496101,23.000000,0.621388,0.857809,0.767072
3,0.077385,94.100990,67.000000,0.873086,0.669938,0.000000
3,0.075898,104.680222,63.000000,0.837197,0.781457,0.107667
3,0.071393,24.600220,60.000000,0.869682,0.719767,0.010214
3,0.077111,55.341034,56.000000,0.777298,0.696791,0.287366
3,0.073214,44.668442,41.000000,0.853355,0.720164,0.059193
3,0.070668,35.516205,41.000000,0.796544,0.692081,0.229628
3,0.077308,45.684967,37.000000,0.747105,0.743667,0.377945
3,0.074830,75.001831,33.000000,0.817270,0.767476,0.167447
3,0.074637,45.853577,30.000000,0.745347,0.788379,0.383217
3,0.068645,26.124113,22.000000,0.751417,0.733134,0.365008
4,0.076819,34.952744,60.000000,0.854425,0.724458,0.000000
4,0.075898,65.212212,54.000000,0.837197,0.781457,0.051684
4,0.073392,75.188835,54.000000,0.853448,0.749684,0.002932
4,0.075405,115.337105,51.000000,0.828919,0.774209,0.076519
4,0.076681,55.684845,50.000000,0.790741,0.762706,0.191054
4,0.074481,25.193344,49.000000,0.846796,0.752599,0.022887
4,0.073265,25.611235,42.000000,0.815839,0.736154,0.115759
4,0.076701,55.522263,39.000000,0.805390,0.737555,0.147106
4,0.072259,75.912964,36.000000,0.792748,0.757838,0.185031
4,0.075434,25.752962,15.000000,0.790929,0.785929,0.190487
5,0.100000,113.000000,80.000000,1.000000,0.759398,0.000000
5,0.100000,33.000000,76.000000,1.000000,1.000000,0.000000
5,0.100000,43.000000,72.000000,1.000000,0.300000,0.000000
5,0.075898,126.276169,69.000000,0.837197,0.781457,0.488409
5,0.100000,48.613670,43.000000,0.445026,0.962397,1.664921
5,0.100000,59.370026,30.000000,0.300000,1.000000,2.100000
5,0.050000,69.133324,27.000000,0.497624,0.300000,1.507129
5,0.050000,39.252239,23.000000,0.462213,0.793976,1.613360
5,0.050000,19.685013,19.000000,0.300000,0.300000,2.100000
5,0.050000,19.685013,11.000000,0.300000,0.791868,2.100000
6,0.100000,94.750000,92.000000,1.000000,1.000000,0.000000
6,0.071711,86.235191,63.000000,1.000000,0.300000,0.000000
6,0.100000,54.750000,58.000000,1.000000,1.000000,0.000000
6,0.100000,58.533592,56.000000,0.528506,0.537454,1.414483
6,0.100000,127.984787,53.000000,0.619551,1.000000,1.141347
6,0.050000,39.763760,41.000000,0.300000,0.726662,2.100000
6,0.050000,59.010098,35.000000,0.614090,0.805888,1.157730
6,0.050000,29.763760,22.000000,0.300000,0.300000,2.100000
6,0.050000,18.630772,20.000000,0.722227,0.300000,0.833319
6,0.100000,9.527499,10.000000,0.300000,1.000000,2.100000
7,0.100000,113.000000,97.000000,1.000000,1.000000,0.000000
7,0.100000,63.000000,56.000000,1.000000,0.300000,0.000000
7,0.100000,73.000000,56.000000,1.000000,1.000000,0.000000
7,0.050000,76.500000,52.000000,1.000000,0.300000,0.000000
7,0.100000,63.000000,48.000000,1.000000,0.300000,0.000000
7,0.050000,36.500000,46.000000,1.000000,0.300000,0.000000
7,0.100000,39.322380,36.000000,0.311136,0.778774,2.066592
7,0.100000,55.358387,24.000000,0.814305,1.000000,0.557085
7,0.050000,29.685013,18.000000,0.300000,0.701247,2.100000
7,0.100000,9.369999,17.000000,0.300000,0.300000,2.100000
8,0.100000,119.500000,91.000000,1.000000,1.000000,0.000000
8,0.100000,89.688744,81.000000,0.990970,1.000000,0.027089
8,0.050000,44.750000,61.000000,1.000000,1.000000,0.000000
8,0.050000,84.750000,47.000000,1.000000,0.388160,0.000000
8,0.100000,39.500000,47.000000,1.000000,1.000000,0.000000
8,0.100000,19.500000,40.000000,1.000000,0.300000,0.000000
8,0.063393,29.400948,25.000000,0.300000,0.300000,2.100000
8,0.055021,48.276657,23.000000,0.546173,1.000000,1.361480
8,0.050000,29.527519,21.000000,0.300000,0.382764,2.100000
8,0.100000,39.055038,14.000000,0.300000,0.760262,2.100000
9,0.100000,125.500000,79.000000,1.000000,1.000000,0.000000
9,0.099985,95.543945,69.000000,0.995181,0.999952,0.014458
9,0.099993,55.502754,52.000000,0.999725,0.650313,0.000825
9,0.075014,16.624563,50.000000,0.999969,0.999825,0.000093
9,0.099983,75.501617,50.000000,0.999905,0.999807,0.000284
9,0.074973,86.627556,48.000000,0.999801,0.693963,0.000597
9,0.081665,38.449211,40.000000,0.649605,0.649629,1.051186
9,0.077523,47.917122,33.000000,0.772700,0.999743,0.681899
9,0.099961,18.101837,22.000000,0.649598,0.879782,1.051207
9,0.074993,8.573202,7.000000,0.650228,0.691076,1.049315
10,0.100000,43.259163,63.000000,0.999323,0.825740,0.000000
10,0.100000,43.280693,60.000000,0.997725,1.000000,0.004793
10,0.100000,73.250000,58.000000,1.000000,1.000000,0.002032
10,0.087493,74.102402,54.000000,0.999306,0.999900,0.000050
10,0.087484,74.099915,49.000000,0.999573,0.846563,0.000751
10,0.100000,83.261536,46.000000,0.999148,1.000000,0.000524
10,0.088854,55.285824,42.000000,0.886572,1.000000,0.338251
10,0.090743,35.832211,32.000000,0.824887,0.825613,0.523307
10,0.087538,45.984245,24.000000,0.824393,0.846273,0.524789
10,0.099962,15.410513,22.000000,0.824734,0.940577,0.523767
11,0.100000,53.500000,65.000000,1.000000,1.000000,0.000000
11,0.100000,83.500000,61.000000,1.000000,1.000000,0.000000
11,0.093725,73.907845,57.000000,1.000000,0.921909,0.000000
11,0.094600,54.522861,57.000000,0.943791,0.998696,0.168626
11,0.092943,55.289146,47.000000,0.883053,0.763759,0.350842
11,0.093780,74.943741,43.000000,0.910753,0.923457,0.267741
11,0.075722,18.031830,34.000000,0.632358,0.519728,1.102926
11,0.067340,27.828854,33.000000,0.704291,0.800225,0.887126
11,0.095418,64.845703,27.000000,0.911622,0.912491,0.265133
11,0.099827,44.609947,26.000000,0.911413,0.971620,0.265761
12,0.100000,73.750000,72.000000,1.000000,1.000000,0.000000
12,0.096818,53.951141,66.000000,0.999808,0.960886,0.000576
12,0.099922,83.754799,61.000000,1.000000,0.999559,0.000000
12,0.097234,94.254112,60.000000,0.972368,0.999332,0.082896
12,0.096829,104.478996,49.000000,0.955134,0.961088,0.134597
12,0.087941,66.345146,34.000000,0.815449,0.759760,0.553653
12,0.083641,16.200848,34.000000,0.852499,0.899409,0.442502
12,0.097766,14.422770,34.000000,0.955381,0.956404,0.133856
12,0.096446,14.662142,25.000000,0.941024,0.882101,0.176927
12,0.099866,24.297457,15.000000,0.955840,0.986344,0.132479
13,0.100000,125.000000,77.000000,1.000000,1.000000,0.000000
13,0.098569,55.087448,62.000000,0.998382,0.980871,0.004855
13,0.093751,46.126812,54.000000,0.908994,0.881543,0.273017
13,0.098768,25.190199,51.000000,0.986895,1.000000,0.039316
13,0.098726,85.264572,50.000000,0.979446,0.979802,0.061663
13,0.099980,35.017334,48.000000,0.998366,1.000000,0.004903
13,0.091815,26.075096,38.000000,0.924641,0.949205,0.226078
13,0.098322,55.286865,35.000000,0.979140,0.981770,0.062581
13,0.098061,65.397629,18.000000,0.968854,0.939914,0.093438
13,0.099805,35.235825,17.000000,0.977086,0.993909,0.068741
14,0.100000,142.750000,90.000000,1.000000,1.000000,0.000000
14,0.100000,92.750000,84.000000,1.000000,1.000000,0.000000
14,0.100000,12.750000,50.000000,1.000000,1.000000,0.000000
14,0.092574,43.288410,45.000000,1.000000,0.300000,0.000000
14,0.050000,76.798912,45.000000,0.939717,0.300000,0.180849
14,0.100000,76.465233,42.000000,0.698256,0.504801,0.905233
14,0.100000,39.347527,27.000000,0.300000,0.300000,2.100000
14,0.069754,19.544830,25.000000,0.300000,1.000000,2.100000
14,0.100000,38.710873,23.000000,0.421674,0.746726,1.734978
14,0.100000,19.347521,19.000000,0.300000,0.321797,2.100000
15,0.100000,64.000000,79.000000,1.000000,1.000000,0.000000
15,0.100000,134.000000,77.000000,1.000000,1.000000,0.000000
15,0.100000,74.000000,67.000000,1.000000,0.375158,0.000000
15,0.100000,54.000000,63.000000,1.000000,1.000000,0.000000
15,0.090994,66.593704,45.000000,0.789871,1.000000,0.630387
15,0.100000,34.000000,41.000000,1.000000,0.300000,0.000000
15,0.100000,49.460022,36.000000,0.300000,0.300000,2.100000
15,0.050000,39.730011,22.000000,0.300000,0.485381,2.100000
15,0.050000,39.730011,16.000000,0.300000,0.300000,2.100000
15,0.050000,9.730011,4.000000,0.300000,0.300000,2.100000
1,0.051732,86.506653,69.000000,0.918749,0.677792,0.000000
1,0.061811,66.205238,66.000000,0.876024,0.886863,0.352588
1,0.054011,57.055798,56.000000,0.825458,0.760989,0.199280
1,0.087808,84.886024,55.000000,0.853225,0.868259,0.616754
1,0.093583,106.813934,50.000000,0.652362,0.502850,0.859843
1,0.069641,54.627686,44.000000,0.981983,0.336449,0.583667
1,0.060711,57.017925,42.000000,0.783582,0.858153,0.405315
1,0.089708,28.565735,28.000000,0.447049,0.439558,1.089693
1,0.059032,18.885986,23.000000,0.485688,0.813870,0.642145
1,0.084286,8.492371,17.000000,0.472851,0.714066,0.807715
2,0.070955,105.749741,62.000000,0.839473,0.814724,0.000000
2,0.052911,46.578262,54.000000,0.872251,0.718835,0.309103
2,0.057894,56.441948,54.000000,0.850320,0.823625,0.150360
2,0.054011,76.871872,51.000000,0.825458,0.760989,0.237189
2,0.071799,67.529434,47.000000,0.636257,0.600633,0.425749
2,0.061814,75.712128,46.000000,0.903371,0.548329,0.421704
2,0.073724,56.579315,43.000000,0.738822,0.631459,0.311605
2,0.069151,17.519623,36.000000,0.649607,0.736987,0.285641
2,0.057311,36.849876,33.000000,0.804142,0.809354,0.177140
2,0.056451,27.939524,24.000000,0.655300,0.786806,0.357130
3,0.055885,77.934464,68.000000,0.839056,0.791732,0.000000
3,0.062341,37.726063,62.000000,0.833532,0.787978,0.073833
3,0.057971,57.720844,57.000000,0.865365,0.654219,0.184682
3,0.053539,77.975182,56.000000,0.848741,0.740121,0.084756
3,0.054011,58.067875,45.000000,0.825458,0.760989,0.063084
3,0.063898,47.948338,40.000000,0.782043,0.695801,0.233071
3,0.055142,58.408470,36.000000,0.741462,0.773869,0.122893
3,0.061675,68.235451,32.000000,0.738216,0.748139,0.202327
3,0.062946,48.235794,28.000000,0.730650,0.680750,0.289999
3,0.055583,48.061371,26.000000,0.815074,0.785171,0.033566
4,0.053539,97.010986,62.000000,0.848741,0.740121,0.000000
4,0.055942,96.812035,54.000000,0.857516,0.696745,0.076173
4,0.054669,36.984367,53.000000,0.843660,0.768134,0.044390
4,0.057947,56.831089,50.000000,0.840026,0.764218,0.076884
4,0.058878,66.960594,50.000000,0.816146,0.716464,0.109635
4,0.053985,57.076958,45.000000,0.835851,0.751061,0.028288
4,0.057566,27.178299,41.000000,0.795289,0.741962,0.095555
4,0.054262,67.356468,40.000000,0.792855,0.759314,0.082310
4,0.054332,27.080978,34.000000,0.832604,0.763309,0.047255
4,0.058120,37.207512,21.000000,0.787380,0.712133,0.135154
5,0.100000,113.000000,75.000000,1.000000,1.000000,0.000000
5,0.100000,123.000000,73.000000,1.000000,1.000000,0.000000
5,0.100000,53.000000,60.000000,1.000000,0.676749,0.323251
5,0.053539,87.300247,53.000000,0.848741,0.740121,0.875745
5,0.100000,44.921753,43.000000,0.851740,0.300000,0.848260
5,0.050000,6.500000,37.000000,1.000000,0.579511,0.920489
5,0.050000,6.500000,35.000000,1.000000,1.000000,0.500000
5,0.100000,49.370022,31.000000,0.300000,1.000000,0.700000
5,0.050000,26.500000,30.000000,1.000000,0.300000,1.200000
5,0.050000,49.685013,13.000000,0.300000,0.300000,1.900000
6,0.100000,84.750000,78.000000,1.000000,1.000000,0.000000
6,0.100000,114.750000,66.000000,1.000000,0.908017,0.091983
6,0.050000,67.375000,58.000000,1.000000,1.000000,0.500000
6,0.050000,57.375000,56.000000,1.000000,0.794560,0.705440
6,0.050000,37.375000,55.000000,1.000000,0.579511,0.920489
6,0.069842,46.333340,45.000000,1.000000,0.300000,1.001583
6,0.050000,39.021000,27.000000,0.610689,0.460022,1.429288
6,0.050000,79.197906,26.000000,0.552781,1.000000,0.947219
6,0.050000,19.291996,25.000000,0.519345,0.831297,1.149358
6,0.092337,29.563688,14.000000,0.300000,0.300000,1.476627
7,0.050000,136.000000,79.000000,1.000000,1.000000,0.000000
7,0.050000,67.204025,76.000000,0.836062,1.000000,0.163938
7,0.050000,96.000000,71.000000,1.000000,1.000000,0.000000
7,0.051951,76.664062,44.000000,0.895915,1.000000,0.123597
7,0.050000,68.742676,40.000000,0.560653,1.000000,0.439347
7,0.100000,28.594360,39.000000,0.419167,0.300000,1.780833
7,0.100000,39.280029,34.000000,0.300000,0.300000,1.900000
7,0.050000,29.640015,23.000000,0.300000,0.300000,1.400000
7,0.100000,19.280025,23.000000,0.300000,0.300000,1.900000
7,0.054668,19.606384,21.000000,0.300000,1.000000,0.746681
8,0.100000,94.250000,89.000000,1.000000,1.000000,0.000000
8,0.100000,84.250000,70.000000,1.000000,0.300000,0.700000
8,0.050000,47.125000,56.000000,1.000000,0.300000,1.200000
8,0.050000,77.125000,51.000000,1.000000,0.344940,1.155060
8,0.050000,58.475990,44.000000,0.728074,1.000000,0.771926
8,0.100000,37.842697,43.000000,0.612521,1.000000,0.387479
8,0.050000,67.125000,34.000000,1.000000,0.300000,1.200000
8,0.100000,38.989708,30.000000,0.419167,0.300000,1.280833
8,0.050000,39.741261,20.000000,0.300000,1.000000,1.200000
8,0.100000,29.482521,13.000000,0.300000,0.300000,1.400000
9,0.099999,65.774460,68.000000,0.806280,0.999949,0.000000
9,0.100000,75.774368,63.000000,0.806287,0.649686,0.350284
9,0.075025,77.807037,48.000000,0.670592,1.000000,0.385478
9,0.099974,88.272102,48.000000,0.515648,0.649936,0.640888
9,0.074971,56.833420,47.000000,0.806100,0.650109,0.600290
9,0.100000,57.561310,45.000000,0.612521,1.000000,0.193825
9,0.074972,16.834003,44.000000,0.806026,0.672702,0.577763
9,0.074968,76.830536,42.000000,0.806490,0.649846,0.600622
9,0.074977,18.986359,23.000000,0.456061,1.000000,0.600483
9,0.100000,38.645866,22.000000,0.456431,0.650281,0.699533
10,0.100000,136.261978,67.000000,0.806287,0.649686,0.000000
10,0.099974,66.259171,56.000000,0.806691,0.824827,0.175802
10,0.087398,66.739655,56.000000,0.805463,0.650024,0.127179
10,0.100000,77.108040,54.000000,0.709187,0.824801,0.272215
10,0.087582,67.259064,50.000000,0.737746,0.825297,0.368326
10,0.087520,46.731583,45.000000,0.805903,0.661270,0.136769
10,0.087512,27.994265,36.000000,0.631347,0.825551,0.475684
10,0.099916,47.711700,35.000000,0.631113,0.649322,0.176374
10,0.087550,6.722747,26.000000,0.806849,0.650515,0.125887
10,0.099900,27.494419,25.000000,0.660450,0.649706,0.146860
11,0.093684,85.394150,64.000000,0.771953,0.738383,0.000000
11,0.100000,114.636749,56.000000,0.806287,0.649686,0.186191
11,0.083088,56.001644,54.000000,0.763733,0.714153,0.138408
11,0.100000,85.753899,53.000000,0.717411,0.649253,0.206833
11,0.099850,46.755692,49.000000,0.627567,0.630900,0.313533
11,0.093605,44.964718,48.000000,0.807488,0.653965,0.120741
11,0.093787,16.007998,43.000000,0.718285,0.737275,0.055806
11,0.093904,34.965733,35.000000,0.806119,0.651161,0.123585
11,0.099971,35.565197,35.000000,0.733283,0.650503,0.189421
11,0.070092,39.349541,13.000000,0.335403,0.677296,0.733560
12,0.096664,65.282578,62.000000,0.698590,0.684324,0.000000
12,0.096642,85.031990,55.000000,0.716988,0.642690,0.060251
12,0.099805,65.370987,54.000000,0.681033,0.641364,0.091926
12,0.099850,56.067505,50.000000,0.627567,0.630900,0.156310
12,0.096888,45.615082,46.000000,0.672738,0.683750,0.028662
12,0.099964,85.482529,45.000000,0.672237,0.639684,0.103993
12,0.099830,24.876404,43.000000,0.716402,0.639889,0.093904
12,0.096954,85.033936,39.000000,0.715680,0.641067,0.063250
12,0.091352,25.592041,31.000000,0.694641,0.672968,0.068422
12,0.085040,18.036346,25.000000,0.480531,0.653081,0.365545
13,0.100000,113.500000,94.000000,1.000000,1.000000,0.000000
13,0.100000,63.500000,81.000000,1.000000,1.000000,0.000000
13,0.096642,86.770775,65.000000,0.716988,0.642690,0.673900
13,0.100000,67.634323,56.000000,0.603279,1.000000,0.396721
13,0.050000,46.750000,38.000000,1.000000,0.300000,1.200000
13,0.100000,39.415024,30.000000,0.300000,0.441006,1.258994
13,0.050000,69.707481,27.000000,0.300000,0.300000,1.900000
13,0.050000,29.707512,26.000000,0.300000,1.000000,1.200000
13,0.050000,29.707512,20.000000,0.300000,1.000000,1.200000
13,0.050000,29.707512,13.000000,0.300000,0.300000,1.900000
14,0.100000,115.862389,85.000000,0.755447,0.926576,0.000000
14,0.096642,76.398163,77.000000,0.716988,0.642690,0.355922
14,0.100000,56.623558,69.000000,0.682437,1.000000,0.146435
14,0.050000,88.110283,59.000000,0.722014,1.000000,0.606857
14,0.100000,35.322952,46.000000,0.803183,0.300000,0.674312
14,0.100000,57.890911,40.000000,0.539362,1.000000,0.289510
14,0.050000,39.673763,29.000000,0.300000,1.000000,1.028872
14,0.050000,19.673763,21.000000,0.300000,0.300000,1.582023
14,0.100000,49.347523,14.000000,0.300000,0.626689,0.755334
14,0.100000,39.347527,10.000000,0.300000,0.300000,1.082023
15,0.050000,107.540459,78.000000,0.887166,1.000000,0.000000
15,0.050000,106.875000,75.000000,1.000000,1.000000,0.112834
15,0.100000,113.750000,69.000000,1.000000,0.839677,0.773157
15,0.050000,56.875000,53.000000,1.000000,1.000000,0.112834
15,0.100000,48.181820,45.000000,0.539362,1.000000,0.847805
15,0.050000,49.441605,43.000000,0.422724,1.000000,0.464442
15,0.100000,49.437515,35.000000,0.300000,1.000000,1.087166
15,0.100000,9.437499,18.000000,0.300000,1.000000,1.087166
15,0.051919,19.707943,17.000000,0.300000,0.479467,1.126887
15,0.100000,19.437521,17.000000,0.300000,1.000000,1.087166
16,0.050000,66.750000,69.000000,1.000000,1.000000,0.000000
16,0.050000,116.750000,66.000000,1.000000,1.000000,0.000000
16,0.100000,44.590401,63.000000,0.912278,1.000000,0.587722
16,0.100000,43.500000,53.000000,1.000000,0.300000,1.200000
16,0.100000,76.660141,50.000000,0.716812,1.000000,0.783188
16,0.050000,27.012436,48.000000,0.958773,1.000000,0.041227
16,0.050000,106.750000,39.000000,1.000000,0.300000,0.700000
16,0.100000,28.628559,29.000000,0.459335,1.000000,1.040665
16,0.100000,29.415020,17.000000,0.300000,0.610499,1.589501
16,0.100000,29.415020,16.000000,0.300000,1.000000,1.200000
17,0.050000,86.875000,66.000000,1.000000,1.000000,0.000000
17,0.075031,65.311935,64.000000,0.999848,0.649720,0.600746
17,0.050000,46.877670,56.000000,0.999576,1.000000,0.000424
17,0.074976,76.548431,53.000000,0.858242,1.000000,0.391519
17,0.075015,75.715332,47.000000,0.955974,0.999975,0.294199
17,0.050000,47.000134,40.000000,0.979768,1.000000,0.020232
17,0.075028,77.504791,39.000000,0.729464,0.999565,0.521250
17,0.050000,26.876097,38.000000,0.999821,0.650129,0.350050
17,0.075017,38.017357,27.000000,0.650284,1.000000,0.599884
17,0.075006,28.019028,20.000000,0.650057,0.805320,0.794681
18,0.050069,117.126564,66.000000,0.999039,0.999287,0.000000
18,0.062594,86.404449,65.000000,0.999501,0.825382,0.299615
18,0.050000,47.125000,54.000000,1.000000,1.000000,0.002367
18,0.050085,37.175449,54.000000,0.990344,0.999331,0.008900
18,0.062420,77.315224,54.000000,0.864880,1.000000,0.258377
18,0.062463,76.568916,42.000000,0.977393,1.000000,0.146299
18,0.062551,56.893368,40.000000,0.929383,0.999964,0.195150
18,0.062530,27.556276,30.000000,0.824421,0.903181,0.395327
18,0.050072,17.121359,29.000000,0.999916,0.825770,0.174417
18,0.062459,27.549389,16.000000,0.826051,1.000000,0.297596
19,0.056373,46.337204,61.000000,0.999803,0.913879,0.000000
19,0.050152,66.740112,59.000000,1.000000,0.999980,0.148511
19,0.050000,76.792641,53.000000,0.993421,1.000000,0.156232
19,0.050000,66.750000,48.000000,1.000000,1.000000,0.150047
19,0.056044,66.823044,44.000000,0.933867,1.000000,0.155349
19,0.056440,56.409409,43.000000,0.989307,0.998676,0.095965
19,0.056122,36.614212,39.000000,0.963407,1.000000,0.125031
19,0.056166,56.952515,38.000000,0.913651,0.951950,0.126294
19,0.056424,36.953522,34.000000,0.911409,1.000000,0.175022
19,0.050020,56.753380,31.000000,0.999279,0.912198,0.065737
20,0.099536,125.769714,66.000000,1.000000,0.913075,0.000000
20,0.050000,47.902878,63.000000,0.993421,1.000000,0.588861
20,0.100000,65.750000,59.000000,1.000000,1.000000,0.091567
20,0.050000,47.875000,57.000000,1.000000,1.000000,0.582283
20,0.050000,67.875000,47.000000,1.000000,0.642542,0.765890
20,0.050000,77.875000,46.000000,1.000000,0.423627,0.984805
20,0.050000,47.875000,42.000000,1.000000,0.300000,1.108433
20,0.100000,55.750000,33.000000,1.000000,1.000000,0.091567
20,0.060275,29.769455,19.000000,0.300000,1.000000,1.179530
20,0.100000,9.008657,18.000000,0.482967,0.308322,1.126428
21,0.100000,82.250000,81.000000,1.000000,1.000000,0.000000
21,0.087749,83.199387,64.000000,1.000000,1.000000,0.122506
21,0.050000,96.125000,57.000000,1.000000,1.000000,0.500000
21,0.093438,55.810314,56.000000,0.760643,0.706995,0.597986
21,0.092758,52.811241,46.000000,1.000000,0.300000,0.772417
21,0.100000,42.250000,44.000000,1.000000,0.300000,0.700000
21,0.062691,47.506935,43.000000,0.716328,0.796917,0.859846
21,0.081562,48.708519,29.000000,0.452016,0.906695,0.825665
21,0.050000,19.651264,16.000000,0.300000,1.000000,1.200000
21,0.100000,29.302521,14.000000,0.300000,1.000000,0.700000
22,0.100000,82.250000,81.000000,1.000000,1.000000,0.000000
22,0.050000,46.125000,57.000000,1.000000,1.000000,0.500000
22,0.050000,106.125000,54.000000,1.000000,1.000000,0.500000
22,0.096070,52.554611,52.000000,1.000000,0.911565,0.127735
22,0.092713,32.814766,40.000000,1.000000,0.300000,0.772869
22,0.100000,36.055584,39.000000,0.713411,1.000000,0.286589
22,0.078111,93.946289,37.000000,1.000000,0.300000,0.918887
22,0.100000,42.250000,34.000000,1.000000,0.300000,0.700000
22,0.100000,16.937948,29.000000,0.628572,1.000000,0.371428
22,0.100000,39.302528,27.000000,0.300000,0.802050,0.897950
23,0.100000,103.500000,89.000000,1.000000,1.000000,0.000000
23,0.050000,46.750000,59.000000,1.000000,1.000000,0.500000
23,0.050000,66.750000,56.000000,1.000000,0.307162,1.192838
23,0.065311,65.754738,54.000000,1.000000,0.661411,0.685474
23,0.050000,96.750000,48.000000,1.000000,0.300000,1.200000
23,0.100000,63.500000,47.000000,1.000000,1.000000,0.000000
23,0.050000,36.750000,33.000000,1.000000,0.300000,1.200000
23,0.100000,26.819773,32.000000,0.699477,0.300000,1.000523
23,0.050000,29.707512,21.000000,0.300000,1.000000,1.200000
23,0.050000,29.707512,11.000000,0.300000,1.000000,1.200000
24,0.100000,65.000000,62.000000,1.000000,1.000000,0.000000
24,0.074975,56.253117,59.000000,0.999754,1.000000,0.250497
24,0.074975,36.254044,55.000000,0.999626,0.650002,0.600618
24,0.082641,65.867989,53.000000,1.000000,0.830797,0.342795
24,0.075020,46.249851,51.000000,0.999883,0.653541,0.596374
24,0.099985,76.390533,47.000000,0.849706,0.650034,0.500405
24,0.099956,75.002151,44.000000,1.000000,1.000000,0.000437
24,0.075024,76.248825,42.000000,1.000000,0.650381,0.599384
24,0.075039,48.416214,19.000000,0.649707,1.000000,0.599900
24,0.075029,18.413515,18.000000,0.650306,1.000000,0.599401
1,0.073393,107.024666,67.000000,0.774976,0.553645,0.000000
1,0.068454,67.028954,64.000000,0.801871,0.610426,0.133063
1,0.058671,76.667442,55.000000,0.917325,0.907360,0.643277
1,0.054169,57.051414,55.000000,0.898002,0.351500,0.517407
1,0.061139,36.880779,46.000000,0.869385,0.413884,0.356706
1,0.085895,47.826046,43.000000,0.612333,0.574024,0.308050
1,0.099218,38.398708,41.000000,0.488976,0.593218,0.583827
1,0.088206,38.737469,38.000000,0.460488,0.973991,0.882967
1,0.050628,69.478630,30.000000,0.390600,0.749109,0.807489
1,0.067311,39.419407,11.000000,0.357479,0.787789,0.712457
2,0.068454,77.249031,63.000000,0.801871,0.610426,0.000000
2,0.070868,57.249687,59.000000,0.788002,0.581619,0.066818
2,0.063545,57.062111,59.000000,0.860077,0.758485,0.255354
2,0.061380,57.230816,48.000000,0.849617,0.480422,0.248486
2,0.077241,37.586536,48.000000,0.707063,0.592739,0.200365
2,0.064838,77.166496,44.000000,0.836195,0.511496,0.169417
2,0.083827,37.817516,42.000000,0.645420,0.602232,0.318378
2,0.078277,78.047958,35.000000,0.631665,0.792391,0.450406
2,0.067820,68.577370,27.000000,0.579326,0.699354,0.317814
2,0.059564,28.677921,25.000000,0.595930,0.680379,0.364795
3,0.064771,74.363121,60.000000,0.826179,0.545447,0.000000
3,0.068454,54.388023,54.000000,0.801871,0.610426,0.126117
3,0.073486,55.200439,53.000000,0.715723,0.700100,0.352264
3,0.069614,54.398148,51.000000,0.794434,0.595643,0.130377
3,0.066621,94.317589,51.000000,0.817914,0.560014,0.041332
3,0.065886,94.205963,50.000000,0.830491,0.683384,0.153397
3,0.072878,54.722649,41.000000,0.753622,0.600812,0.208995
3,0.076074,34.918739,34.000000,0.723794,0.606799,0.276769
3,0.063861,6.029402,34.000000,0.698321,0.644620,0.236132
3,0.068120,25.844433,22.000000,0.691706,0.654995,0.277513
4,0.069115,107.263947,57.000000,0.795856,0.604875,0.000000
4,0.069614,97.253998,56.000000,0.794434,0.595643,0.015648
4,0.067279,37.235146,51.000000,0.810882,0.572261,0.066001
4,0.068090,67.228905,51.000000,0.806943,0.576960,0.049250
4,0.071235,27.343206,51.000000,0.772486,0.597527,0.051920
4,0.067493,67.221390,46.000000,0.811601,0.641641,0.068733
4,0.066711,47.690289,38.000000,0.744289,0.621089,0.091821
4,0.072782,47.365273,37.000000,0.761058,0.601659,0.074683
4,0.071646,37.446930,33.000000,0.755078,0.645877,0.107091
4,0.068632,37.618092,30.000000,0.745180,0.623239,0.073871
5,0.100000,95.074936,92.000000,0.750239,1.000000,0.000000
5,0.067279,76.129158,91.000000,0.810882,0.572261,0.815591
5,0.100000,71.250000,72.000000,1.000000,0.300000,0.949761
5,0.050000,115.625000,59.000000,1.000000,0.300000,1.449761
5,0.073241,49.423218,31.000000,0.300000,1.000000,0.717828
5,0.050000,39.606266,28.000000,0.300000,0.875699,1.074541
5,0.100000,29.212515,21.000000,0.300000,0.300000,1.150239
5,0.050000,29.606266,20.000000,0.300000,1.000000,0.950239
5,0.050000,39.606266,20.000000,0.300000,0.300000,1.650239
5,0.078358,29.382961,16.000000,0.300000,0.300000,1.366659
6,0.100000,69.500000,72.000000,1.000000,1.000000,0.000000
6,0.100000,29.500000,57.000000,1.000000,0.936274,0.063726
6,0.100000,49.500000,55.000000,1.000000,0.300000,0.700000
6,0.100000,41.946518,51.000000,0.875787,0.815923,0.308290
6,0.100000,99.500000,48.000000,1.000000,0.300000,0.700000
6,0.050000,54.750000,45.000000,1.000000,0.300000,1.200000
6,0.050000,64.750000,44.000000,1.000000,1.000000,0.500000
6,0.050000,44.750000,35.000000,1.000000,0.300000,1.200000
6,0.050000,24.750000,28.000000,1.000000,0.300000,1.200000
6,0.065347,49.382511,15.000000,0.300000,0.305210,1.741323
7,0.100000,120.750000,103.000000,1.000000,0.936274,0.000000
7,0.095965,151.123215,101.000000,1.000000,0.659918,0.316709
7,0.050000,105.375000,58.000000,1.000000,1.000000,0.563726
7,0.050000,55.375000,53.000000,1.000000,0.487271,0.949003
7,0.050000,35.375000,41.000000,1.000000,0.300000,1.136274
7,0.057133,29.159698,22.000000,0.398760,0.300000,1.666187
7,0.100000,10.750000,22.000000,1.000000,0.346269,0.590005
7,0.050000,9.583767,18.000000,0.300000,1.000000,1.263726
7,0.100000,19.167534,17.000000,0.300000,0.300000,1.336274
7,0.100000,19.167534,15.000000,0.300000,0.300000,1.336274
8,0.100000,63.500000,83.000000,1.000000,0.936274,0.000000
8,0.050000,96.750000,62.000000,1.000000,0.855239,0.581035
8,0.053233,56.539841,60.000000,1.000000,1.000000,0.531398
8,0.090965,124.087326,57.000000,1.000000,0.383964,0.642663
8,0.050000,66.750000,49.000000,1.000000,1.000000,0.563726
8,0.100000,83.500000,41.000000,1.000000,0.300000,0.636274
8,0.100000,26.598995,38.000000,0.723347,0.300000,0.912927
8,0.100000,29.027967,31.000000,0.386706,1.000000,0.677020
8,0.100000,9.414999,16.000000,0.300000,0.300000,1.336274
8,0.050000,9.651821,13.000000,0.327310,1.000000,1.236415
9,0.100000,83.500000,66.000000,1.000000,0.936274,0.000000
9,0.075008,55.124489,59.000000,1.000000,0.895965,0.290229
9,0.076596,75.021263,57.000000,0.999993,0.968490,0.266259
9,0.099976,33.501587,57.000000,1.000000,0.618376,0.318141
9,0.095503,103.796364,50.000000,0.999669,0.659682,0.321890
9,0.100000,35.169548,48.000000,0.862058,0.617729,0.456488
9,0.074961,35.127563,40.000000,1.000000,0.967711,0.281826
9,0.100000,66.873772,34.000000,0.693515,0.968233,0.338444
9,0.099993,27.252357,24.000000,0.650189,0.617796,0.668356
9,0.074976,37.853477,15.000000,0.663671,0.967996,0.618293
10,0.097691,45.603889,67.000000,1.000000,0.798330,0.000000
10,0.100000,55.500000,66.000000,1.000000,0.936274,0.161031
10,0.099915,126.103569,54.000000,0.930920,0.777720,0.111924
10,0.077420,77.560486,51.000000,0.836793,0.913762,0.481348
10,0.100000,75.500000,49.000000,1.000000,0.778199,0.043218
10,0.100000,46.773930,49.000000,0.846706,0.951964,0.330015
10,0.069990,37.973572,34.000000,0.802121,0.994892,0.671454
10,0.099916,36.940567,31.000000,0.824891,0.776328,0.219364
10,0.090036,39.493599,28.000000,0.353534,0.382731,1.138621
10,0.087560,27.268867,21.000000,0.832552,0.951355,0.421781
11,0.084987,84.311554,65.000000,0.900721,0.965692,0.000000
11,0.083864,64.377975,62.000000,0.901431,0.897136,0.080502
11,0.084968,34.311501,58.000000,0.900836,0.886145,0.079851
11,0.084959,85.231476,47.000000,0.824817,0.973400,0.083892
11,0.084966,94.735962,45.000000,0.866592,0.886222,0.113814
11,0.069990,6.284913,44.000000,0.802121,0.994892,0.277772
11,0.073643,35.920567,43.000000,0.819423,0.954684,0.205748
11,0.085002,45.352203,42.000000,0.814108,0.885280,0.167172
11,0.078788,65.664001,29.000000,0.816748,0.972760,0.153029
11,0.080071,37.796501,15.000000,0.577561,0.688432,0.649584
12,0.084933,116.363983,61.000000,0.862855,0.928428,0.000000
12,0.084968,56.035278,60.000000,0.900836,0.886145,0.080610
12,0.084790,56.053120,56.000000,0.899746,0.924171,0.042581
12,0.084615,66.044975,52.000000,0.901605,0.890845,0.079519
12,0.079229,26.640993,46.000000,0.858677,0.918788,0.070866
12,0.084867,46.410988,46.000000,0.857600,0.886897,0.047452
12,0.084806,56.193382,43.000000,0.883531,0.886326,0.064049
12,0.077301,46.775700,31.000000,0.851713,0.940748,0.099789
12,0.082474,47.398598,28.000000,0.740646,0.786056,0.289173
12,0.081880,46.529724,27.000000,0.858539,0.928686,0.035111
13,0.084615,125.357140,79.000000,0.901605,0.890845,0.000000
13,0.100000,63.250000,76.000000,1.000000,1.000000,0.361402
13,0.100000,134.219406,66.000000,0.925411,1.000000,0.286813
13,0.050000,16.625000,51.000000,1.000000,0.300000,1.035388
13,0.100000,43.250000,50.000000,1.000000,0.300000,0.843093
13,0.100000,83.250000,36.000000,1.000000,0.300000,0.843093
13,0.100000,29.392517,27.000000,0.300000,1.000000,0.864612
13,0.050000,19.696262,26.000000,0.300000,0.300000,1.538598
13,0.100000,39.392525,25.000000,0.300000,0.300000,1.346303
13,0.050000,8.783324,14.000000,0.600414,0.300000,1.238184
14,0.100000,62.750000,77.000000,1.000000,0.719260,0.000000
14,0.084615,45.013275,74.000000,0.901605,0.890845,0.423833
14,0.100000,62.750000,55.000000,1.000000,0.529895,0.189365
14,0.050000,86.375000,53.000000,1.000000,1.000000,0.780740
14,0.050000,46.375000,46.000000,1.000000,0.358634,0.860626
14,0.100000,88.110092,41.000000,0.510560,1.000000,0.770180
14,0.100000,66.909767,31.000000,0.652867,0.300000,0.766393
14,0.100000,19.347527,30.000000,0.300000,0.300000,1.119260
14,0.100000,59.347527,23.000000,0.300000,0.674385,0.744875
14,0.100000,29.347525,20.000000,0.300000,0.300000,1.119260
15,0.100000,83.500000,78.000000,1.000000,0.672817,0.000000
15,0.084615,85.529121,72.000000,0.901605,0.890845,0.470276
15,0.050000,116.750000,64.000000,1.000000,0.533094,0.639723
15,0.100000,93.500000,50.000000,1.000000,0.300000,0.372817
15,0.050000,17.004156,39.000000,0.960100,0.300000,0.912717
15,0.050000,36.750000,37.000000,1.000000,0.300000,0.872817
15,0.100000,19.415020,35.000000,0.300000,0.926049,0.953232
15,0.100000,69.415016,34.000000,0.300000,0.621244,0.751573
15,0.100000,29.415020,22.000000,0.300000,1.000000,1.027183
15,0.089848,18.404802,19.000000,0.522635,0.300000,0.951703
16,0.100000,113.000000,75.000000,1.000000,0.518759,0.000000
16,0.100000,103.000000,69.000000,1.000000,0.300000,0.218759
16,0.079206,94.455627,67.000000,1.000000,0.552196,0.241381
16,0.050000,86.500000,60.000000,1.000000,1.000000,0.981241
16,0.055655,16.104103,44.000000,1.000000,0.300000,0.662204
16,0.086086,53.973915,41.000000,1.000000,0.300000,0.357896
16,0.100000,27.950287,34.000000,0.541125,0.302103,0.675530
16,0.050000,29.685013,23.000000,0.300000,1.000000,1.681241
16,0.050000,19.685013,22.000000,0.300000,0.300000,1.418759
16,0.050000,19.685013,15.000000,0.300000,1.000000,1.681241
17,0.100000,84.003632,72.000000,0.999700,0.409406,0.000000
17,0.074969,35.504807,56.000000,0.999676,0.649933,0.490864
17,0.089595,84.627159,55.000000,0.999730,0.425860,0.120534
17,0.093035,44.417927,50.000000,1.000000,0.300000,0.179356
17,0.074994,38.096893,47.000000,0.650343,0.650025,0.840034
17,0.100000,74.000000,45.000000,1.000000,0.300000,0.109706
17,0.077802,65.331909,33.000000,1.000000,0.300076,0.331612
17,0.099981,76.438232,33.000000,0.770542,0.300883,0.337867
17,0.075034,18.095840,33.000000,0.650351,0.300000,0.708414
17,0.075023,38.096603,26.000000,0.650269,0.649697,0.839488
18,0.087479,94.865265,60.000000,0.884662,0.475491,0.000000
18,0.074969,54.380966,59.000000,0.999676,0.649933,0.414562
18,0.082313,73.831215,56.000000,0.999617,0.537333,0.228463
18,0.087543,33.434296,55.000000,1.000000,0.474877,0.116586
18,0.074979,76.171532,54.000000,0.825108,0.650168,0.359236
18,0.087438,23.451344,51.000000,0.999300,0.530204,0.169764
18,0.083995,103.700447,48.000000,1.000000,0.474641,0.151036
18,0.076382,34.271320,31.000000,1.000000,0.474464,0.227341
18,0.074953,36.174343,20.000000,0.824953,0.650102,0.359579
18,0.074960,16.174412,16.000000,0.824904,0.474490,0.185949
19,0.075848,106.061333,58.000000,0.911510,0.563568,0.000000
19,0.082078,45.439156,54.000000,0.942903,0.474224,0.183045
19,0.075678,45.270252,54.000000,0.999987,0.563552,0.090189
19,0.080082,74.994896,47.000000,1.000000,0.475866,0.218539
19,0.076382,55.226112,44.000000,1.000000,0.474464,0.182937
19,0.079542,35.030487,43.000000,0.999814,0.506435,0.182384
19,0.082005,94.874741,39.000000,1.000000,0.502716,0.210914
19,0.082148,34.880116,38.000000,0.998598,0.474260,0.239399
19,0.075665,26.049118,37.000000,0.914029,0.476005,0.091911
19,0.075611,36.055126,36.000000,0.913661,0.563898,0.004852
20,0.100000,94.000000,72.000000,1.000000,0.300000,0.000000
20,0.050000,77.000000,71.000000,1.000000,0.842044,1.042044
20,0.050000,67.000000,58.000000,1.000000,0.412581,0.612581
20,0.050000,67.294617,47.000000,0.949630,0.373312,0.623681
20,0.050000,78.012993,44.000000,0.813838,0.724762,1.110924
20,0.099234,17.453644,43.000000,0.653965,0.302895,0.356591
20,0.093901,48.420605,39.000000,0.529465,0.678931,0.910457
20,0.063876,29.091705,31.000000,0.486819,0.955186,1.529607
20,0.100000,59.460022,30.000000,0.300000,0.350130,0.750130
20,0.100000,39.422298,15.000000,0.310300,1.000000,1.389700
21,0.050000,86.250000,79.000000,1.000000,1.000000,0.000000
21,0.050000,47.516281,58.000000,0.813838,0.724762,0.461400
21,0.050000,36.250000,53.000000,1.000000,0.350326,0.649674
21,0.050000,56.250000,52.000000,1.000000,0.300000,0.700000
21,0.100000,82.500000,51.000000,1.000000,0.300000,1.200000
21,0.050000,57.231659,48.000000,0.859205,1.000000,0.140795
21,0.100000,109.325027,43.000000,0.300000,0.960022,1.239978
21,0.059215,48.791584,41.000000,0.521633,1.000000,0.570514
21,0.050000,39.462238,17.000000,0.378695,0.300000,1.321306
21,0.050000,9.662514,8.000000,0.300000,0.300000,1.400000
22,0.100000,76.250000,77.000000,1.000000,1.000000,0.000000
22,0.100000,56.250000,70.000000,1.000000,1.000000,0.000000
22,0.100000,86.981850,54.000000,0.897130,0.947280,0.155590
22,0.100000,56.250000,49.000000,1.000000,0.300000,0.700000
22,0.100000,46.250000,49.000000,1.000000,0.867523,0.132477
22,0.050000,58.125000,47.000000,1.000000,1.000000,0.500000
22,0.100000,96.250000,42.000000,1.000000,0.300000,0.700000
22,0.050000,48.125000,39.000000,1.000000,0.611780,0.888220
22,0.066935,29.774094,17.000000,0.300000,1.000000,1.030646
22,0.050000,19.831257,6.000000,0.300000,0.300000,1.900000
1,0.073845,104.169907,74.000000,0.877643,0.844630,0.000000
1,0.075967,93.917503,70.000000,0.883832,0.661716,0.210318
1,0.092556,91.930298,58.000000,0.922282,0.457654,0.618721
1,0.072195,64.703003,49.000000,0.846050,0.591443,0.301282
1,0.058731,46.952339,44.000000,0.711521,0.448234,0.713659
1,0.098274,33.991508,43.000000,0.772326,0.730744,0.463485
1,0.082132,38.022911,40.000000,0.484615,0.516856,0.803672
1,0.089704,33.762665,34.000000,0.823628,0.608216,0.449017
1,0.092017,38.726414,25.000000,0.367466,0.930404,0.777668
1,0.050224,8.991594,13.000000,0.442589,0.309046,1.206856
2,0.083144,65.790421,64.000000,0.900049,0.651493,0.000000
2,0.086030,56.345520,61.000000,0.824416,0.787671,0.240674
2,0.073845,66.445030,58.000000,0.877643,0.844630,0.308530
2,0.074847,76.367836,55.000000,0.881156,0.753497,0.203860
2,0.072982,56.614643,51.000000,0.861499,0.718180,0.206854
2,0.081806,16.296072,47.000000,0.851132,0.726022,0.136821
2,0.066255,77.386406,38.000000,0.794450,0.646402,0.279580
2,0.077986,77.741699,38.000000,0.680680,0.680572,0.300025
2,0.062066,18.308086,20.000000,0.660424,0.576729,0.525171
2,0.082878,57.994137,18.000000,0.622285,0.887352,0.516279
3,0.078466,44.104118,62.000000,0.889344,0.748334,0.000000
3,0.073845,64.596474,56.000000,0.877643,0.844630,0.154210
3,0.074465,94.532448,55.000000,0.879144,0.799637,0.101514
3,0.079900,74.500015,54.000000,0.851220,0.816314,0.120442
3,0.073351,64.727142,52.000000,0.869870,0.780920,0.103210
3,0.077906,64.482872,45.000000,0.863395,0.786296,0.069511
3,0.075826,75.638725,40.000000,0.778106,0.763740,0.153051
3,0.078235,5.831656,32.000000,0.748894,0.866552,0.260986
3,0.070098,45.343212,31.000000,0.836233,0.746285,0.138843
3,0.068018,16.173752,23.000000,0.769508,0.710453,0.262206
4,0.076370,96.870178,71.000000,0.883519,0.797450,0.000000
4,0.073920,47.020683,55.000000,0.876187,0.823701,0.058084
4,0.073845,47.013802,53.000000,0.877643,0.844630,0.078306
4,0.074918,87.292168,51.000000,0.829736,0.803400,0.074251
4,0.075634,76.978592,42.000000,0.872304,0.816097,0.037222
4,0.075876,37.376049,42.000000,0.811607,0.855581,0.134989
4,0.076715,67.002014,41.000000,0.862768,0.828892,0.055640
4,0.073768,77.030685,40.000000,0.875619,0.812619,0.049088
4,0.070928,7.463798,30.000000,0.825284,0.775355,0.134751
4,0.072151,27.222149,25.000000,0.856355,0.794265,0.072538
5,0.050000,106.250000,81.000000,1.000000,1.000000,0.000000
5,0.073920,85.743904,65.000000,0.876187,0.823701,0.539313
5,0.100000,82.500000,64.000000,1.000000,1.000000,0.500000
5,0.050000,96.250000,61.000000,1.000000,0.934430,0.065570
5,0.100000,22.500000,54.000000,1.000000,0.567019,0.932981
5,0.050000,56.250000,29.000000,1.000000,0.300000,0.700000
5,0.050000,28.798311,26.000000,0.566086,0.300000,1.133914
5,0.050000,39.662514,25.000000,0.300000,0.300000,1.400000
5,0.050000,8.289366,24.000000,0.675402,1.000000,0.324598
5,0.100000,39.325027,21.000000,0.300000,1.000000,1.200000
6,0.100000,113.500000,70.000000,1.000000,0.811072,0.000000
6,0.050000,106.750000,70.000000,1.000000,1.000000,0.688928
6,0.073920,96.311378,64.000000,0.876187,0.823701,0.397241
6,0.100000,43.500000,54.000000,1.000000,0.300000,0.511072
6,0.050000,28.295654,49.000000,0.724166,1.000000,0.964762
6,0.053592,46.516487,48.000000,1.000000,0.300000,0.975148
6,0.050000,28.201256,28.000000,0.743949,0.300000,1.267123
6,0.100000,39.415024,25.000000,0.300000,1.000000,0.888928
6,0.050000,26.750000,22.000000,1.000000,0.300000,1.011072
6,0.050000,39.707512,20.000000,0.300000,0.335852,1.675220
7,0.050000,65.250000,88.000000,1.000000,1.000000,0.000000
7,0.100000,123.227577,75.000000,0.844320,1.000000,0.655680
7,0.050000,65.250000,67.000000,1.000000,0.425283,0.574717
7,0.050000,37.509033,53.000000,0.724166,1.000000,0.275834
7,0.050000,95.906120,48.000000,0.928358,0.300000,0.771642
7,0.095842,69.180649,36.000000,0.300000,1.000000,1.158417
7,0.050000,29.422771,25.000000,0.348607,1.000000,0.651393
7,0.050000,39.572517,25.000000,0.300000,0.430777,1.269223
7,0.100000,39.145035,23.000000,0.300000,0.543097,1.656903
7,0.050000,9.572517,10.000000,0.300000,0.732930,0.967070
8,0.100000,148.750000,132.000000,1.000000,1.000000,0.000000
8,0.050000,105.500076,104.000000,0.894415,0.806791,0.798795
8,0.100000,28.987530,43.000000,0.300000,1.000000,0.700000
8,0.100000,38.987541,37.000000,0.300000,1.000000,0.700000
8,0.050000,59.493771,32.000000,0.300000,0.300000,1.900000
8,0.050000,59.493771,24.000000,0.300000,0.312253,1.887747
8,0.050000,49.493771,22.000000,0.300000,1.000000,1.200000
8,0.050000,9.493771,20.000000,0.300000,1.000000,1.200000
8,0.050000,39.493771,19.000000,0.300000,0.300000,1.900000
8,0.050000,39.493771,17.000000,0.300000,0.430777,1.769223
9,0.075012,95.089500,104.000000,0.649886,0.650074,0.000000
9,0.050028,97.238541,60.000000,0.596748,0.553394,0.399660
9,0.050014,69.302292,49.000000,0.300000,0.650414,0.600202
9,0.050033,39.301773,42.000000,0.300066,0.364924,0.884760
9,0.074990,38.953911,40.000000,0.300000,0.650449,0.350479
9,0.050000,69.301231,35.000000,0.300295,0.300000,0.949784
9,0.050000,59.302528,35.000000,0.300000,0.305734,0.944344
9,0.050000,39.302528,31.000000,0.300000,0.300000,0.950078
9,0.075017,48.953541,30.000000,0.300000,0.649620,0.350391
9,0.050035,29.300400,24.000000,0.300342,0.649738,0.599654
10,0.062458,87.030212,80.000000,0.623021,0.601080,0.000000
10,0.050028,97.817581,60.000000,0.596748,0.553394,0.198266
10,0.062475,48.458298,48.000000,0.448820,0.601815,0.175102
10,0.050000,58.767044,46.000000,0.448667,0.426735,0.473283
10,0.062599,88.459854,41.000000,0.448142,0.601641,0.176845
10,0.050043,58.770081,40.000000,0.447908,0.430136,0.470207
10,0.050000,38.765781,37.000000,0.448886,0.426357,0.473441
10,0.050033,38.770309,36.000000,0.447917,0.601779,0.300055
10,0.050000,28.769037,35.000000,0.448305,0.602070,0.300288
10,0.050076,38.764252,27.000000,0.448838,0.458910,0.440178
11,0.091861,65.757866,78.000000,0.827133,0.621615,0.000000
11,0.088019,58.126099,61.000000,0.561605,0.681909,0.364243
11,0.056289,88.959045,54.000000,0.523424,0.576630,0.704410
11,0.050028,78.797462,49.000000,0.596748,0.553394,0.716938
11,0.050000,59.081997,45.000000,0.521531,0.578644,0.767182
11,0.068631,67.511841,42.000000,0.732860,0.397419,0.550765
11,0.050050,39.077164,37.000000,0.522644,0.491846,0.852368
11,0.050000,49.079918,33.000000,0.522137,0.505323,0.839897
11,0.050104,29.074110,27.000000,0.523233,0.577115,0.765967
11,0.050007,49.078175,24.000000,0.522593,0.489424,0.855273
12,0.089905,97.398438,71.000000,0.694462,0.651223,0.000000
12,0.078360,78.031799,58.000000,0.647008,0.539860,0.274266
12,0.088019,68.334305,54.000000,0.561605,0.681909,0.182403
12,0.072142,58.727509,51.000000,0.542199,0.629721,0.351399
12,0.069082,58.784454,46.000000,0.541542,0.586673,0.425702
12,0.069091,48.778679,46.000000,0.542793,0.629570,0.381463
12,0.069076,38.787003,39.000000,0.540993,0.629905,0.383073
12,0.069009,58.785919,32.000000,0.541498,0.593121,0.420020
12,0.068977,48.786194,31.000000,0.541556,0.585192,0.428218
12,0.069011,28.611742,22.000000,0.579024,0.617685,0.357911
13,0.083240,107.497910,69.000000,0.603615,0.610303,0.000000
13,0.078360,97.293724,56.000000,0.647008,0.539860,0.162638
13,0.084235,86.864990,55.000000,0.671650,0.595399,0.092888
13,0.073679,37.858452,46.000000,0.593554,0.564162,0.151810
13,0.073673,57.841118,46.000000,0.595982,0.583891,0.129718
13,0.073552,17.853535,41.000000,0.594756,0.562904,0.153140
13,0.073811,57.843491,40.000000,0.595092,0.583926,0.129191
13,0.075135,57.804703,37.000000,0.595108,0.583809,0.116053
13,0.073749,17.851585,34.000000,0.594224,0.567564,0.147040
13,0.073595,37.711159,26.000000,0.613981,0.577765,0.139358
14,0.078878,46.835632,53.000000,0.633381,0.580128,0.000000
14,0.083681,76.610443,52.000000,0.636435,0.603701,0.074656
14,0.078881,66.852982,52.000000,0.631639,0.580511,0.002160
14,0.081143,36.489258,48.000000,0.657773,0.567598,0.059571
14,0.079109,56.804810,45.000000,0.635530,0.588677,0.013015
14,0.079072,46.830292,44.000000,0.633138,0.588259,0.010317
14,0.084235,56.200089,43.000000,0.671650,0.595399,0.107114
14,0.079175,86.849991,41.000000,0.630750,0.581000,0.006475
14,0.078722,66.756332,37.000000,0.641897,0.585850,0.015799
14,0.079730,26.799622,35.000000,0.633562,0.588790,0.017369
15,0.100000,94.250000,95.000000,1.000000,1.000000,0.000000
15,0.100000,134.250000,77.000000,1.000000,0.948442,0.051558
15,0.100000,34.250000,61.000000,1.000000,1.000000,0.000000
15,0.079072,88.177383,50.000000,0.633138,0.588259,0.987881
15,0.100000,29.482521,37.000000,0.300000,1.000000,0.700000
15,0.100000,48.824150,34.000000,0.452211,0.300000,1.247789
15,0.100000,29.482515,32.000000,0.300000,1.000000,0.700000
15,0.079141,69.590439,28.000000,0.300000,0.340059,1.568529
15,0.100000,39.482517,26.000000,0.300000,0.919445,0.780555
15,0.050000,9.741261,10.000000,0.300000,1.000000,1.200000
16,0.100000,123.064430,92.000000,0.961632,1.000000,0.000000
16,0.100000,72.500000,70.000000,1.000000,0.300000,0.738368
16,0.100000,102.500000,70.000000,1.000000,1.000000,0.038368
16,0.078148,45.281364,45.000000,0.897264,0.300000,0.982890
16,0.050000,96.250000,44.000000,1.000000,0.300000,1.238368
16,0.100000,29.325024,32.000000,0.300000,0.919445,0.742187
16,0.100000,29.325027,32.000000,0.300000,0.949793,0.711839
16,0.050000,29.058893,24.000000,0.500966,0.472681,1.487985
16,0.050000,9.662514,23.000000,0.300000,0.630433,1.531199
16,0.100000,29.325027,18.000000,0.300000,0.746662,0.914971
17,0.100000,132.750000,96.000000,1.000000,0.516982,0.000000
17,0.100000,102.750000,69.000000,1.000000,0.300000,0.216982
17,0.050000,66.375000,66.000000,1.000000,1.000000,0.983018
17,0.100000,66.218353,55.000000,0.722223,0.968335,0.729130
17,0.050000,38.002293,54.000000,0.742360,0.300000,0.974622
17,0.050000,28.991425,33.000000,0.527470,0.779056,1.234604
17,0.100000,59.347527,30.000000,0.300000,1.000000,1.183018
17,0.100000,29.347527,20.000000,0.300000,0.300000,0.916982
17,0.050000,39.673763,17.000000,0.300000,0.300000,1.416982
17,0.050000,9.673763,10.000000,0.300000,0.300000,1.416982
18,0.100000,173.250000,123.000000,1.000000,1.000000,0.000000
18,0.100000,83.250000,64.000000,1.000000,0.300000,0.700000
18,0.100000,55.427860,54.000000,0.823017,0.300000,0.876983
18,0.100000,63.250000,46.000000,1.000000,0.300000,0.700000
18,0.085364,58.771248,35.000000,0.461787,1.000000,0.684578
18,0.100000,39.392525,33.000000,0.300000,1.000000,0.700000
18,0.100000,7.153944,30.000000,0.649336,0.300000,1.050664
18,0.100000,39.392517,28.000000,0.300000,0.796455,0.903545
18,0.100000,29.392525,19.000000,0.300000,0.300000,1.400000
18,0.050000,19.696262,18.000000,0.300000,1.000000,1.200000
19,0.099975,95.431549,80.000000,0.911499,0.649780,0.000000
19,0.099997,65.431458,61.000000,0.911410,0.300000,0.350091
19,0.099993,15.428947,55.000000,0.911679,0.300000,0.350140
19,0.100000,36.274548,51.000000,0.823017,0.300000,0.438511
19,0.099975,88.263809,44.000000,0.561908,0.650216,0.350029
19,0.092724,57.895187,41.000000,0.642439,0.650034,0.341826
19,0.100000,48.263962,40.000000,0.561824,0.548242,0.451463
19,0.099961,68.266113,28.000000,0.561585,0.300000,0.699833
19,0.100000,37.018196,26.000000,0.736308,0.300000,0.525221
19,0.075002,58.698334,24.000000,0.561741,0.649871,0.599582
20,0.099941,103.772346,74.000000,0.911509,0.475636,0.000000
20,0.099957,85.934402,52.000000,0.736415,0.423614,0.227273
20,0.099959,43.781151,51.000000,0.910783,0.300000,0.176536
20,0.099997,53.770180,49.000000,0.911410,0.300000,0.176297
20,0.096317,55.634445,49.000000,0.777388,0.474833,0.171169
20,0.099984,35.936485,44.000000,0.736129,0.475835,0.176013
20,0.099983,55.933098,44.000000,0.736442,0.300095,0.351032
20,0.087509,46.444664,36.000000,0.736010,0.474229,0.301227
20,0.099994,54.360924,27.000000,0.867134,0.300508,0.220035
20,0.100000,14.905826,24.000000,0.824152,0.300742,0.262841
21,0.077037,84.436989,65.000000,0.908451,0.617938,0.000000
21,0.099771,74.086105,55.000000,0.823061,0.448888,0.481783
21,0.100000,45.237541,53.000000,0.737756,0.360427,0.657840
21,0.099803,84.084229,52.000000,0.823060,0.361549,0.569441
21,0.099834,25.255230,48.000000,0.736996,0.449078,0.568291
21,0.093577,75.579292,45.000000,0.734787,0.448199,0.508803
21,0.099858,74.672264,41.000000,0.780860,0.360922,0.612821
21,0.055583,58.011703,38.000000,0.639382,0.719814,0.585477
21,0.099844,14.369842,28.000000,0.802776,0.361075,0.590613
21,0.050774,19.588308,25.000000,0.304408,0.750495,0.999222
22,0.088507,86.182655,74.000000,0.866080,0.533349,0.000000
22,0.099795,26.509298,55.000000,0.779953,0.403869,0.328484
22,0.099771,66.113724,54.000000,0.823061,0.448888,0.240118
22,0.099820,66.107239,46.000000,0.823542,0.405292,0.283720
22,0.099709,26.519564,45.000000,0.779141,0.449117,0.283186
22,0.096768,86.626968,45.000000,0.778600,0.448310,0.255122
22,0.077617,67.611786,40.000000,0.731514,0.584496,0.294615
22,0.099827,56.309120,38.000000,0.801877,0.404632,0.306121
22,0.099709,46.218578,29.000000,0.812135,0.404130,0.295179
22,0.075311,38.621735,24.000000,0.564157,0.599301,0.499842
23,0.099795,54.384468,60.000000,0.779953,0.403869,0.000000
23,0.099592,54.399414,58.000000,0.779711,0.427202,0.025609
23,0.094167,94.110893,57.000000,0.822257,0.468580,0.163293
23,0.098262,84.488617,46.000000,0.778693,0.424743,0.037463
23,0.099708,34.212116,46.000000,0.792179,0.403294,0.013667
23,0.099628,94.097961,43.000000,0.800272,0.425499,0.043623
23,0.099702,14.050507,41.000000,0.803188,0.405590,0.025887
23,0.087346,66.364418,36.000000,0.670798,0.500089,0.329861
23,0.088704,25.329763,32.000000,0.754444,0.494660,0.227213
23,0.099859,24.143450,31.000000,0.796267,0.403545,0.017273
24,0.069921,115.979507,69.000000,1.000000,0.300000,0.000000
24,0.050000,107.125000,60.000000,1.000000,1.000000,0.899206
24,0.050000,77.125000,60.000000,1.000000,1.000000,0.899206
24,0.099795,26.509298,55.000000,0.779953,0.403869,0.622659
24,0.074836,45.696911,48.000000,1.000000,0.300000,0.049155
24,0.100000,74.250000,43.000000,1.000000,0.300000,0.300794
24,0.050000,17.125000,39.000000,1.000000,1.000000,0.899206
24,0.100000,47.409359,32.000000,0.671225,0.928542,1.258111
24,0.050000,37.957897,29.000000,0.842795,0.514412,0.570822
24,0.050000,19.231722,15.000000,0.516939,0.808803,1.191070
25,0.100000,61.250000,84.000000,1.000000,0.300000,0.000000
25,0.050000,135.625000,84.000000,1.000000,1.000000,1.200000
25,0.050000,75.884552,69.000000,0.969883,1.000000,1.230117
25,0.100000,61.250000,55.000000,1.000000,0.300000,0.000000
25,0.100000,38.981285,37.000000,0.341212,0.766104,1.124892
25,0.100000,59.212532,37.000000,0.300000,1.000000,1.400000
25,0.067444,59.468880,31.000000,0.300000,0.372228,1.097790
25,0.100000,39.212532,24.000000,0.300000,0.300000,0.700000
25,0.064271,19.341309,15.000000,0.342230,1.000000,1.715057
25,0.100000,19.212517,14.000000,0.300000,1.000000,1.400000
26,0.085196,112.971336,92.000000,1.000000,0.881688,0.000000
26,0.100000,91.750000,76.000000,1.000000,1.000000,0.266352
26,0.100000,91.750000,62.000000,1.000000,0.300000,0.729728
26,0.100000,31.750000,55.000000,1.000000,0.300000,0.729728
26,0.100000,47.019154,43.000000,0.601098,0.300000,1.128629
26,0.050000,49.628765,32.000000,0.300000,1.000000,1.170272
26,0.100000,67.811073,26.000000,0.515101,0.300000,1.214627
26,0.050000,39.243935,25.000000,0.428118,0.802781,1.002748
26,0.100000,12.107278,22.000000,0.978107,1.000000,0.288245
26,0.050000,9.628765,17.000000,0.300000,1.000000,1.170272
27,0.100000,122.250000,95.000000,1.000000,1.000000,0.000000
27,0.100000,112.250000,92.000000,1.000000,0.473531,0.526469
27,0.100000,52.250000,65.000000,1.000000,0.300000,0.700000
27,0.050000,37.716839,44.000000,0.767599,1.000000,0.732401
27,0.100000,59.302528,37.000000,0.300000,1.000000,0.700000
27,0.100000,26.939781,34.000000,0.628382,0.300000,1.071618
27,0.054049,39.623001,28.000000,0.300000,0.707593,1.451915
27,0.100000,47.943665,21.000000,0.515101,0.300000,1.184899
27,0.061898,39.568249,18.000000,0.300000,0.300000,1.781016
27,0.050000,29.651264,16.000000,0.300000,0.300000,1.900000
28,0.099965,75.001724,72.000000,1.000000,0.736425,0.000000
28,0.099974,45.001297,65.000000,1.000000,0.386643,0.349869
28,0.100000,75.000000,64.000000,1.000000,0.473531,0.263241
28,0.099983,86.687775,52.000000,0.813977,0.386558,0.536063
28,0.074990,47.073139,44.000000,0.883514,0.736784,0.366598
28,0.077059,38.372498,36.000000,0.649928,0.590519,0.725044
28,0.099978,67.129211,34.000000,0.757813,0.386981,0.591763
28,0.099975,57.886353,32.000000,0.650260,0.737104,0.350518
28,0.080981,28.287773,28.000000,0.650288,0.386602,0.889384
28,0.075007,48.414524,23.000000,0.650202,0.386939,0.948871
29,0.099892,74.757240,76.000000,0.999849,0.561987,0.000000
29,0.099974,84.751411,58.000000,1.000000,0.386643,0.176320
29,0.099958,85.686310,54.000000,0.906641,0.386593,0.269269
29,0.099930,64.753670,47.000000,1.000000,0.430485,0.132039
29,0.087561,45.928406,46.000000,0.941123,0.562166,0.182210
29,0.088553,26.830582,42.000000,0.825676,0.488816,0.360733
29,0.100000,85.941696,40.000000,0.879206,0.386400,0.297313
29,0.099929,56.429306,38.000000,0.824996,0.561408,0.175809
29,0.087490,6.876224,26.000000,0.824672,0.386659,0.474522
29,0.090509,26.765533,23.000000,0.825042,0.386581,0.444036
30,0.099812,61.767544,63.000000,0.999881,0.473935,0.000000
30,0.100000,51.750000,52.000000,1.000000,0.409339,0.066599
30,0.100000,103.136017,52.000000,0.912133,0.472835,0.090731
30,0.099987,22.499268,49.000000,0.953570,0.385163,0.136840
30,0.094249,93.534851,47.000000,0.911848,0.439193,0.178405
30,0.099974,21.752140,45.000000,1.000000,0.386643,0.089035
30,0.093682,22.723469,42.000000,0.970303,0.472946,0.091862
30,0.095214,83.448364,42.000000,0.913268,0.387783,0.218739
30,0.099896,52.729008,33.000000,0.939277,0.386003,0.149383
30,0.093567,13.572137,25.000000,0.912522,0.385349,0.238386
31,0.099820,62.180267,63.000000,0.974452,0.395302,0.000000
31,0.100000,101.791039,62.000000,0.997511,0.400727,0.030279
31,0.100000,101.750000,54.000000,1.000000,0.409339,0.041380
31,0.097813,12.579124,54.000000,0.958965,0.397246,0.037508
31,0.099727,52.225956,54.000000,0.972056,0.396105,0.004135
31,0.097397,52.649071,50.000000,0.956471,0.424048,0.070962
31,0.099047,36.911819,47.000000,0.614753,0.900349,0.872476
31,0.087166,97.150169,45.000000,0.629527,0.938872,1.015040
31,0.069035,9.404375,12.000000,0.323386,0.339256,1.014965
31,0.096606,12.729071,9.000000,0.955139,0.396470,0.052631
32,0.098502,105.642982,69.000000,0.964997,0.409950,0.000000
32,0.097397,55.767647,59.000000,0.956471,0.424048,0.033671
32,0.098482,75.657051,53.000000,0.963533,0.410783,0.002495
32,0.098610,35.526646,50.000000,0.977262,0.412131,0.015527
32,0.098776,65.508621,49.000000,0.978403,0.416665,0.022861
32,0.092195,27.243397,48.000000,0.793388,0.682155,0.506880
32,0.097591,85.753326,47.000000,0.957128,0.411485,0.018508
32,0.098122,57.127720,42.000000,0.785025,0.661216,0.435033
32,0.083184,28.384619,18.000000,0.639396,0.380859,0.507872
32,0.096898,25.800226,15.000000,0.955230,0.411083,0.026932
33,0.097847,74.582123,67.000000,0.960648,0.417703,0.000000
33,0.097397,134.653793,64.000000,0.956471,0.424048,0.015021
33,0.094922,105.658020,59.000000,0.873145,0.553566,0.252613
33,0.097362,44.660187,53.000000,0.956077,0.419526,0.011239
33,0.097726,64.608627,48.000000,0.958891,0.416548,0.004118
33,0.097700,25.564318,46.000000,0.869876,0.543567,0.218109
33,0.097895,44.498505,36.000000,0.967798,0.421978,0.011902
33,0.097950,34.501869,34.000000,0.967231,0.416085,0.009230
33,0.090138,6.565359,23.000000,0.796913,0.403362,0.255165
33,0.097065,14.684412,20.000000,0.955365,0.417157,0.013653
34,0.100000,180.000000,99.000000,1.000000,0.828427,0.000000
34,0.097397,71.089783,71.000000,0.956471,0.424048,0.473938
34,0.100000,90.000000,55.000000,1.000000,0.300000,0.528427
34,0.100000,23.341599,51.000000,0.815989,0.300000,0.712438
34,0.100000,57.109840,39.000000,0.537598,0.300000,0.990830
34,0.050000,35.000000,39.000000,1.000000,0.300000,1.028427
34,0.100000,47.682480,32.000000,0.481411,1.000000,0.690162
34,0.100000,0.000000,26.000000,1.000000,0.609121,0.219306
34,0.100000,29.100033,20.000000,0.300000,0.852436,0.724009
34,0.100000,9.099998,18.000000,0.300000,1.000000,0.871573
35,0.100000,124.000000,73.000000,1.000000,0.499893,0.000000
35,0.050000,67.000000,72.000000,1.000000,0.300000,0.699893
35,0.050000,87.000000,69.000000,1.000000,0.383537,0.616356
35,0.100000,134.000000,56.000000,1.000000,0.300000,0.199893
35,0.100000,26.004959,52.000000,0.815989,0.300000,0.383904
35,0.100000,34.000000,33.000000,1.000000,0.300000,0.199893
35,0.088400,37.617615,29.000000,0.670201,0.300000,0.645695
35,0.100000,4.000000,23.000000,1.000000,0.300000,0.199893
35,0.100000,39.460018,22.000000,0.300000,0.300000,0.899893
35,0.100000,9.459999,21.000000,0.300000,0.300000,0.899893
36,0.050000,87.000000,69.000000,1.000000,0.383537,0.000000
36,0.100000,114.000000,65.000000,1.000000,0.300000,0.583537
36,0.100000,54.000000,56.000000,1.000000,0.300000,0.583537
36,0.057610,77.637405,50.000000,0.826736,0.300000,0.332904
36,0.082346,75.059258,50.000000,1.000000,0.300000,0.406998
36,0.050000,47.000000,48.000000,1.000000,0.300000,0.083537
36,0.050000,17.000000,47.000000,1.000000,0.300000,0.083537
36,0.050000,18.156769,29.000000,0.783844,0.300000,0.299693
36,0.050000,69.081848,27.000000,0.553226,0.300000,0.530311
36,0.050000,9.730011,9.000000,0.300000,0.903392,1.219855
37,0.100000,40.500000,80.000000,1.000000,0.504726,0.000000
37,0.100000,60.500000,74.000000,1.000000,1.000000,0.495274
37,0.050000,75.250000,67.000000,1.000000,0.383537,0.621189
37,0.100000,90.500000,48.000000,1.000000,0.351916,0.152810
37,0.080909,102.313721,47.000000,1.000000,0.300000,0.395641
37,0.050000,69.272842,38.000000,0.391275,0.300000,1.313452
37,0.100000,66.985367,37.000000,0.563325,0.696366,0.628315
37,0.100000,19.145035,27.000000,0.300000,1.000000,1.195274
37,0.050000,19.159458,23.000000,0.420664,0.300000,1.284062
37,0.050000,5.576555,9.000000,0.965014,1.000000,1.030260
38,0.099968,85.727753,66.000000,0.781354,0.524162,0.000000
38,0.100000,75.726471,65.000000,0.781352,0.600297,0.076458
38,0.100000,65.719131,62.000000,0.782019,0.848334,0.325158
38,0.090451,46.132263,54.000000,0.781577,0.498533,0.121020
38,0.100000,57.778641,42.000000,0.563325,0.696366,0.390555
38,0.074969,66.793739,36.000000,0.781642,0.539697,0.265811
38,0.074964,76.937683,35.000000,0.763925,0.848197,0.591500
38,0.075018,38.802635,33.000000,0.477509,0.497928,0.579573
38,0.074969,28.729851,30.000000,0.491967,0.498253,0.565283
38,0.100000,28.696098,27.000000,0.431590,0.848273,0.674197
39,0.087485,74.354057,64.000000,0.672962,0.617810,0.000000
39,0.099921,63.550240,59.000000,0.673034,0.648891,0.155514
39,0.095208,63.859558,58.000000,0.672750,0.597735,0.097525
39,0.087536,74.518814,57.000000,0.662890,0.772097,0.164875
39,0.100000,43.558189,50.000000,0.672351,0.609787,0.133788
39,0.100000,33.551445,44.000000,0.672706,0.771926,0.279527
39,0.100000,75.477951,43.000000,0.563325,0.696366,0.313348
39,0.087491,66.522209,29.000000,0.528159,0.597124,0.165554
39,0.087491,36.621651,25.000000,0.520556,0.596952,0.173329
39,0.099973,16.464897,21.000000,0.498141,0.772532,0.454424
40,0.100000,87.058502,66.000000,0.672706,0.771926,0.000000
40,0.093792,67.289963,55.000000,0.666725,0.771700,0.068289
40,0.100000,77.067780,54.000000,0.671644,0.691202,0.081785
40,0.100000,87.521240,48.000000,0.617532,0.732746,0.094354
40,0.093668,77.234406,47.000000,0.673973,0.694511,0.142000
40,0.100000,47.056969,47.000000,0.672882,0.711338,0.060764
40,0.097674,37.137589,38.000000,0.671463,0.684606,0.111826
40,0.093838,47.831169,37.000000,0.596306,0.683048,0.226900
40,0.093772,17.798306,32.000000,0.601014,0.684176,0.221724
40,0.099919,27.774302,26.000000,0.585401,0.771554,0.088484
41,0.080333,86.407059,76.000000,0.970354,0.671418,0.000000
41,0.099784,77.856293,52.000000,0.672518,0.731630,0.552558
41,0.096680,68.139847,49.000000,0.636443,0.728800,0.554766
41,0.099899,68.029869,45.000000,0.644345,0.754863,0.605115
41,0.077703,37.773224,42.000000,0.776731,0.850769,0.399271
41,0.096745,67.951202,42.000000,0.667710,0.770212,0.565551
41,0.083846,28.168776,41.000000,0.678082,0.462331,0.536486
41,0.096579,37.913818,37.000000,0.674357,0.731604,0.518642
41,0.099707,68.133224,34.000000,0.627824,0.770503,0.635353
41,0.098808,37.866669,32.000000,0.674193,0.729286,0.538780
42,0.088584,86.859253,68.000000,0.802892,0.699776,0.000000
42,0.098147,107.843338,63.000000,0.632081,0.749003,0.315669
42,0.087114,47.619446,54.000000,0.704875,0.790803,0.203741
42,0.098059,67.695305,49.000000,0.653702,0.730326,0.274488
42,0.096881,67.728004,44.000000,0.652985,0.748345,0.281452
42,0.096680,47.846107,43.000000,0.636443,0.728800,0.276439
42,0.097925,67.684731,38.000000,0.655647,0.729406,0.270289
42,0.090270,17.866337,35.000000,0.655554,0.596440,0.267534
42,0.096547,37.722385,32.000000,0.654926,0.729782,0.257598
42,0.098330,27.789793,24.000000,0.639284,0.740382,0.301674
43,0.093278,57.704208,58.000000,0.719832,0.722914,0.000000
43,0.097529,68.135315,53.000000,0.634435,0.740847,0.145839
43,0.097713,58.082932,52.000000,0.642679,0.747262,0.145848
43,0.098113,108.128304,49.000000,0.633731,0.745955,0.157491
43,0.097244,28.099014,45.000000,0.641525,0.742513,0.137560
43,0.098147,58.137428,44.000000,0.632081,0.749003,0.162526
43,0.097940,38.066833,41.000000,0.644625,0.737358,0.136269
43,0.097985,58.060520,41.000000,0.645532,0.737242,0.135697
43,0.092381,68.029770,38.000000,0.670070,0.768682,0.104504
43,0.093967,38.146641,29.000000,0.644386,0.672396,0.132847
44,0.100000,105.163574,77.000000,0.777528,1.000000,0.000000
44,0.100000,72.000000,76.000000,1.000000,1.000000,0.222472
44,0.097529,26.859497,47.000000,0.634435,0.740847,0.426953
44,0.100000,42.000000,47.000000,1.000000,0.300000,0.922472
44,0.100000,56.658821,44.000000,0.646252,0.496654,0.634622
44,0.100000,102.000000,42.000000,1.000000,0.300000,0.922472
44,0.100000,69.280029,37.000000,0.300000,1.000000,0.477528
44,0.100000,36.300171,36.000000,0.680053,0.765816,0.331659
44,0.050000,38.878639,30.000000,0.529476,1.000000,0.748052
44,0.050000,9.640015,14.000000,0.300000,1.000000,0.977528
45,0.100000,119.300522,96.000000,0.997646,1.000000,0.000000
45,0.100000,129.250000,95.000000,1.000000,1.000000,0.002354
45,0.100000,59.353012,72.000000,0.995199,0.300000,0.702448
45,0.050000,37.912201,47.000000,0.623240,0.300000,1.574406
45,0.050000,58.493191,41.000000,0.529476,1.000000,0.968170
45,0.050000,39.379120,29.000000,0.339886,0.325911,1.831849
45,0.100000,49.032532,24.000000,0.300000,0.908391,0.789255
45,0.100000,28.528551,24.000000,0.369976,0.300000,1.327670
45,0.100000,19.032537,13.000000,0.300000,1.000000,0.697646
45,0.050000,19.516270,9.000000,0.300000,1.000000,1.197646
46,0.100000,120.000000,102.000000,1.000000,1.000000,0.000000
46,0.093978,130.602188,99.000000,1.000000,0.509884,0.550336
46,0.050000,35.290985,58.000000,0.970468,0.300000,1.229532
46,0.050000,39.550018,37.000000,0.300000,1.000000,1.200000
46,0.050000,89.320930,37.000000,0.368544,0.327406,1.804049
46,0.100000,49.100033,32.000000,0.300000,0.571251,1.128749
46,0.050000,19.550018,31.000000,0.300000,0.300000,1.900000
46,0.050000,19.422379,27.000000,0.339886,0.325911,1.834203
46,0.050000,49.550018,19.000000,0.300000,1.000000,1.200000
46,0.050000,19.550018,8.000000,0.300000,1.000000,1.200000
47,0.100000,113.000000,106.000000,1.000000,0.894919,0.000000
47,0.100000,104.593193,69.000000,0.878867,0.695204,0.320848
47,0.050000,76.500000,66.000000,1.000000,1.000000,0.605081
47,0.100000,88.289734,53.000000,0.494288,0.300000,1.100631
47,0.050000,16.500000,49.000000,1.000000,0.300000,1.094918
47,0.050000,39.595669,29.000000,0.339886,0.325911,1.729121
47,0.100000,49.370026,23.000000,0.300000,0.300000,1.294919
47,0.100000,39.370026,21.000000,0.300000,0.300000,1.294919
47,0.050000,29.685013,18.000000,0.300000,1.000000,1.305081
47,0.050000,19.685013,16.000000,0.300000,0.674477,1.420441
48,0.074978,77.392273,94.000000,0.669903,0.610298,0.000000
48,0.074960,117.845390,69.000000,0.608995,0.510229,0.161150
48,0.050000,28.259773,52.000000,0.670142,0.662665,0.302383
48,0.050000,79.604301,43.000000,0.319564,0.662867,0.652684
48,0.050028,38.259502,39.000000,0.670013,0.313214,0.546688
48,0.075040,28.989388,37.000000,0.416862,0.312886,0.551078
48,0.050018,79.602600,36.000000,0.320193,0.499875,0.709733
48,0.050000,49.552372,31.000000,0.339886,0.325911,0.864179
48,0.075040,19.403519,28.000000,0.320256,0.312959,0.647608
48,0.075017,69.405884,21.000000,0.319675,0.313343,0.647576
49,0.074960,107.428375,67.000000,0.608995,0.510229,0.000000
49,0.075024,57.156380,62.000000,0.640122,0.559795,0.081330
49,0.062568,67.628777,58.000000,0.640095,0.411665,0.253584
49,0.062414,67.640358,55.000000,0.639312,0.586859,0.232409
49,0.075072,48.175591,49.000000,0.512562,0.411095,0.196687
49,0.062446,78.756042,39.000000,0.464056,0.505476,0.274835
49,0.075040,38.502449,35.000000,0.464494,0.411539,0.243990
49,0.062533,28.755959,34.000000,0.463764,0.587078,0.346350
49,0.074964,38.509380,28.000000,0.463649,0.412364,0.243247
49,0.062399,48.699795,23.000000,0.474617,0.418572,0.351651
50,0.074856,67.959267,61.000000,0.624063,0.535164,0.000000
50,0.074960,38.053913,59.000000,0.608995,0.510229,0.041047
50,0.068731,98.124542,55.000000,0.624358,0.460973,0.135738
50,0.074897,88.496521,48.000000,0.535513,0.460335,0.163787
50,0.068765,68.611877,45.000000,0.537010,0.508387,0.174734
50,0.068792,68.125511,40.000000,0.623907,0.547451,0.073078
50,0.074930,58.355221,40.000000,0.559980,0.459274,0.140714
50,0.074836,18.488029,36.000000,0.537239,0.459873,0.162315
50,0.068771,58.581100,36.000000,0.542914,0.463206,0.213957
50,0.068753,18.608299,30.000000,0.537749,0.549386,0.161566
51,0.050619,46.219391,71.000000,0.923889,0.868878,0.000000
51,0.061029,85.372658,63.000000,0.930876,0.923745,0.165954
51,0.074638,57.523705,52.000000,0.615770,0.523170,0.894013
51,0.071989,67.899849,44.000000,0.577410,0.487475,0.941578
51,0.075111,77.863174,44.000000,0.570209,0.483356,0.984113
51,0.087210,45.984692,41.000000,0.725391,0.837864,0.595414
51,0.071796,37.922825,40.000000,0.575014,0.531926,0.897597
51,0.071542,97.612450,40.000000,0.617581,0.484487,0.899924
51,0.072184,27.905493,28.000000,0.575861,0.507350,0.925206
51,0.074825,27.867439,27.000000,0.570722,0.485000,0.979104
52,0.061029,122.331833,74.000000,0.930876,0.923745,0.000000
52,0.074125,72.626534,59.000000,0.828269,0.881254,0.276053
52,0.055876,33.031002,55.000000,0.927439,0.895872,0.082839
52,0.067783,54.127098,53.000000,0.772999,0.723601,0.425557
52,0.068035,44.436382,45.000000,0.750981,0.703680,0.470018
52,0.066376,44.548561,36.000000,0.752602,0.728177,0.427304
52,0.066557,14.527449,35.000000,0.753031,0.715510,0.441359
52,0.066472,64.512558,34.000000,0.754534,0.705895,0.448613
52,0.067923,44.443882,32.000000,0.751095,0.704023,0.468440
52,0.066315,44.236122,27.000000,0.774231,0.704032,0.429212
53,0.061029,54.182770,68.000000,0.930876,0.923745,0.000000
53,0.067531,34.255638,55.000000,0.879372,0.901893,0.138368
53,0.058455,54.441254,50.000000,0.929781,0.910476,0.040103
53,0.063789,45.019989,50.000000,0.842459,0.825318,0.214437
53,0.064496,114.844086,49.000000,0.852493,0.823514,0.213278
53,0.063692,45.019653,48.000000,0.843122,0.815223,0.222905
53,0.063857,55.017464,39.000000,0.842225,0.820313,0.220355
53,0.064620,64.965569,37.000000,0.841582,0.812990,0.235957
53,0.063698,34.898140,34.000000,0.853301,0.814099,0.213905
53,0.064577,44.979874,20.000000,0.840658,0.814635,0.234808
54,0.061029,55.372658,59.000000,0.930876,0.923745,0.000000
54,0.064328,45.379887,55.000000,0.905986,0.914084,0.067533
54,0.062753,55.678795,53.000000,0.887119,0.866723,0.118018
54,0.059760,85.480820,52.000000,0.929645,0.918682,0.018982
54,0.062322,65.714233,47.000000,0.886516,0.876180,0.104854
54,0.062485,55.693092,44.000000,0.887542,0.872527,0.109110
54,0.062327,55.706177,40.000000,0.887318,0.868381,0.111901
54,0.062821,75.634621,38.000000,0.891156,0.874414,0.106961
54,0.062920,35.684410,35.000000,0.885369,0.871003,0.117150
54,0.062355,25.666122,27.000000,0.891245,0.868661,0.107970
55,0.061029,106.298126,79.000000,0.930876,0.923745,0.000000
55,0.050000,96.500000,71.000000,1.000000,1.000000,0.255674
55,0.050000,76.500000,57.000000,1.000000,0.856506,0.246657
55,0.100000,33.000000,54.000000,1.000000,0.300000,1.082575
55,0.050000,76.500000,49.000000,1.000000,0.300000,0.803163
55,0.100000,43.000000,40.000000,1.000000,1.000000,0.535086
55,0.100000,55.802940,34.000000,0.774328,0.300000,1.169998
55,0.050000,18.395527,32.000000,0.677072,0.427495,0.860347
55,0.050000,29.685013,19.000000,0.300000,1.000000,0.817425
55,0.050000,29.685013,15.000000,0.300000,0.300000,1.364914
56,0.100000,39.250000,67.000000,1.000000,0.899586,0.000000
56,0.061029,74.314980,62.000000,0.930876,0.923745,0.482989
56,0.050000,64.625000,59.000000,1.000000,1.000000,0.600414
56,0.050000,64.625000,59.000000,1.000000,1.000000,0.600414
56,0.050000,94.625000,52.000000,1.000000,1.000000,0.600414
56,0.100000,83.230072,45.000000,0.793577,0.300000,0.806009
56,0.062138,13.320126,38.000000,1.000000,0.917236,0.396268
56,0.100000,59.032539,32.000000,0.300000,0.905670,0.706084
56,0.100000,49.032539,22.000000,0.300000,1.000000,0.800414
56,0.050000,9.237989,14.000000,0.376527,1.000000,1.223886
57,0.050000,114.875000,100.000000,1.000000,0.928843,0.000000
57,0.088910,110.886734,71.000000,1.000000,0.300000,1.017945
57,0.095534,30.207714,62.000000,1.000000,0.300000,1.084186
57,0.050000,97.339279,53.000000,0.720536,1.000000,0.350621
57,0.100000,53.544952,45.000000,0.793577,0.300000,1.335266
57,0.060479,68.685577,40.000000,0.460484,0.485968,1.087179
57,0.100000,9.077498,23.000000,0.300000,0.300000,1.828843
57,0.072102,39.334824,21.000000,0.300000,0.953562,0.945744
57,0.100000,27.859709,18.000000,0.456956,0.300000,1.671887
57,0.050000,9.538769,17.000000,0.300000,0.513762,1.115081
58,0.082976,93.154610,77.000000,1.000000,1.000000,0.000000
58,0.100000,41.750000,64.000000,1.000000,0.702081,0.468163
58,0.050000,67.948578,53.000000,0.705206,1.000000,0.624550
58,0.050000,95.875000,52.000000,1.000000,0.739006,0.590750
58,0.100000,54.804474,48.000000,0.793577,0.300000,1.076667
58,0.100000,61.750000,47.000000,1.000000,0.478895,0.691349
58,0.100000,56.825054,36.000000,0.620356,0.916309,0.633579
58,0.100000,1.750000,31.000000,1.000000,0.300000,0.870244
58,0.100000,59.257530,23.000000,0.300000,0.786156,1.084087
58,0.073121,19.457060,19.000000,0.300000,0.300000,1.498548
59,0.099964,105.177002,70.000000,0.896727,0.501413,0.000000
59,0.100000,105.177017,57.000000,0.896562,0.389385,0.112549
59,0.091503,65.581665,55.000000,0.897090,0.650331,0.233892
59,0.100000,66.221436,53.000000,0.793577,0.300000,0.304920
59,0.074992,46.382843,53.000000,0.896601,0.519190,0.267623
59,0.074967,67.471489,40.000000,0.749761,0.649812,0.545335
59,0.099960,27.004761,40.000000,0.706686,0.608218,0.296891
59,0.099973,5.178254,39.000000,0.896574,0.300065,0.201585
59,0.099988,38.205383,30.000000,0.546933,0.543418,0.392035
59,0.086569,38.446533,13.000000,0.546879,0.300000,0.685213
60,0.091503,54.477081,63.000000,0.897090,0.650331,0.000000
60,0.095711,54.221306,55.000000,0.897231,0.575053,0.117495
60,0.083293,75.770271,54.000000,0.822850,0.650127,0.156549
60,0.095812,64.218033,52.000000,0.897003,0.519771,0.173737
60,0.095844,84.857483,51.000000,0.845811,0.475189,0.269830
60,0.083339,44.964016,51.000000,0.897611,0.584579,0.147911
60,0.095740,95.386620,44.000000,0.801559,0.629692,0.158533
60,0.095732,44.224396,39.000000,0.896891,0.474790,0.218023
60,0.089063,26.517677,26.000000,0.722026,0.474989,0.374803
60,0.095815,6.254721,15.000000,0.721928,0.596156,0.272455
61,0.087476,37.004002,66.000000,0.897703,0.617070,0.000000
61,0.093602,56.986103,59.000000,0.870417,0.563057,0.142563
61,0.087386,87.253639,58.000000,0.859927,0.650063,0.071671
61,0.063245,77.321182,55.000000,0.998309,0.406315,0.553673
61,0.093745,116.798111,55.000000,0.896465,0.563519,0.117480
61,0.093736,47.390831,42.000000,0.809292,0.621714,0.155654
61,0.093787,47.118454,36.000000,0.850254,0.640692,0.134181
61,0.076774,28.683645,27.000000,0.635166,0.389707,0.596921
61,0.094596,29.436325,26.000000,0.374443,0.868374,0.845763
61,0.090454,47.483826,26.000000,0.809024,0.562435,0.173091
62,0.087476,75.417831,56.000000,0.897703,0.617070,0.000000
62,0.087372,65.613525,56.000000,0.878853,0.634231,0.037048
62,0.090544,15.263452,54.000000,0.897108,0.589302,0.059047
62,0.090568,45.718338,50.000000,0.852827,0.618448,0.077180
62,0.075427,75.588638,48.000000,0.948562,0.512511,0.275909
62,0.090448,85.415199,46.000000,0.883093,0.589836,0.071561
62,0.082149,36.864342,40.000000,0.766318,0.502507,0.299219
62,0.090577,65.493561,39.000000,0.874882,0.628233,0.064999
62,0.088949,45.783772,31.000000,0.853950,0.589530,0.086025
62,0.090909,47.609909,30.000000,0.635986,0.743490,0.422474
63,0.087476,84.007927,72.000000,0.897703,0.617070,0.000000
63,0.087287,84.166626,54.000000,0.886694,0.625923,0.021747
63,0.089219,53.961308,51.000000,0.892348,0.601952,0.037907
63,0.088863,63.926716,50.000000,0.896685,0.603883,0.028076
63,0.081275,44.117741,46.000000,0.922749,0.566408,0.137720
63,0.088888,24.079987,43.000000,0.885176,0.624473,0.034052
63,0.089109,44.190475,42.000000,0.875791,0.617061,0.038255
63,0.084587,65.012917,38.000000,0.832842,0.560508,0.150313
63,0.088253,74.259956,32.000000,0.874755,0.602722,0.045064
63,0.089171,5.527630,22.000000,0.768155,0.680376,0.209801
1,0.095625,14.185228,88.000000,0.948326,0.568088,0.000000
1,0.075399,11.425694,54.000000,0.849282,0.583355,0.316574
1,0.051270,14.447511,53.000000,0.822193,0.890201,0.891799
1,0.075061,9.194451,47.000000,0.703298,0.502249,0.516503
1,0.099724,8.438090,42.000000,0.801220,0.437057,0.319133
1,0.064647,13.242153,40.000000,0.645135,0.516405,0.664655
1,0.095916,8.386747,37.000000,0.515565,0.923957,0.791544
1,0.086326,11.767391,32.000000,0.373233,0.478677,0.757490
1,0.080768,10.996834,29.000000,0.348098,0.998767,1.179471
1,0.082621,9.999650,28.000000,0.486010,0.799320,0.823585
2,0.095625,10.840134,68.000000,0.948326,0.568088,0.000000
2,0.085554,12.850235,60.000000,0.899117,0.575312,0.157143
2,0.080147,16.951275,51.000000,0.796232,0.541760,0.333201
2,0.073478,13.542969,50.000000,0.885516,0.728712,0.444899
2,0.097704,10.512772,48.000000,0.874898,0.502504,0.159805
2,0.095724,11.926048,47.000000,0.731583,0.746137,0.395783
2,0.085326,11.509804,41.000000,0.825673,0.535108,0.258618
2,0.091009,9.618896,38.000000,0.660347,0.523171,0.379058
2,0.089171,7.249756,34.000000,0.716967,0.683912,0.411727
2,0.088248,10.773323,13.000000,0.648484,0.783822,0.589343
3,0.095625,9.485117,67.000000,0.948326,0.568088,0.000000
3,0.090563,13.935087,60.000000,0.924638,0.571127,0.077349
3,0.090478,17.259384,53.000000,0.887401,0.550834,0.129646
3,0.087834,10.491482,52.000000,0.872270,0.555516,0.166538
3,0.084516,7.275509,46.000000,0.916185,0.648583,0.223721
3,0.095759,10.461020,46.000000,0.839016,0.657158,0.199720
3,0.093373,14.828299,41.000000,0.804369,0.544690,0.189871
3,0.096575,7.781679,38.000000,0.912130,0.535030,0.078761
3,0.092325,10.635056,25.000000,0.833201,0.626433,0.206470
3,0.092045,10.915317,22.000000,0.798962,0.674951,0.292028
4,0.095625,14.485117,57.000000,0.948326,0.568088,0.000000
4,0.095866,7.969934,53.000000,0.894840,0.614129,0.101935
4,0.094397,12.181341,51.000000,0.877803,0.556547,0.094344
4,0.093088,10.708740,50.000000,0.937058,0.567833,0.036895
4,0.095974,8.649920,50.000000,0.929163,0.553459,0.037285
4,0.093077,12.867556,44.000000,0.919609,0.559361,0.062926
4,0.090192,13.879011,44.000000,0.932904,0.607491,0.109156
4,0.091790,10.012312,42.000000,0.909668,0.562387,0.082706
4,0.093621,10.250034,32.000000,0.873468,0.621128,0.147937
4,0.093888,8.096626,27.000000,0.889887,0.597640,0.105357
5,0.050000,14.125000,77.000000,1.000000,1.000000,0.000000
5,0.095625,7.335175,67.000000,0.948326,0.568088,0.939834
5,0.050000,17.125000,61.000000,1.000000,1.000000,0.000000
5,0.050000,12.125000,61.000000,1.000000,0.300000,0.700000
5,0.050000,11.125000,53.000000,1.000000,0.917639,0.082361
5,0.100000,16.549206,50.000000,0.757824,0.300000,1.442176
5,0.100000,11.302499,39.000000,0.300000,1.000000,1.200000
5,0.097169,12.322248,19.000000,0.300000,0.300000,1.871688
5,0.079117,9.448160,12.000000,0.300000,0.300000,1.691167
5,0.050000,9.651264,11.000000,0.300000,0.300000,1.400000
6,0.100000,10.750000,71.000000,1.000000,0.354217,0.000000
6,0.050000,12.375000,63.000000,1.000000,0.593310,0.739093
6,0.089319,13.524384,62.000000,1.000000,1.000000,0.752596
6,0.100000,14.672236,53.000000,0.427947,1.000000,1.217836
6,0.050000,14.375000,52.000000,1.000000,0.300000,0.554217
6,0.100000,10.104530,41.000000,0.511317,0.512704,0.647170
6,0.100000,10.970540,38.000000,0.376824,0.693675,0.962635
6,0.100000,12.347499,28.000000,0.300000,1.000000,1.345783
6,0.050000,12.673763,23.000000,0.300000,0.300000,1.254217
6,0.079046,11.484233,19.000000,0.300000,0.446391,1.001713
7,0.100000,16.538895,102.000000,0.928160,0.865927,0.000000
7,0.050000,21.250000,89.000000,1.000000,1.000000,0.705914
7,0.050000,12.439999,56.000000,0.644983,0.958903,0.876153
7,0.100000,4.500000,51.000000,1.000000,0.300000,0.637767
7,0.100000,12.626451,45.000000,0.427947,1.000000,0.634286
7,0.050000,14.258223,32.000000,0.444757,0.711941,1.137388
7,0.050000,12.662514,29.000000,0.300000,1.000000,1.262233
7,0.100000,11.324999,22.000000,0.300000,1.000000,0.762233
7,0.061360,11.585810,17.000000,0.300000,1.000000,1.148633
7,0.050000,9.662514,7.000000,0.300000,0.692137,1.301949
8,0.050000,15.750000,81.000000,1.000000,1.000000,0.000000
8,0.050000,11.166109,62.000000,0.949784,0.300000,0.750216
8,0.050000,16.750000,60.000000,1.000000,0.300000,0.700000
8,0.050000,12.750000,56.000000,1.000000,0.300000,0.700000
8,0.100000,11.234999,43.000000,0.300000,1.000000,1.200000
8,0.050000,14.159319,40.000000,0.444757,0.711941,0.843302
8,0.096198,12.264084,36.000000,0.300000,0.502052,1.659927
8,0.050000,12.967299,29.000000,0.492940,0.300000,1.207060
8,0.100000,10.234999,28.000000,0.300000,1.000000,1.200000
8,0.050000,11.617516,15.000000,0.300000,1.000000,0.700000
9,0.073063,16.069954,82.000000,0.649718,0.750725,0.000000
9,0.073079,16.067200,60.000000,0.649956,0.401280,0.349838
9,0.073083,17.291056,51.000000,0.624640,0.400984,0.375017
9,0.098084,11.161343,43.000000,0.300009,0.751041,0.600227
9,0.073076,14.037113,42.000000,0.372426,0.606982,0.421165
9,0.073077,9.069664,40.000000,0.649691,0.400787,0.350098
9,0.098119,16.161074,40.000000,0.300000,0.751330,0.600884
9,0.096198,10.177505,38.000000,0.300000,0.502052,0.829737
9,0.073081,11.907448,27.000000,0.396696,0.400700,0.603226
9,0.073063,11.374178,27.000000,0.300270,0.750723,0.349454
1,0.094971,-90.544739,11.000000,0.456688,0.912502,0.000000
1,0.096275,-90.519501,10.000000,0.442969,0.341321,0.597941
1,0.098442,-92.139458,10.000000,0.888986,0.610881,0.768631
1,0.068631,-90.318825,10.000000,0.411001,0.817587,0.404000
1,0.086646,-91.233337,10.000000,0.719450,0.447448,0.811067
1,0.072519,-91.652946,9.000000,0.910408,0.908261,0.682482
1,0.092156,-90.546089,9.000000,0.464186,0.636145,0.312006
1,0.089741,-90.878929,9.000000,0.596777,0.556327,0.548558
1,0.071058,-91.040405,9.000000,0.729682,0.607264,0.817355
1,0.081267,-91.302406,9.000000,0.763403,0.915188,0.446440
2,0.089392,-190.860550,13.000000,0.591651,0.541784,0.000000
2,0.088235,-91.050301,12.000000,0.657926,0.501284,0.118348
2,0.077682,-190.683304,10.000000,0.565572,0.631936,0.233337
2,0.079546,-91.453140,10.000000,0.815045,0.677948,0.458014
2,0.086646,-91.233337,9.000000,0.719450,0.447448,0.249599
2,0.090741,-90.861481,9.000000,0.587567,0.680439,0.156230
2,0.091487,-90.848549,9.000000,0.580751,0.393765,0.179865
2,0.092507,-91.643234,9.000000,0.803711,0.529080,0.255908
2,0.078856,-91.138992,9.000000,0.724726,0.526776,0.253442
2,0.084013,-91.270172,9.000000,0.741463,0.681924,0.343740
3,0.085281,-90.544052,11.000000,0.652140,0.459981,0.000000
3,0.091487,-90.462845,10.000000,0.580751,0.393765,0.199660
3,0.090428,-90.466690,10.000000,0.586573,0.467924,0.124977
3,0.085555,-90.625854,10.000000,0.698343,0.535084,0.124040
3,0.088978,-90.562958,10.000000,0.649464,0.420876,0.078751
3,0.091988,-90.661880,10.000000,0.692599,0.461928,0.109470
3,0.087800,-90.576454,10.000000,0.661583,0.538678,0.113328
3,0.089922,-90.516968,9.000000,0.619091,0.447407,0.092031
3,0.084553,-90.417122,9.000000,0.573492,0.512702,0.138656
3,0.091054,-90.467514,9.000000,0.585063,0.537666,0.202490
4,0.087272,-190.621323,12.000000,0.596618,0.479124,0.000000
4,0.088018,-90.589485,10.000000,0.578688,0.453926,0.050587
4,0.087640,-90.587952,10.000000,0.579168,0.492229,0.034244
4,0.085113,-90.686523,10.000000,0.635067,0.525811,0.106723
4,0.085957,-90.658447,10.000000,0.618879,0.527103,0.083381
4,0.087719,-90.586975,10.000000,0.578435,0.526272,0.069809
4,0.084553,-90.556168,9.000000,0.573492,0.512702,0.083896
4,0.084709,-90.636925,9.000000,0.613150,0.484885,0.047922
4,0.086913,-90.650757,9.000000,0.611858,0.466536,0.031417
4,0.088366,-90.711731,9.000000,0.634588,0.486763,0.056551
5,0.086913,-90.813446,11.000000,0.611858,0.466536,0.000000
5,0.100000,-92.500000,10.000000,1.000000,0.300000,0.685552
5,0.100000,-90.224991,10.000000,0.300000,0.300000,0.609268
5,0.050000,-90.119408,10.000000,0.309071,1.000000,1.205376
5,0.050000,-91.250000,10.000000,1.000000,0.772105,1.062837
5,0.073659,-90.165726,9.000000,0.300000,0.300000,0.610932
5,0.050000,-90.112534,9.000000,0.300000,0.300000,0.847520
5,0.100000,-92.500000,9.000000,1.000000,0.300000,0.685552
5,0.050000,-90.279167,9.000000,0.472600,1.000000,1.041847
5,0.100000,-92.500000,9.000000,1.000000,0.300000,0.685552
6,0.050000,-90.875000,12.000000,1.000000,0.300000,0.000000
6,0.100000,-91.750000,12.000000,1.000000,0.300000,0.500000
6,0.100000,-90.157494,11.000000,0.300000,0.312401,1.212401
6,0.100000,-91.142883,10.000000,0.808136,1.000000,1.391864
6,0.100000,-90.655022,10.000000,0.611788,0.300000,0.888212
6,0.086913,-90.569405,9.000000,0.611858,0.466536,0.923805
6,0.100000,-90.157494,9.000000,0.300000,0.300000,1.200000
6,0.050000,-90.875000,9.000000,1.000000,0.300000,0.000000
6,0.050000,-90.875000,9.000000,1.000000,0.537011,0.237011
6,0.091144,-90.143555,9.000000,0.300000,1.000000,1.811441
1,0.078333,30.992661,71.000000,0.964433,0.332629,0.000000
1,0.055121,57.519142,69.000000,0.904612,0.963204,0.922524
1,0.085487,34.129044,59.000000,0.430391,0.879439,1.152386
1,0.063295,31.796562,56.000000,0.959273,0.308361,0.179809
1,0.094050,38.750038,40.000000,0.491574,0.614234,0.911630
1,0.079766,29.387108,39.000000,0.373763,0.534316,0.806688
1,0.063939,24.075207,36.000000,0.512813,0.357486,0.620423
1,0.071837,43.467579,33.000000,0.622779,0.341989,0.415983
1,0.071954,23.516529,28.000000,0.612249,0.423963,0.507308
1,0.056191,19.525650,19.000000,0.391772,0.882422,1.343878
2,0.066741,51.937538,77.000000,0.934886,0.647584,0.000000
2,0.078333,36.174816,61.000000,0.964433,0.332629,0.460430
2,0.081924,17.906223,51.000000,0.697719,0.606294,0.430286
2,0.070805,41.563572,49.000000,0.961483,0.320614,0.394212
2,0.079028,43.144859,48.000000,0.668677,0.433022,0.603647
2,0.086226,52.603149,43.000000,0.727652,0.473844,0.575825
2,0.067259,23.376528,39.000000,0.678056,0.607060,0.302540
2,0.071127,32.962196,32.000000,0.738730,0.344770,0.542833
2,0.075138,12.517994,29.000000,0.793220,0.337324,0.535895
2,0.075138,12.547935,21.000000,0.788419,0.377842,0.500178
3,0.072572,38.459469,72.000000,0.949345,0.490115,0.000000
3,0.080176,39.464111,64.000000,0.830944,0.469319,0.215242
3,0.074565,28.089533,54.000000,0.962692,0.326517,0.196874
3,0.078333,22.713932,48.000000,0.964433,0.332629,0.230192
3,0.072758,25.095367,42.000000,0.821036,0.470423,0.149869
3,0.082255,29.114319,39.000000,0.845896,0.402350,0.288045
3,0.078594,39.758286,38.000000,0.816667,0.383737,0.299278
3,0.074724,34.580372,36.000000,0.851642,0.339635,0.269708
3,0.076661,14.106309,36.000000,0.876808,0.355256,0.248293
3,0.076809,19.068224,21.000000,0.878791,0.335207,0.267835
4,0.076209,33.654591,63.000000,0.890497,0.481328,0.000000
4,0.079393,43.295734,51.000000,0.896785,0.399852,0.119603
4,0.080176,34.187317,50.000000,0.830944,0.469319,0.111232
4,0.081340,29.003792,45.000000,0.837898,0.435989,0.149244
4,0.079520,34.357147,45.000000,0.822083,0.427786,0.155066
4,0.076316,24.550289,44.000000,0.824674,0.471498,0.076723
4,0.078623,3.988594,44.000000,0.853332,0.400584,0.142049
4,0.077418,59.230740,41.000000,0.842447,0.404238,0.137231
4,0.077163,23.492695,40.000000,0.896193,0.399254,0.097308
4,0.078541,3.967365,27.000000,0.855287,0.411584,0.128267
5,0.050000,56.000000,94.000000,1.000000,1.000000,0.000000
5,0.079393,44.891994,72.000000,0.896785,0.399852,0.997295
5,0.050000,46.000000,72.000000,1.000000,0.300000,0.700000
5,0.100000,33.929531,43.000000,0.871096,0.300000,1.328904
5,0.050000,23.945068,34.000000,0.513548,0.300000,1.186452
5,0.100000,34.280029,32.000000,0.300000,0.300000,1.900000
5,0.100000,19.280029,30.000000,0.300000,0.989176,1.210824
5,0.100000,19.280025,29.000000,0.300000,0.300000,1.900000
5,0.100000,26.762878,27.000000,0.636112,0.300000,1.563888
5,0.100000,19.280024,17.000000,0.300000,0.300000,1.900000
6,0.050000,46.375000,73.000000,1.000000,1.000000,0.000000
6,0.079393,55.370853,67.000000,0.896785,0.399852,0.997295
6,0.061867,35.514645,57.000000,1.000000,0.300000,0.818672
6,0.050000,27.389549,51.000000,0.848605,1.000000,0.151395
6,0.100000,42.182682,49.000000,0.623375,0.300000,1.576625
6,0.050000,41.375000,42.000000,1.000000,0.304155,0.695845
6,0.050000,19.673763,36.000000,0.300000,0.300000,1.400000
6,0.100000,16.210434,31.000000,0.722980,0.300000,1.477021
6,0.050000,21.375000,24.000000,1.000000,0.300000,0.700000
6,0.069082,14.549226,20.000000,0.300000,0.300000,1.590825
7,0.100000,33.000000,75.000000,1.000000,0.300000,0.000000
7,0.064470,41.904587,68.000000,0.828195,0.994122,1.221227
7,0.050000,62.479565,66.000000,0.848605,1.000000,1.351395
7,0.100000,38.000000,52.000000,1.000000,0.709375,0.409375
7,0.050000,16.500000,46.000000,1.000000,0.300000,0.500000
7,0.050000,21.500000,38.000000,1.000000,0.300000,0.500000
7,0.050000,47.004257,34.000000,0.925160,0.300000,0.574840
7,0.050000,29.685013,32.000000,0.300000,0.300000,1.200000
7,0.050000,14.685013,30.000000,0.300000,1.000000,1.900000
7,0.100000,13.956425,9.000000,0.386110,1.000000,1.313890
8,0.050000,35.250000,76.000000,1.000000,1.000000,0.000000
8,0.050000,55.250000,75.000000,1.000000,1.000000,0.000000
8,0.050000,45.250000,71.000000,1.000000,1.000000,0.000000
8,0.050000,36.579411,64.000000,0.848605,1.000000,0.151395
8,0.050000,28.430462,51.000000,0.574833,0.579012,0.846156
8,0.100000,34.145027,34.000000,0.300000,0.823965,1.376035
8,0.050000,19.572517,30.000000,0.300000,0.421239,1.278761
8,0.083847,14.283108,20.000000,0.300000,1.000000,1.038472
8,0.050000,34.572517,15.000000,0.300000,0.300000,1.400000
8,0.050000,24.572517,14.000000,0.300000,0.884885,0.815115
1,0.086188,27.414646,12.000000,0.870195,0.392765,0.000000
1,0.089016,13.170514,8.000000,0.796293,0.335120,0.159826
1,0.067912,26.754059,6.000000,0.546737,0.464481,0.577937
1,0.065526,14.938238,6.000000,0.765615,0.565371,0.483812
1,0.052010,23.491352,5.000000,0.582346,0.373931,0.648466
1,0.073899,23.458702,4.000000,0.368313,0.697980,0.929992
1,0.092849,6.192436,3.000000,0.557170,0.891035,0.877896
1,0.099638,0.486032,2.000000,0.547859,0.560821,0.624892
1,0.052492,13.485711,2.000000,0.436108,0.806924,1.185208
1,0.097875,10.040653,2.000000,0.394903,0.585272,0.784667
2,0.069139,27.753954,9.000000,0.726078,0.383335,0.000000
2,0.058707,30.058987,8.000000,0.674099,0.469631,0.242598
2,0.070468,14.946272,6.000000,0.689662,0.354524,0.078509
2,0.062904,29.352551,6.000000,0.475857,0.535780,0.465022
2,0.075800,21.931904,6.000000,0.564697,0.466911,0.311559
2,0.052277,29.871088,6.000000,0.509120,0.590567,0.592810
2,0.072388,12.438267,4.000000,0.569696,0.632859,0.438392
2,0.074982,16.611132,4.000000,0.488752,0.479662,0.392073
2,0.052010,1.815584,1.000000,0.582346,0.373931,0.324430
2,0.060010,-4.289247,0.000000,0.564400,0.419707,0.289344
3,0.063830,38.209648,9.000000,0.699564,0.426054,0.000000
3,0.060696,44.171253,9.000000,0.576130,0.503213,0.231933
3,0.064523,33.844147,8.000000,0.682524,0.412825,0.037192
3,0.067136,31.148319,7.000000,0.619560,0.468371,0.155382
3,0.066717,22.870220,5.000000,0.581595,0.475275,0.196054
3,0.059244,22.812431,5.000000,0.618648,0.445266,0.145991
3,0.055470,14.584024,3.000000,0.591056,0.530116,0.296173
3,0.058707,5.661069,2.000000,0.674099,0.469631,0.120275
3,0.065542,1.402570,1.000000,0.621269,0.550275,0.219629
3,0.055342,3.235789,1.000000,0.628874,0.421414,0.160210
4,0.063968,45.009613,10.000000,0.595872,0.486017,0.000000
4,0.062489,38.141415,9.000000,0.639350,0.466058,0.078224
4,0.063754,40.798992,9.000000,0.580950,0.489922,0.020973
4,0.057826,26.965363,6.000000,0.584409,0.517243,0.104112
4,0.057920,26.214149,6.000000,0.600523,0.463341,0.087807
4,0.059549,19.656631,5.000000,0.624814,0.485644,0.073507
4,0.062766,8.543808,3.000000,0.630277,0.457617,0.074828
4,0.060696,6.703258,2.000000,0.576130,0.503213,0.069654
4,0.059844,-4.177430,0.000000,0.599126,0.472530,0.057983
4,0.063190,-4.914958,0.000000,0.598020,0.525186,0.049099
5,0.100000,40.329170,15.000000,0.911640,0.773990,0.000000
5,0.076371,23.950287,11.000000,1.000000,0.490207,0.608429
5,0.050000,36.943703,6.000000,0.337227,1.000000,1.300423
5,0.100000,-18.750000,5.000000,1.000000,0.300000,0.562350
5,0.050000,3.125000,4.000000,1.000000,0.300000,1.062350
5,0.050000,5.313702,3.000000,0.855869,0.300000,1.029760
5,0.050000,22.581348,3.000000,0.300000,1.000000,1.337650
5,0.057826,4.384670,1.000000,0.584409,0.517243,1.005720
5,0.063099,11.947570,1.000000,0.300000,1.000000,1.206660
5,0.050000,12.581348,1.000000,0.300000,1.000000,1.337650
6,0.050000,51.231705,16.000000,0.942692,1.000000,0.000000
6,0.100000,37.147820,7.000000,0.300000,0.926376,1.216316
6,0.100000,32.147804,6.000000,0.300000,0.725428,1.417264
6,0.100000,-14.758433,5.000000,0.755180,0.300000,1.387511
6,0.050000,-13.625000,4.000000,1.000000,1.000000,0.057308
6,0.100000,-62.250000,3.000000,1.000000,0.414857,1.142452
6,0.050000,21.073910,3.000000,0.300000,0.300000,1.342692
6,0.050000,21.073910,3.000000,0.300000,1.000000,0.642692
6,0.100000,12.147598,2.000000,0.300000,1.000000,1.142692
6,0.050000,11.073910,1.000000,0.300000,1.000000,0.642692
7,0.050000,32.375000,12.000000,1.000000,1.000000,0.000000
7,0.100000,58.227753,11.000000,0.300000,1.000000,1.200000
7,0.100000,28.227707,5.000000,0.300000,1.000000,1.200000
7,0.100000,23.227751,4.000000,0.300000,0.926376,1.273624
7,0.100000,19.616741,4.000000,0.371460,0.300000,1.828540
7,0.050000,-7.625000,4.000000,1.000000,0.300000,0.700000
7,0.050000,26.613888,4.000000,0.300000,0.300000,1.400000
7,0.100000,-55.250000,2.000000,1.000000,1.000000,0.500000
7,0.100000,-55.250000,2.000000,1.000000,0.300000,1.200000
7,0.100000,13.227646,2.000000,0.300000,1.000000,1.200000
8,0.100000,55.250000,21.000000,1.000000,1.000000,0.000000
8,0.050000,10.125000,6.000000,1.000000,0.606826,0.893174
8,0.050000,10.125000,6.000000,1.000000,1.000000,0.500000
8,0.050000,5.125000,5.000000,1.000000,1.000000,0.500000
8,0.100000,29.622681,5.000000,0.300000,1.000000,0.700000
8,0.050000,17.311359,2.000000,0.300000,1.000000,1.200000
8,0.100000,14.622580,2.000000,0.300000,0.300000,1.400000
8,0.100000,9.622491,1.000000,0.300000,1.000000,0.700000
8,0.050000,-14.875000,1.000000,1.000000,0.300000,1.200000
8,0.100000,9.622491,1.000000,0.300000,1.000000,0.700000
9,0.100000,15.000000,10.000000,1.000000,1.000000,0.000000
9,0.100000,40.995026,10.000000,0.649872,1.000000,0.350128
9,0.100000,35.969700,9.000000,0.650302,0.999814,0.349884
9,0.075007,1.253773,5.000000,0.999900,1.000000,0.250033
9,0.075000,-3.746366,4.000000,0.999947,0.649836,0.600219
9,0.074960,-8.710736,3.000000,0.999686,0.803700,0.447015
9,0.075007,-8.727982,3.000000,0.999627,0.999994,0.250310
9,0.075039,10.729545,3.000000,0.650082,0.999953,0.599574
9,0.099975,6.003265,3.000000,0.649813,0.649917,0.700523
9,0.099977,-8.999292,0.000000,0.649849,0.999715,0.350667
10,0.087425,3.232545,9.000000,0.999694,1.000000,0.000000
10,0.099910,9.746126,8.000000,0.824622,0.824198,0.475730
10,0.100000,-19.250000,6.000000,1.000000,1.000000,0.126058
10,0.100000,-0.332587,6.000000,0.825057,0.999077,0.301312
10,0.087409,-16.789698,5.000000,1.000000,0.824970,0.175497
10,0.087434,-0.204077,5.000000,0.824349,0.999340,0.176101
10,0.087443,-21.724079,4.000000,0.999171,0.902635,0.098070
10,0.087517,-21.848719,4.000000,0.999952,0.999342,0.001835
10,0.100000,-15.250967,3.000000,0.824221,0.999561,0.301664
10,0.100000,-30.313536,0.000000,0.824862,0.999127,0.301457
11,0.090075,38.092422,10.000000,0.855262,0.643463,0.000000
11,0.093832,18.935411,7.000000,0.914018,0.998182,0.451040
11,0.100000,17.401646,6.000000,0.824411,0.998764,0.485402
11,0.093527,9.191245,5.000000,0.911002,1.000000,0.446798
11,0.099969,7.349343,5.000000,0.912060,0.999446,0.511724
11,0.093870,4.104551,4.000000,0.910865,0.912735,0.362821
11,0.100000,7.366094,4.000000,0.825057,0.999077,0.485070
11,0.099900,2.409109,3.000000,0.824684,0.999606,0.484974
11,0.069093,14.550132,3.000000,0.674442,0.663366,0.410548
11,0.058074,5.709364,3.000000,0.999507,0.489861,0.617856
12,0.093743,-3.735981,8.000000,0.909816,0.955829,0.000000
12,0.093527,-8.752193,7.000000,0.911002,1.000000,0.047516
12,0.096658,-5.526924,7.000000,0.868825,1.000000,0.114315
12,0.096686,-15.724640,6.000000,0.912287,0.999950,0.076025
12,0.081193,-0.246325,5.000000,0.791749,0.832491,0.366903
12,0.075762,-12.763084,5.000000,0.954137,0.745235,0.434725
12,0.091844,-19.554422,4.000000,0.882688,0.820589,0.181363
12,0.096780,-25.497253,3.000000,0.868023,1.000000,0.116336
12,0.096637,-25.539694,3.000000,0.869028,1.000000,0.113905
12,0.093661,-38.890968,1.000000,0.911527,0.998985,0.045690
13,0.075762,17.755587,8.000000,0.954137,0.745235,0.000000
13,0.086269,11.458715,7.000000,0.911953,0.872428,0.274445
13,0.078477,17.032820,7.000000,0.873099,0.788266,0.151216
13,0.084710,0.632825,5.000000,0.931566,0.850751,0.217570
13,0.086253,-0.127274,5.000000,0.933352,0.872896,0.253352
13,0.084652,0.549627,5.000000,0.933012,0.872632,0.237424
13,0.084558,-4.386625,4.000000,0.932669,0.872938,0.237130
13,0.086208,-3.446906,4.000000,0.910989,0.872007,0.274380
13,0.086135,-8.508599,3.000000,0.912215,0.872503,0.272922
13,0.083797,-13.030003,2.000000,0.918223,0.783346,0.154380
14,0.080320,22.676811,9.000000,0.943052,0.797251,0.000000
14,0.080352,17.552830,8.000000,0.944670,0.808501,0.013194
14,0.080879,18.091717,8.000000,0.933737,0.809375,0.027034
14,0.080999,18.090042,8.000000,0.933066,0.809348,0.028879
14,0.079676,13.431748,7.000000,0.935736,0.763374,0.047634
14,0.080191,2.675082,5.000000,0.943838,0.809258,0.014083
14,0.077285,-4.161388,3.000000,0.913163,0.767227,0.090264
14,0.081006,-11.990350,2.000000,0.934203,0.807703,0.026165
14,0.075762,-21.209801,0.000000,0.954137,0.745235,0.108680
14,0.081174,-22.674776,0.000000,0.943170,0.810343,0.021747
15,0.050000,39.250000,11.000000,1.000000,1.000000,0.000000
15,0.100000,12.055527,8.000000,0.858362,1.000000,0.641638
15,0.050000,14.250000,6.000000,1.000000,1.000000,0.000000
15,0.100000,3.686353,5.000000,0.779763,1.000000,0.720237
15,0.070240,20.099939,5.000000,0.641795,0.544259,1.016347
15,0.080999,-6.317222,4.000000,0.933066,0.809348,0.567579
15,0.100000,25.365189,4.000000,0.300000,1.000000,1.200000
15,0.094011,20.642586,3.000000,0.300000,0.300000,1.840109
15,0.050000,-0.750000,3.000000,1.000000,0.300000,0.700000
15,0.050000,12.682594,1.000000,0.300000,0.567419,1.132581
16,0.100000,0.500000,10.000000,1.000000,1.000000,0.000000
16,0.052873,28.540451,10.000000,1.000000,0.686984,0.784288
16,0.100000,-4.500000,9.000000,1.000000,1.000000,0.000000
16,0.050000,25.338768,8.000000,0.910468,0.495673,1.093859
16,0.100000,-6.177877,4.000000,0.779763,1.000000,0.220237
16,0.076167,20.921268,3.000000,0.300000,0.300000,1.638327
16,0.100000,-39.500000,2.000000,1.000000,1.000000,0.000000
16,0.050000,-1.466542,2.000000,0.849449,0.300000,1.350551
16,0.050000,-14.750000,1.000000,1.000000,0.300000,1.200000
16,0.050000,10.074427,1.000000,0.406900,1.000000,1.093100
1,0.066050,43.788055,11.000000,0.722630,0.338698,0.000000
1,0.055502,51.285709,10.000000,0.505276,0.393965,0.378100
1,0.087432,6.067999,9.000000,0.953944,0.421075,0.527518
1,0.052817,24.582054,7.000000,0.792833,0.844113,0.707946
1,0.080680,17.680603,5.000000,0.590809,0.985489,0.924914
1,0.058112,18.994596,3.000000,0.409927,0.599017,0.652397
1,0.063973,15.590003,2.000000,0.334795,0.940501,1.010400
1,0.065979,8.734434,1.000000,0.392952,0.870592,0.862280
1,0.075457,-4.433412,1.000000,0.647123,0.987974,0.818857
1,0.052434,11.508860,1.000000,0.329028,0.358732,0.549787
2,0.070072,16.633953,11.000000,0.873321,0.632917,0.000000
2,0.059442,26.099850,7.000000,0.592737,0.857779,0.611743
2,0.052817,4.954050,5.000000,0.792833,0.844113,0.464234
2,0.059396,4.164760,5.000000,0.757390,0.591301,0.264306
2,0.058399,18.197651,5.000000,0.563846,0.892427,0.685718
2,0.064125,4.943129,5.000000,0.719669,0.915577,0.495780
2,0.052574,15.018356,4.000000,0.561141,0.601785,0.518289
2,0.054155,4.348304,3.000000,0.649135,0.619077,0.397194
2,0.055414,6.841392,3.000000,0.601738,0.721389,0.506635
2,0.066713,-8.882302,2.000000,0.691652,0.915244,0.497588
3,0.056752,38.354088,8.000000,0.703187,0.605502,0.000000
3,0.062997,36.264198,8.000000,0.724840,0.752584,0.231189
3,0.058871,34.316914,7.000000,0.661264,0.740909,0.198524
3,0.064784,17.094170,5.000000,0.816093,0.612564,0.200289
3,0.056018,21.034847,5.000000,0.775060,0.717984,0.191695
3,0.057438,23.962948,5.000000,0.680458,0.657044,0.081135
3,0.059396,15.860088,4.000000,0.757390,0.591301,0.094844
3,0.059307,13.769412,3.000000,0.675498,0.724465,0.172206
3,0.061765,11.019575,3.000000,0.738525,0.753536,0.233503
3,0.056015,9.888903,2.000000,0.659507,0.595773,0.060775
4,0.057525,30.885136,9.000000,0.666924,0.657889,0.000000
4,0.058092,14.042246,6.000000,0.688550,0.666658,0.036062
4,0.059145,11.561979,6.000000,0.714253,0.658488,0.064122
4,0.059062,10.276920,5.000000,0.666435,0.734894,0.092861
4,0.057591,6.411332,5.000000,0.725738,0.723559,0.125137
4,0.058235,9.928890,5.000000,0.675854,0.691446,0.049586
4,0.061261,1.576269,4.000000,0.701631,0.739983,0.154155
4,0.062294,-2.692595,4.000000,0.746213,0.669389,0.138473
4,0.059307,-0.505765,3.000000,0.675498,0.724465,0.092971
4,0.060314,-3.390411,3.000000,0.706704,0.738049,0.147826
5,0.100000,24.250000,14.000000,1.000000,0.672197,0.000000
5,0.095655,25.106415,12.000000,0.917520,0.764808,0.218542
5,0.100000,-10.750000,7.000000,1.000000,0.543408,0.128790
5,0.050000,22.414814,6.000000,0.794262,1.000000,1.033540
5,0.100000,24.982674,4.000000,0.300000,0.300000,1.072197
5,0.050000,22.491352,3.000000,0.300000,0.300000,1.572197
5,0.050000,17.491352,2.000000,0.300000,0.300000,1.572197
5,0.050000,4.566015,1.000000,0.611812,0.300000,1.260385
5,0.050000,11.537530,1.000000,0.352444,1.000000,1.475358
5,0.060314,-6.793318,0.000000,0.706704,0.738049,0.756010
6,0.100000,-15.500000,9.000000,1.000000,0.543408,0.000000
6,0.100000,-15.500000,9.000000,1.000000,1.000000,0.456592
6,0.050000,30.008301,9.000000,0.842013,1.000000,1.114579
6,0.076343,-13.821910,6.000000,1.000000,0.300000,0.479976
6,0.083354,17.602459,6.000000,0.617366,1.000000,1.005687
6,0.076014,19.960075,4.000000,0.432835,0.300000,1.050433
6,0.050000,5.184803,3.000000,0.749754,0.344650,0.949004
6,0.087921,-41.984432,2.000000,1.000000,0.300000,0.364195
6,0.100000,-55.500000,1.000000,1.000000,0.300000,0.243408
6,0.097975,8.783541,1.000000,0.300000,0.300000,0.963657
7,0.100000,-150.750000,12.000000,1.000000,1.000000,0.000000
7,0.100000,-155.750000,11.000000,1.000000,1.000000,0.000000
7,0.050000,-16.746693,5.000000,0.684708,1.000000,0.815292
7,0.100000,15.133271,5.000000,0.300000,0.300000,1.400000
7,0.100000,-190.750000,4.000000,1.000000,0.543408,0.456592
7,0.050000,20.066654,4.000000,0.300000,0.421450,1.778550
7,0.100000,-67.656601,3.000000,0.647869,1.000000,0.352131
7,0.100000,-195.750000,3.000000,1.000000,0.963829,0.036171
7,0.096865,0.755345,2.000000,0.300000,0.300000,1.431347
7,0.050000,-24.593639,1.000000,0.598933,0.300000,1.601067
8,0.100000,25.000000,11.000000,1.000000,1.000000,0.000000
8,0.100000,15.000000,9.000000,1.000000,1.000000,0.000000
8,0.100000,10.000000,8.000000,1.000000,0.550527,0.449473
8,0.100000,5.000000,7.000000,1.000000,0.543408,0.456592
8,0.090997,14.858294,4.000000,0.644977,0.494686,0.950368
8,0.089029,26.795044,4.000000,0.300000,1.000000,0.809713
8,0.100000,21.400131,3.000000,0.300000,0.300000,1.400000
8,0.098879,16.440392,2.000000,0.300000,0.300000,1.411206
8,0.100000,16.400131,2.000000,0.300000,0.817114,0.882886
8,0.050000,4.943038,0.000000,0.502840,0.525082,1.472078
9,0.099414,49.774475,13.000000,0.650308,0.424956,0.000000
9,0.099420,24.765320,8.000000,0.650410,0.650061,0.225263
9,0.099450,19.758432,7.000000,0.650401,0.650335,0.225830
9,0.093929,34.927925,6.000000,0.300000,0.650151,0.630353
9,0.099459,34.625744,6.000000,0.300107,0.300355,0.475248
9,0.099477,-0.246087,3.000000,0.650367,0.421325,0.004323
9,0.094956,12.268677,3.000000,0.472717,0.396942,0.250186
9,0.074434,17.815857,3.000000,0.401071,0.412361,0.511633
9,0.098879,9.660416,1.000000,0.300000,0.300000,0.480612
9,0.099451,4.629589,0.000000,0.300000,0.558942,0.484665
10,0.084261,46.762249,10.000000,0.350676,0.531485,0.000000
10,0.096746,17.172544,7.000000,0.474503,0.650342,0.367533
10,0.096641,12.086843,6.000000,0.475494,0.650590,0.367717
10,0.096612,7.107319,5.000000,0.475387,0.538026,0.254762
10,0.094518,16.944513,5.000000,0.386693,0.523929,0.146140
10,0.096615,23.888020,5.000000,0.300046,0.604394,0.247073
10,0.096474,18.902531,4.000000,0.300075,0.474409,0.229808
10,0.093929,14.200705,3.000000,0.300000,0.650151,0.266020
10,0.096636,13.889032,3.000000,0.300000,0.475528,0.230376
10,0.096659,-7.906222,2.000000,0.475389,0.536222,0.253423
11,0.082102,-35.297066,17.000000,0.937675,0.928652,0.000000
11,0.095295,19.263172,7.000000,0.386818,0.651444,0.959998
11,0.095312,9.027786,5.000000,0.388546,0.593171,1.016711
11,0.050949,10.856787,5.000000,0.512376,0.319455,1.346028
11,0.095337,19.512936,5.000000,0.300000,0.562430,1.136248
11,0.089166,12.985981,4.000000,0.325133,0.591798,1.020036
11,0.081345,-82.915497,2.000000,0.837216,0.756594,0.280091
11,0.095427,-5.973641,2.000000,0.388322,0.649693,0.961562
11,0.093929,4.741234,2.000000,0.300000,0.650151,1.034446
11,0.095247,-0.473007,1.000000,0.300000,0.561466,1.136312
1,0.085458,51.558285,31.000000,0.836908,0.478550,0.000000
1,0.058536,48.253922,27.000000,0.720259,0.712784,0.620110
1,0.083369,27.506134,26.000000,0.721276,0.758341,0.416319
1,0.059049,41.930481,26.000000,0.950811,0.469803,0.386739
1,0.054606,27.599442,20.000000,0.874384,0.899279,0.766724
1,0.082510,32.827839,20.000000,0.676644,0.420571,0.247727
1,0.056592,28.213083,17.000000,0.741038,0.930108,0.836091
1,0.073920,18.522659,16.000000,0.589559,0.908793,0.792974
1,0.078485,28.315430,9.000000,0.610966,0.849302,0.666426
1,0.096024,23.529890,8.000000,0.516002,0.625340,0.573353
2,0.071962,41.622723,34.000000,0.778182,0.595152,0.000000
2,0.085458,50.361176,31.000000,0.836908,0.478550,0.310288
2,0.072291,30.526627,24.000000,0.893564,0.473743,0.240076
2,0.084412,16.030987,23.000000,0.778914,0.618648,0.148722
2,0.070002,36.024841,21.000000,0.855994,0.689446,0.191712
2,0.070963,41.578274,20.000000,0.788777,0.704133,0.129570
2,0.081931,11.667409,13.000000,0.724464,0.664139,0.222393
2,0.084002,31.266226,12.000000,0.757318,0.449148,0.287262
2,0.079723,26.856707,12.000000,0.713262,0.694038,0.241416
2,0.090741,26.780491,10.000000,0.676615,0.551539,0.332964
3,0.078762,26.542706,28.000000,0.806414,0.536149,0.000000
3,0.085458,55.959732,25.000000,0.836908,0.478550,0.155059
3,0.078829,21.020824,24.000000,0.864772,0.476889,0.118288
3,0.078326,41.508713,23.000000,0.812620,0.592060,0.066471
3,0.077637,36.249474,21.000000,0.845980,0.583638,0.098301
3,0.083753,56.550430,21.000000,0.781143,0.571686,0.110718
3,0.084703,21.376932,21.000000,0.796042,0.462941,0.142995
3,0.085007,11.251431,14.000000,0.808265,0.547891,0.076044
3,0.087975,21.608578,14.000000,0.755716,0.515281,0.163697
3,0.082454,21.648949,9.000000,0.775946,0.587424,0.118664
4,0.084685,20.135870,28.000000,0.810206,0.526617,0.000000
4,0.085428,49.948639,28.000000,0.822051,0.512415,0.033477
4,0.082296,55.143150,25.000000,0.821266,0.505607,0.055961
4,0.082286,49.780910,25.000000,0.851396,0.477660,0.114130
4,0.085458,34.762611,23.000000,0.836908,0.478550,0.082504
4,0.085142,30.040539,20.000000,0.815909,0.472040,0.064853
4,0.084200,10.231166,19.000000,0.804537,0.535044,0.018948
4,0.081443,24.971914,14.000000,0.839982,0.531253,0.066833
4,0.082037,20.122524,12.000000,0.824303,0.537144,0.051098
4,0.086824,5.198712,6.000000,0.794976,0.499198,0.064046
5,0.100000,46.000000,42.000000,1.000000,0.712415,0.000000
5,0.072581,31.087317,31.000000,0.773935,1.000000,0.787840
5,0.099789,41.018951,28.000000,1.000000,0.300000,0.414521
5,0.085142,34.898796,25.000000,0.815909,0.472040,0.573044
5,0.050000,45.500000,24.000000,1.000000,0.300000,0.912415
5,0.100000,24.190022,17.000000,0.300000,1.000000,0.987585
5,0.100000,39.154213,16.000000,0.306552,0.300000,1.105863
5,0.100000,24.190022,9.000000,0.300000,1.000000,0.987585
5,0.050000,14.272430,5.000000,0.402097,0.734348,1.119836
5,0.050000,14.595016,3.000000,0.300000,0.300000,1.612415
6,0.085142,41.174099,36.000000,0.815909,0.472040,0.000000
6,0.100000,48.250000,36.000000,1.000000,0.916711,0.777339
6,0.050000,18.214035,25.000000,0.727445,0.300000,0.611926
6,0.100000,38.328381,24.000000,0.497638,0.948113,0.942921
6,0.100000,45.496567,21.000000,0.816807,0.486177,0.163613
6,0.100000,23.250000,17.000000,1.000000,0.300000,0.504709
6,0.100000,34.392525,17.000000,0.300000,0.935308,1.127754
6,0.050000,39.696262,11.000000,0.300000,1.000000,1.395291
6,0.071306,14.566821,10.000000,0.300000,1.000000,1.182231
6,0.078046,19.525864,3.000000,0.300000,1.000000,1.114830
7,0.100000,63.500000,39.000000,1.000000,0.378791,0.000000
7,0.100000,28.500000,31.000000,1.000000,1.000000,0.621209
7,0.085142,56.315804,27.000000,0.815909,0.472040,0.425918
7,0.100000,40.670303,25.000000,0.816155,0.300000,0.262636
7,0.050000,31.750000,21.000000,1.000000,0.300000,0.578791
7,0.050000,22.150051,19.000000,0.936433,0.300000,0.642358
7,0.100000,24.337469,14.000000,0.319259,0.300000,0.759532
7,0.050000,14.707512,11.000000,0.300000,0.698232,1.519441
7,0.056527,19.669327,7.000000,0.300000,1.000000,1.755937
7,0.050000,19.444332,6.000000,0.413490,1.000000,1.707718
8,0.100000,62.000000,43.000000,1.000000,1.000000,0.000000
8,0.088841,22.892700,32.000000,1.000000,1.000000,0.111588
8,0.100000,47.000000,32.000000,1.000000,0.300000,0.700000
8,0.050000,41.000000,26.000000,1.000000,0.978633,0.521367
8,0.050000,46.000000,23.000000,1.000000,0.300000,1.200000
8,0.100000,26.180363,17.000000,0.690979,1.000000,0.309021
8,0.050000,13.212158,8.000000,0.668551,0.635661,1.195787
8,0.050000,19.640015,7.000000,0.300000,1.000000,1.200000
8,0.050000,14.640015,6.000000,0.300000,0.300000,1.900000
8,0.100000,19.280012,6.000000,0.300000,0.826960,0.873040
9,0.100000,38.000000,31.000000,1.000000,1.000000,0.000000
9,0.100000,43.002552,31.000000,0.999821,0.650168,0.350011
9,0.075034,39.747650,28.000000,1.000000,0.988954,0.260708
9,0.099980,44.997482,23.000000,0.845452,1.000000,0.154750
9,0.074961,24.752724,19.000000,1.000000,0.650258,0.600130
9,0.094432,23.389755,18.000000,1.000000,0.999615,0.056066
9,0.075033,36.347794,18.000000,0.833877,0.818045,0.597744
9,0.074977,17.784958,13.000000,0.649645,1.000000,0.600580
9,0.075008,17.783197,10.000000,0.649770,0.649699,0.950450
9,0.100000,17.044151,9.000000,0.649818,0.913616,0.436566
10,0.087494,38.000488,29.000000,1.000000,0.994807,0.000000
10,0.099898,38.204468,25.000000,0.922124,1.000000,0.207103
10,0.097186,17.231934,24.000000,0.999561,1.000000,0.102551
10,0.087516,28.009888,23.000000,0.999199,0.824375,0.171456
10,0.087487,30.230675,23.000000,0.825488,1.000000,0.179773
10,0.100000,37.000000,22.000000,1.000000,1.000000,0.130251
10,0.099907,47.017937,22.000000,0.999344,0.825016,0.294578
10,0.087542,29.118534,18.000000,0.916410,0.908630,0.170241
10,0.087507,5.234567,8.000000,0.825056,0.824053,0.345831
10,0.100000,14.554810,6.000000,0.825013,0.957027,0.337825
11,0.098570,33.154625,30.000000,0.962263,1.000000,0.000000
11,0.092386,53.071064,30.000000,1.000000,0.913775,0.185810
11,0.092519,33.075165,26.000000,0.998986,0.997785,0.099449
11,0.098519,32.611031,25.000000,1.000000,0.911942,0.126306
11,0.092410,34.213684,23.000000,0.913716,0.998670,0.111484
11,0.098598,27.621250,21.000000,0.998912,0.998444,0.038477
11,0.078236,25.699196,18.000000,0.856132,0.613383,0.696092
11,0.097186,22.717438,17.000000,0.999561,1.000000,0.051141
11,0.073839,19.274387,6.000000,0.361974,0.485080,1.362524
11,0.079417,13.820801,4.000000,0.444944,0.941784,0.767070
12,0.095557,69.015152,38.000000,0.981606,0.956877,0.000000
12,0.098477,33.843369,27.000000,0.980722,0.999663,0.072869
12,0.098570,24.067371,26.000000,0.962263,1.000000,0.092594
12,0.095405,29.536549,25.000000,0.938623,0.998871,0.086498
12,0.095523,39.037457,21.000000,0.979957,0.998052,0.043170
12,0.098632,38.818905,20.000000,0.981900,0.955419,0.032495
12,0.088335,20.260687,17.000000,0.908518,0.806670,0.295517
12,0.097979,13.867817,13.000000,0.981263,0.999556,0.067232
12,0.089059,17.133291,9.000000,0.703713,0.970462,0.356465
12,0.086100,12.546804,4.000000,0.662076,0.743216,0.627768
13,0.098477,55.027340,35.000000,0.980722,0.999663,0.000000
13,0.097035,25.093868,28.000000,0.981352,0.976868,0.037846
13,0.098669,40.030548,24.000000,0.979452,0.975749,0.027097
13,0.096965,50.313393,22.000000,0.959495,1.000000,0.036686
13,0.097122,25.115456,21.000000,0.978756,0.997645,0.017540
13,0.093408,30.609962,19.000000,0.946156,0.901594,0.183329
13,0.098408,30.037109,17.000000,0.980107,0.998572,0.002405
13,0.098340,20.143890,13.000000,0.969838,0.999769,0.012360
13,0.092451,16.720152,11.000000,0.822034,0.872742,0.345868
13,0.093628,11.518839,10.000000,0.841547,0.983447,0.203881
14,0.100000,49.634602,38.000000,0.987690,1.000000,0.000000
14,0.098477,44.790543,36.000000,0.980722,0.999663,0.022531
14,0.100000,34.500000,30.000000,1.000000,1.000000,0.012310
14,0.069609,57.928013,25.000000,0.735666,0.353241,1.202690
14,0.100000,24.500000,18.000000,1.000000,0.300000,0.712310
14,0.078581,17.620903,13.000000,0.741935,0.300000,1.159949
14,0.097754,19.623495,12.000000,1.000000,0.300000,0.734766
14,0.080498,34.470589,11.000000,0.345799,0.300000,1.536911
14,0.100000,19.505013,10.000000,0.300000,1.000000,0.687690
14,0.050000,14.752510,7.000000,0.300000,1.000000,1.187690
1,0.088436,74.456749,33.000000,0.946275,0.305956,0.000000
1,0.074903,36.795441,27.000000,0.781785,0.542245,0.536114
1,0.066071,41.699936,24.000000,0.844710,0.676726,0.695983
1,0.075857,43.230003,23.000000,0.577355,0.840881,1.029637
1,0.063931,18.147829,21.000000,0.643337,0.690378,0.932414
1,0.053639,16.931412,18.000000,0.904022,0.787645,0.871909
1,0.061729,22.425838,17.000000,0.771838,0.698624,0.834178
1,0.063899,33.435726,16.000000,0.591375,0.347029,0.641347
1,0.057561,23.291277,11.000000,0.651212,0.619083,0.916937
1,0.099725,14.232880,10.000000,0.331497,0.462651,0.884363
2,0.081632,44.666103,34.000000,0.864144,0.424219,0.000000
2,0.074903,35.994301,28.000000,0.781785,0.542245,0.267683
2,0.070466,30.922340,26.000000,0.813226,0.609620,0.347986
2,0.064192,36.012192,23.000000,0.842605,0.664989,0.436712
2,0.087351,22.629318,20.000000,0.556928,0.502902,0.443089
2,0.068314,31.390484,19.000000,0.777080,0.621094,0.417126
2,0.069422,36.915684,17.000000,0.712569,0.616435,0.465896
2,0.066247,27.026701,13.000000,0.716197,0.580938,0.458522
2,0.069339,27.143927,11.000000,0.686110,0.444056,0.320810
2,0.075405,21.948933,9.000000,0.680019,0.690913,0.513096
3,0.070527,48.118656,28.000000,0.749394,0.561322,0.000000
3,0.072580,32.800354,26.000000,0.798771,0.576077,0.084659
3,0.071639,32.934994,26.000000,0.779004,0.581022,0.060426
3,0.074903,47.825478,25.000000,0.781785,0.542245,0.095225
3,0.072200,43.086124,20.000000,0.747035,0.580156,0.037924
3,0.078162,37.478302,18.000000,0.824141,0.484549,0.227873
3,0.069447,27.817469,18.000000,0.813405,0.604565,0.118052
3,0.075322,13.091132,15.000000,0.730435,0.616798,0.122385
3,0.081138,18.266731,13.000000,0.670616,0.523664,0.222549
3,0.072291,28.155947,11.000000,0.732823,0.494157,0.101373
4,0.076531,27.230026,32.000000,0.776682,0.551169,0.000000
4,0.074895,62.433960,26.000000,0.755666,0.580763,0.066968
4,0.073552,22.581129,24.000000,0.740347,0.600486,0.115439
4,0.074009,32.394684,22.000000,0.765967,0.598264,0.083020
4,0.073121,42.594105,20.000000,0.740527,0.587992,0.107075
4,0.078305,27.704498,20.000000,0.698985,0.568128,0.112405
4,0.075322,22.588783,18.000000,0.730435,0.616798,0.123964
4,0.073632,47.475334,18.000000,0.755955,0.598882,0.097428
4,0.072604,17.404343,14.000000,0.771912,0.608418,0.101282
4,0.073603,22.643385,6.000000,0.730502,0.557736,0.082021
5,0.050520,60.832085,38.000000,1.000000,0.784818,0.000000
5,0.050000,25.875000,30.000000,1.000000,1.000000,0.220380
5,0.075322,41.684574,28.000000,0.730435,0.616798,0.685605
5,0.050000,49.045536,21.000000,0.481029,1.000000,0.739351
5,0.050000,32.309841,20.000000,0.807560,1.000000,0.412820
5,0.050000,20.875000,18.000000,1.000000,0.300000,0.490015
5,0.082396,18.202335,17.000000,1.000000,0.300000,0.803578
5,0.094397,21.472387,10.000000,0.673033,0.300000,1.250553
5,0.050000,24.054296,9.000000,0.478807,1.000000,0.741573
5,0.050000,24.203588,9.000000,0.439394,0.300000,1.050622
6,0.089190,38.533714,37.000000,1.000000,0.822689,0.000000
6,0.100000,50.677944,34.000000,0.772104,0.300000,0.858685
6,0.100000,42.750000,34.000000,1.000000,0.300000,0.630789
6,0.064989,35.288284,21.000000,1.000000,1.000000,0.419318
6,0.075322,42.086445,20.000000,0.730435,0.616798,0.614138
6,0.050000,19.673763,15.000000,0.300000,1.000000,1.269211
6,0.057655,19.623808,13.000000,0.300000,0.901131,1.093790
6,0.050000,28.378830,12.000000,0.668740,0.300000,1.245849
6,0.050000,14.673763,7.000000,0.300000,0.300000,1.614589
6,0.100000,29.347523,7.000000,0.300000,0.300000,1.330789
7,0.100000,54.250000,39.000000,1.000000,1.000000,0.000000
7,0.064989,36.263130,35.000000,1.000000,1.000000,0.350107
7,0.100000,44.250000,32.000000,1.000000,1.000000,0.000000
7,0.100000,39.250000,22.000000,1.000000,0.550343,0.449657
7,0.063649,36.340202,22.000000,1.000000,0.653849,0.709665
7,0.050000,18.127491,18.000000,0.807038,0.300000,1.392962
7,0.050000,19.741261,9.000000,0.300000,1.000000,1.200000
7,0.050000,19.741261,8.000000,0.300000,1.000000,1.200000
7,0.050000,24.741261,8.000000,0.300000,0.554644,1.645356
7,0.096484,29.500687,7.000000,0.300000,1.000000,0.735157
8,0.100000,53.750000,38.000000,1.000000,1.000000,0.000000
8,0.100000,38.750000,33.000000,1.000000,1.000000,0.000000
8,0.050000,41.875000,27.000000,1.000000,0.556992,0.943008
8,0.050000,31.875000,22.000000,1.000000,1.000000,0.500000
8,0.050000,29.337343,19.000000,0.460484,1.000000,1.039516
8,0.050000,16.875000,16.000000,1.000000,0.879779,0.620221
8,0.100000,27.847515,13.000000,0.586852,0.300000,1.113147
8,0.050000,27.166058,13.000000,0.952294,0.861006,0.686700
8,0.100000,26.619846,10.000000,0.735407,1.000000,0.264593
8,0.050000,24.718761,9.000000,0.300000,1.000000,1.200000
9,0.100000,35.750000,30.000000,1.000000,1.000000,0.000000
9,0.074974,51.813610,29.000000,1.000000,0.939716,0.310548
9,0.099970,40.752270,27.000000,0.999882,1.000000,0.000418
9,0.074971,46.813732,24.000000,1.000000,0.778584,0.471702
9,0.075008,23.297724,18.000000,0.730747,0.999894,0.519280
9,0.074944,36.816925,17.000000,0.999678,0.999624,0.251261
9,0.099990,27.324911,16.000000,0.793404,0.649572,0.557119
9,0.074970,16.961590,16.000000,0.976529,0.930434,0.343338
9,0.100000,26.801380,14.000000,0.867533,0.999596,0.132871
9,0.074964,13.655565,9.000000,0.649605,0.999717,0.601041
10,0.087508,49.225586,29.000000,0.988728,0.965155,0.000000
10,0.087414,39.103722,28.000000,0.999651,0.970584,0.017300
10,0.087455,39.096825,24.000000,1.000000,0.888582,0.088383
10,0.100000,39.568462,21.000000,0.897034,0.825011,0.356753
10,0.087533,29.102757,20.000000,0.999051,1.000000,0.045409
10,0.100000,23.250000,19.000000,1.000000,1.000000,0.171032
10,0.099892,18.257313,19.000000,1.000000,1.000000,0.169950
10,0.087530,30.985441,15.000000,0.824309,1.000000,0.199476
10,0.087581,20.571295,13.000000,0.865526,1.000000,0.158778
10,0.099940,4.109079,12.000000,0.934481,1.000000,0.213406
11,0.087422,45.103634,30.000000,0.910907,0.944938,0.000000
11,0.087692,20.091118,26.000000,0.910668,1.000000,0.058001
11,0.093863,49.729240,25.000000,0.912088,1.000000,0.120652
11,0.087530,30.985426,25.000000,0.824309,1.000000,0.142734
11,0.087654,30.140091,22.000000,0.906312,0.981820,0.043792
11,0.093781,29.719765,21.000000,0.913307,0.998610,0.119663
11,0.090045,45.181293,18.000000,0.890395,0.984825,0.043792
11,0.087497,20.084320,17.000000,0.912313,0.983870,0.041088
11,0.090638,10.234594,10.000000,0.882558,0.986126,0.120652
11,0.090046,20.211472,6.000000,0.887597,0.982050,0.086662
12,0.050000,56.500000,35.000000,1.000000,1.000000,0.000000
12,0.050000,46.500000,30.000000,1.000000,1.000000,0.000000
12,0.087692,44.909286,29.000000,0.910668,1.000000,0.466254
12,0.100000,23.000000,22.000000,1.000000,0.300000,1.200000
12,0.100000,28.330156,20.000000,0.488417,1.000000,1.011583
12,0.100000,22.075768,16.000000,0.646333,1.000000,0.853667
12,0.100000,29.370024,14.000000,0.300000,0.634067,1.565933
12,0.050000,16.500000,13.000000,1.000000,0.300000,0.700000
12,0.050000,32.943741,11.000000,0.766489,1.000000,0.233511
12,0.100000,19.370026,10.000000,0.300000,0.300000,1.900000
13,0.100000,62.750000,32.000000,1.000000,0.300000,0.000000
13,0.050000,26.375000,31.000000,1.000000,1.000000,1.200000
13,0.050000,32.870319,27.000000,0.766489,1.000000,1.433511
13,0.050000,31.375000,26.000000,1.000000,0.300000,0.500000
13,0.066985,35.143524,21.000000,1.000000,0.636772,0.666918
13,0.050000,36.375000,20.000000,1.000000,0.553500,0.753500
13,0.100000,39.347527,16.000000,0.300000,0.300000,0.700000
13,0.050000,19.331036,15.000000,0.429590,0.401331,1.171741
13,0.050000,26.375000,10.000000,1.000000,1.000000,1.200000
13,0.061109,9.601275,2.000000,0.300000,1.000000,1.788907
14,0.050000,59.875000,43.000000,1.000000,1.000000,0.000000
14,0.050000,64.875000,37.000000,1.000000,0.300000,0.700000
14,0.100000,25.793884,29.000000,0.640587,1.000000,0.859413
14,0.100000,44.750000,24.000000,1.000000,0.300000,1.200000
14,0.050000,24.875000,24.000000,1.000000,0.300000,0.700000
14,0.100000,14.750000,18.000000,1.000000,0.300000,1.200000
14,0.100000,19.077518,10.000000,0.300000,0.300000,1.900000
14,0.100000,9.077498,7.000000,0.300000,0.758208,1.441792
14,0.100000,24.077534,5.000000,0.300000,1.000000,1.200000
14,0.050000,18.924576,3.000000,0.458084,0.300000,1.241916
15,0.050000,35.875000,40.000000,1.000000,1.000000,0.000000
15,0.050000,55.875000,40.000000,1.000000,0.864504,0.135496
15,0.050000,55.875000,34.000000,1.000000,1.000000,0.000000
15,0.071571,50.862160,24.000000,0.837124,0.300000,1.078587
15,0.100000,24.257523,16.000000,0.300000,0.758208,1.441792
15,0.100000,34.257530,12.000000,0.300000,0.804121,1.395879
15,0.050000,14.628765,10.000000,0.300000,0.759978,0.940022
15,0.076773,19.429939,9.000000,0.300000,0.300000,1.667735
15,0.050000,24.628765,8.000000,0.300000,0.301342,1.398658
15,0.100000,14.257499,7.000000,0.300000,0.300000,1.900000
16,0.050000,37.500000,29.000000,1.000000,0.864504,0.000000
16,0.050014,42.500385,29.000000,0.999785,0.932157,0.068003
16,0.050011,52.499771,29.000000,0.999932,0.932186,0.067862
16,0.063365,43.660583,23.000000,0.650203,0.582418,0.765529
16,0.060806,32.435982,20.000000,0.918339,0.581945,0.472278
16,0.075021,23.415979,18.000000,0.649836,0.834562,0.630319
16,0.074990,33.414124,16.000000,0.650349,0.811206,0.652850
16,0.050000,23.943474,15.000000,0.650087,0.582598,0.631820
16,0.050037,23.941837,14.000000,0.650350,0.812344,0.402181
16,0.074993,18.414536,7.000000,0.650250,0.582401,0.881788
17,0.050086,47.620941,29.000000,1.000000,0.898077,0.000000
17,0.062487,42.976810,28.000000,0.825615,0.849723,0.346753
17,0.050058,42.624638,23.000000,0.999497,0.898057,0.000798
17,0.056608,33.168362,23.000000,0.825343,0.723262,0.414696
17,0.050000,32.625000,22.000000,1.000000,0.864504,0.034428
17,0.055421,27.574663,21.000000,0.959846,0.723036,0.268551
17,0.050000,48.384148,19.000000,0.824840,0.723724,0.350368
17,0.062524,17.980547,16.000000,0.824605,0.838406,0.359451
17,0.062441,17.983587,13.000000,0.824533,0.722838,0.474262
17,0.050000,18.384186,6.000000,0.824826,0.838163,0.235943
18,0.062487,37.976810,29.000000,0.825615,0.849723,0.000000
18,0.056338,42.766262,29.000000,0.913624,0.874624,0.174400
18,0.056197,32.776234,23.000000,0.912724,0.875157,0.175439
18,0.062578,27.979786,23.000000,0.824402,0.845373,0.006477
18,0.059662,48.062401,20.000000,0.826869,0.787999,0.091225
18,0.056369,37.772060,20.000000,0.912192,0.855927,0.153963
18,0.058992,42.766716,20.000000,0.892744,0.785078,0.166719
18,0.056364,33.170609,16.000000,0.826623,0.785335,0.126627
18,0.062525,7.980927,11.000000,0.824522,0.787704,0.063493
18,0.056252,18.175955,9.000000,0.826226,0.844361,0.068318
19,0.062752,46.998814,29.000000,0.826576,0.847200,0.000000
19,0.060648,31.854076,27.000000,0.860834,0.819554,0.082948
19,0.062487,27.018459,24.000000,0.825615,0.849723,0.006134
19,0.059268,41.864788,20.000000,0.869308,0.860206,0.090577
19,0.059662,41.862312,20.000000,0.866775,0.861777,0.085678
19,0.061173,12.064873,19.000000,0.827914,0.819679,0.044652
19,0.059736,41.821182,19.000000,0.871903,0.851451,0.079743
19,0.062228,37.040924,15.000000,0.824207,0.820226,0.034586
19,0.059379,7.179272,14.000000,0.823783,0.848325,0.037643
19,0.059669,32.130539,13.000000,0.828849,0.817592,0.062711
20,0.100000,28.000000,30.000000,1.000000,1.000000,0.000000
20,0.066677,40.332550,27.000000,1.000000,1.000000,0.333225
20,0.100000,48.000000,27.000000,1.000000,0.835279,0.164721
20,0.100000,43.000000,26.000000,1.000000,0.300000,0.700000
20,0.056892,22.391766,23.000000,0.809283,1.000000,0.621799
20,0.059268,26.864813,22.000000,0.869308,0.860206,0.677806
20,0.100000,34.529758,15.000000,0.884003,0.300000,0.815997
20,0.100000,24.370026,12.000000,0.300000,1.000000,0.700000
20,0.100000,17.716209,12.000000,0.571188,1.000000,0.428812
20,0.100000,24.370022,6.000000,0.300000,1.000000,0.700000
21,0.100000,48.250000,29.000000,1.000000,1.000000,0.000000
21,0.100000,54.830402,25.000000,0.875136,0.824346,0.300518
21,0.050000,31.625000,24.000000,1.000000,0.947737,0.552263
21,0.050000,11.625000,22.000000,1.000000,0.552629,0.947371
21,0.075065,14.933084,21.000000,1.000000,0.869070,0.380277
21,0.073195,17.225574,20.000000,0.749368,0.646306,0.552263
21,0.100000,28.250000,19.000000,1.000000,0.300000,0.700000
21,0.072507,37.216724,17.000000,0.754114,0.641316,0.879505
21,0.050000,28.019680,13.000000,0.766002,0.300000,1.433998
21,0.072401,37.255753,10.000000,0.749355,0.644259,0.700000
22,0.100000,48.750000,40.000000,1.000000,1.000000,0.000000
22,0.100000,38.750000,34.000000,1.000000,1.000000,0.000000
22,0.050000,56.875000,32.000000,1.000000,0.738470,0.761530
22,0.050000,41.875000,30.000000,1.000000,1.000000,0.500000
22,0.050853,43.429680,21.000000,0.702908,1.000000,0.788564
22,0.100000,8.750000,13.000000,1.000000,0.399715,0.600285
22,0.050000,31.875000,12.000000,1.000000,0.302204,1.197796
22,0.050000,19.718761,9.000000,0.300000,1.000000,1.200000
22,0.050000,16.875000,6.000000,1.000000,0.300000,1.200000
22,0.061601,9.653506,3.000000,0.300000,0.300000,1.783994
23,0.100000,31.250000,37.000000,1.000000,0.399715,0.000000
23,0.095043,71.683746,36.000000,1.000000,0.882444,0.532297
23,0.079877,13.010788,27.000000,1.000000,0.300000,0.300949
23,0.100000,41.138496,22.000000,0.664316,0.300000,0.435399
23,0.050000,40.625000,22.000000,1.000000,0.977303,1.077587
23,0.100000,26.667480,20.000000,0.617139,0.639087,0.622232
23,0.100000,29.212530,11.000000,0.300000,1.000000,1.300285
23,0.050000,24.606266,11.000000,0.300000,1.000000,1.800285
23,0.050000,24.606266,8.000000,0.300000,0.890272,1.690557
23,0.075282,9.086394,6.000000,0.372419,0.300000,0.974479
24,0.075001,50.687759,30.000000,0.999963,0.688460,0.000000
24,0.097555,29.390556,27.000000,1.000000,0.641025,0.273012
24,0.100000,49.250000,26.000000,1.000000,0.399715,0.538770
24,0.100000,31.242355,26.000000,0.808394,0.519481,0.610536
24,0.089923,39.829426,23.000000,1.000000,0.350195,0.487519
24,0.099963,17.571543,19.000000,0.649998,0.700067,0.611188
24,0.100000,36.016087,17.000000,0.832377,0.350014,0.756021
24,0.075001,28.176672,14.000000,0.650228,0.644950,0.393253
24,0.074959,13.178997,9.000000,0.649993,0.699621,0.361552
24,0.087654,17.628441,9.000000,0.685957,0.350011,0.778982
25,0.089923,67.806152,35.000000,1.000000,0.350195,0.000000
25,0.093662,67.506981,33.000000,1.000000,0.495290,0.182490
25,0.094978,24.821959,26.000000,0.825518,0.525166,0.400008
25,0.082460,13.403168,23.000000,1.000000,0.518803,0.243235
25,0.094880,17.409607,21.000000,1.000000,0.374495,0.073872
25,0.095003,23.783508,18.000000,0.904397,0.434425,0.230633
25,0.094890,28.637451,14.000000,0.915502,0.350715,0.134692
25,0.082437,20.510010,12.000000,0.825120,0.524785,0.424331
25,0.088844,14.941772,11.000000,0.843610,0.349641,0.167736
25,0.082469,10.503693,7.000000,0.825537,0.498027,0.396830
26,0.089923,19.604631,28.000000,1.000000,0.350195,0.000000
26,0.086308,44.822063,25.000000,0.999944,0.433428,0.119435
26,0.091880,24.488058,23.000000,0.999925,0.423729,0.093176
26,0.092335,45.397461,23.000000,0.911465,0.436494,0.198955
26,0.086023,35.688782,21.000000,0.913940,0.436573,0.211437
26,0.092446,34.977341,20.000000,0.951580,0.392035,0.115495
26,0.092299,34.462067,18.000000,1.000000,0.362041,0.035605
26,0.092313,24.906830,17.000000,0.958931,0.350815,0.065587
26,0.089259,10.444359,13.000000,0.922305,0.350466,0.084609
26,0.086224,25.698582,12.000000,0.911834,0.424669,0.199630
1,0.081666,20.068611,33.000000,0.843608,0.383730,0.000000
1,0.072884,50.074577,31.000000,0.728584,0.902454,0.721561
1,0.083854,8.869492,27.000000,0.849040,0.444863,0.088446
1,0.096032,8.917252,27.000000,0.570254,0.596436,0.629720
1,0.076848,12.770969,23.000000,0.749447,0.850781,0.609393
1,0.089768,24.690948,18.000000,0.338879,0.998646,1.200672
1,0.059985,20.992844,17.000000,0.539965,0.429153,0.565868
1,0.057012,22.357008,12.000000,0.510207,0.702108,0.898312
1,0.090867,18.885460,8.000000,0.361476,0.682159,0.872572
1,0.055407,9.067984,4.000000,0.455950,0.582792,0.849307
2,0.079278,36.447861,26.000000,0.796590,0.617635,0.000000
2,0.069329,24.593338,23.000000,0.677302,0.543364,0.293049
2,0.077236,26.877426,22.000000,0.786522,0.643575,0.056428
2,0.082740,19.922750,21.000000,0.846424,0.413876,0.288212
2,0.070787,24.244576,21.000000,0.691569,0.406904,0.400666
2,0.068522,30.082968,21.000000,0.649697,0.483465,0.388627
2,0.081666,35.119736,20.000000,0.843608,0.383730,0.304795
2,0.085704,34.911694,17.000000,0.590962,0.690879,0.343128
2,0.088864,27.448624,16.000000,0.707009,0.489915,0.313157
2,0.086259,19.677090,13.000000,0.602489,0.533442,0.348096
3,0.076857,31.045082,31.000000,0.768587,0.410990,0.000000
3,0.076146,11.299585,25.000000,0.766962,0.396395,0.023327
3,0.078170,51.570877,23.000000,0.641473,0.549462,0.278716
3,0.069654,16.919035,22.000000,0.670689,0.445939,0.204872
3,0.074928,12.656193,19.000000,0.744598,0.512686,0.144972
3,0.069933,21.343781,19.000000,0.683905,0.476202,0.219128
3,0.078460,1.302852,19.000000,0.646641,0.471253,0.198240
3,0.079846,23.694588,17.000000,0.699378,0.449121,0.137233
3,0.073952,18.146088,15.000000,0.738836,0.525015,0.172826
3,0.070787,5.865482,10.000000,0.691569,0.406904,0.141801
4,0.077320,27.765778,35.000000,0.720963,0.479064,0.000000
4,0.074928,37.522430,26.000000,0.744598,0.512686,0.081179
4,0.072063,33.481400,23.000000,0.708899,0.477319,0.066376
4,0.076496,33.378815,20.000000,0.693445,0.531686,0.088378
4,0.072671,33.359314,19.000000,0.712508,0.496783,0.072667
4,0.075854,17.175249,18.000000,0.757024,0.462777,0.067005
4,0.076823,38.353504,18.000000,0.693291,0.494095,0.047671
4,0.074298,32.661781,17.000000,0.740744,0.518933,0.089868
4,0.072676,13.238327,13.000000,0.718944,0.461035,0.066489
4,0.075406,12.223053,11.000000,0.756950,0.453710,0.080486
5,0.100000,-18.000000,38.000000,1.000000,0.300000,0.000000
5,0.050000,41.000000,37.000000,1.000000,0.984340,1.184340
5,0.097428,22.977421,30.000000,1.000000,0.546705,0.272425
5,0.088163,28.361282,21.000000,0.589411,1.000000,1.228960
5,0.100000,22.662201,19.000000,0.439433,0.300000,0.560567
5,0.074298,24.508286,18.000000,0.740744,0.518933,0.735205
5,0.050000,20.301678,13.000000,0.714452,1.000000,1.485548
5,0.100000,-17.764908,12.000000,0.996902,0.300000,0.003098
5,0.100000,26.580139,7.000000,0.300000,0.300000,0.700000
5,0.079654,17.275909,5.000000,0.300000,0.300000,0.903457
6,0.100000,38.500000,49.000000,1.000000,0.755763,0.000000
6,0.100000,28.078911,32.000000,0.834209,0.616405,0.305149
6,0.100000,23.500000,31.000000,1.000000,1.000000,0.244237
6,0.100000,35.014469,21.000000,0.563026,1.000000,0.681211
6,0.050000,4.250000,20.000000,1.000000,0.749770,0.505993
6,0.100000,32.165108,16.000000,0.300000,1.000000,0.944237
6,0.100000,27.165102,13.000000,0.300000,0.883292,0.827528
6,0.082169,17.088451,9.000000,0.335393,0.300000,1.298676
6,0.100000,7.164995,5.000000,0.300000,1.000000,0.944237
6,0.079654,12.741777,4.000000,0.300000,0.300000,1.359220
1,0.060278,24.608692,34.000000,0.925433,0.553938,0.000000
1,0.078019,6.590755,30.000000,0.772895,0.428969,0.454912
1,0.084855,37.419121,27.000000,0.820791,0.670005,0.466472
1,0.082853,12.414730,22.000000,0.997836,0.580137,0.324347
1,0.064220,17.047783,20.000000,0.714560,0.894420,0.590778
1,0.093621,27.588745,19.000000,0.579326,0.612272,0.737872
1,0.074953,23.922150,17.000000,0.453086,0.901169,0.966324
1,0.069227,16.550253,14.000000,0.926043,0.828622,0.364785
1,0.057196,14.641112,13.000000,0.487034,0.320444,0.702717
1,0.092934,7.841166,4.000000,0.441608,0.311889,1.052433
2,0.076915,32.380753,33.000000,0.752072,0.583149,0.000000
2,0.062239,23.035179,27.000000,0.820382,0.724361,0.356278
2,0.060278,29.092453,24.000000,0.925433,0.553938,0.368939
2,0.064716,22.522797,24.000000,0.926062,0.691158,0.403992
2,0.071568,8.174458,23.000000,0.962026,0.566631,0.279939
2,0.069170,-0.217562,20.000000,0.849528,0.491308,0.266743
2,0.076595,25.502785,17.000000,0.683623,0.433009,0.221791
2,0.058747,3.135381,14.000000,0.706169,0.436963,0.373772
2,0.067616,6.981304,10.000000,0.689498,0.727127,0.299546
2,0.072586,12.581196,8.000000,0.873276,0.611633,0.192975
3,0.074135,51.978985,37.000000,0.857312,0.575979,0.000000
3,0.070740,28.928385,24.000000,0.839661,0.636016,0.111631
3,0.073115,-4.773691,20.000000,0.800070,0.538078,0.105341
3,0.069690,16.830252,19.000000,0.785552,0.652591,0.192819
3,0.068598,9.664472,19.000000,0.837643,0.568779,0.082236
3,0.067719,9.815762,18.000000,0.728498,0.510164,0.258782
3,0.072179,14.197468,18.000000,0.719853,0.655624,0.236654
3,0.074817,19.060980,18.000000,0.813891,0.597188,0.071453
3,0.076882,8.210923,17.000000,0.718929,0.507600,0.234241
3,0.076915,6.619541,10.000000,0.752072,0.583149,0.140212
4,0.071335,34.968315,27.000000,0.849215,0.571645,0.000000
4,0.074535,49.851585,26.000000,0.835605,0.585081,0.059048
4,0.075481,25.855349,24.000000,0.788224,0.542936,0.131156
4,0.072477,19.797878,22.000000,0.849622,0.604820,0.045005
4,0.071663,20.543423,20.000000,0.822626,0.613547,0.071770
4,0.074135,24.374916,19.000000,0.857312,0.575979,0.040424
4,0.071124,26.286503,19.000000,0.792630,0.542968,0.087374
4,0.073180,36.102417,19.000000,0.789630,0.616313,0.122700
4,0.075566,10.408741,13.000000,0.806785,0.579123,0.092213
4,0.073678,5.159684,11.000000,0.827596,0.556599,0.060094
5,0.050000,39.000000,33.000000,1.000000,0.777230,0.000000
5,0.100000,28.000000,28.000000,1.000000,0.725277,0.551952
5,0.050000,46.230022,28.000000,0.892897,1.000000,0.329873
5,0.071335,18.682219,26.000000,0.849215,0.571645,0.569720
5,0.100000,26.377396,25.000000,0.786898,1.000000,0.935872
5,0.086708,16.120422,17.000000,0.852995,1.000000,0.736859
5,0.050000,29.010040,13.000000,0.300000,1.000000,0.922770
5,0.064689,23.719162,13.000000,0.300000,0.696616,0.927505
5,0.100000,13.019997,9.000000,0.300000,0.300000,1.677230
5,0.100000,23.020035,8.000000,0.300000,1.000000,1.422770
6,0.050000,32.000000,35.000000,1.000000,0.777230,0.000000
6,0.100000,9.000000,34.000000,1.000000,0.300000,0.977230
6,0.050000,12.000000,29.000000,1.000000,1.000000,0.222770
6,0.100000,10.802351,28.000000,0.974645,1.000000,0.748125
6,0.100000,14.000000,21.000000,1.000000,0.300000,0.977230
6,0.100000,-6.000000,17.000000,1.000000,0.300000,0.977230
6,0.050000,30.274334,14.000000,0.735064,0.300000,0.742166
6,0.050000,28.380066,13.000000,0.300000,1.000000,0.922770
6,0.100000,16.760099,7.000000,0.300000,0.300000,1.677230
6,0.065510,4.600906,2.000000,0.478469,1.000000,0.899402
1,0.061479,27.112194,35.000000,0.935450,0.621680,0.000000
1,0.089823,48.360352,33.000000,0.851208,0.418322,0.571042
1,0.079052,30.084557,25.000000,0.432446,0.846638,0.903691
1,0.091011,43.431278,23.000000,0.465908,0.397980,0.988565
1,0.057008,20.208288,20.000000,0.502781,0.792892,0.648584
1,0.070756,20.600206,17.000000,0.432457,0.447386,0.770061
1,0.066152,32.429943,16.000000,0.341821,0.550784,0.711263
1,0.097698,14.299799,14.000000,0.573927,0.522166,0.823234
1,0.099585,12.922275,12.000000,0.462332,0.313550,1.162311
1,0.054510,15.969038,5.000000,0.471601,0.513282,0.641936
2,0.070309,44.302700,35.000000,0.684215,0.733735,0.000000
2,0.088400,17.723503,27.000000,0.503263,0.684689,0.410908
2,0.084499,38.701317,25.000000,0.641424,0.632191,0.286238
2,0.089347,34.182968,24.000000,0.447579,0.580056,0.580693
2,0.068047,30.167309,22.000000,0.467466,0.820162,0.325794
2,0.074915,25.437933,19.000000,0.432865,0.646535,0.384608
2,0.072587,36.455555,16.000000,0.387618,0.698610,0.354502
2,0.079052,10.195370,13.000000,0.432446,0.846638,0.452098
2,0.085085,24.431923,11.000000,0.448727,0.622668,0.494312
2,0.066755,25.571014,8.000000,0.451829,0.679592,0.322069
3,0.086755,48.850708,41.000000,0.476256,0.653340,0.000000
3,0.078296,24.212627,27.000000,0.486344,0.753242,0.194581
3,0.081601,44.409470,27.000000,0.468231,0.664736,0.070969
3,0.079421,26.238832,25.000000,0.594138,0.707951,0.245840
3,0.086310,16.174782,17.000000,0.572014,0.658033,0.104901
3,0.083651,19.252224,16.000000,0.468906,0.764475,0.149528
3,0.088817,28.757986,12.000000,0.474227,0.632701,0.043285
3,0.080501,34.997025,12.000000,0.445953,0.691887,0.131392
3,0.077665,19.461632,12.000000,0.477699,0.683400,0.122407
3,0.088400,23.003368,11.000000,0.503263,0.684689,0.074801
4,0.082992,48.043476,33.000000,0.474366,0.659955,0.000000
4,0.079193,43.666862,28.000000,0.463347,0.687607,0.076657
4,0.082057,36.657742,25.000000,0.522421,0.669531,0.066981
4,0.082432,33.058487,22.000000,0.475464,0.670858,0.017601
4,0.078544,31.662857,21.000000,0.533811,0.694119,0.138086
4,0.079724,28.380264,17.000000,0.472126,0.673796,0.048754
4,0.080921,18.255213,14.000000,0.473029,0.725278,0.087371
4,0.083261,17.585083,14.000000,0.488954,0.681527,0.038849
4,0.077665,18.398174,13.000000,0.477699,0.683400,0.080046
4,0.078293,3.162980,13.000000,0.484182,0.720066,0.116911
5,0.100000,33.484390,40.000000,0.816882,0.604853,0.000000
5,0.100000,45.250000,37.000000,1.000000,0.831206,0.409471
5,0.100000,25.397911,20.000000,0.431209,1.000000,0.780820
5,0.050000,22.625000,19.000000,1.000000,0.503278,0.784694
5,0.083261,35.073383,15.000000,0.488954,0.681527,0.571995
5,0.050000,23.886295,15.000000,0.300000,0.300000,1.321735
5,0.100000,10.369288,14.000000,0.432551,0.581513,0.407671
5,0.050000,18.886295,14.000000,0.300000,1.000000,1.412028
5,0.050000,29.671116,13.000000,0.656211,1.000000,1.055818
5,0.050000,28.886295,13.000000,0.300000,1.000000,1.412028
6,0.050000,48.102615,30.000000,0.930193,1.000000,0.000000
6,0.050000,16.946564,29.000000,0.974341,1.000000,0.044149
6,0.050000,31.250000,29.000000,1.000000,1.000000,0.069807
6,0.100000,17.500000,25.000000,1.000000,0.300000,1.269807
6,0.100000,16.948557,24.000000,0.915553,0.300000,1.214640
6,0.100000,37.063271,23.000000,0.685873,0.430392,1.313928
6,0.050000,16.250000,20.000000,1.000000,0.300000,0.769807
6,0.050000,23.762550,9.000000,0.300000,0.300000,1.330193
6,0.100000,12.524996,7.000000,0.300000,1.000000,1.130193
6,0.050000,8.762550,4.000000,0.300000,1.000000,0.630193
7,0.100000,33.250000,47.000000,1.000000,1.000000,0.000000
7,0.050000,34.125000,32.000000,1.000000,0.300000,1.200000
7,0.050000,40.926090,31.000000,0.941566,1.000000,0.558434
7,0.100000,27.396666,23.000000,0.744605,0.300000,0.955395
7,0.050000,38.571308,17.000000,0.300000,0.619624,1.580376
7,0.050000,18.571308,12.000000,0.300000,0.842301,1.357699
7,0.100000,17.142570,11.000000,0.300000,0.300000,1.400000
7,0.100000,12.142495,11.000000,0.300000,0.894095,0.805905
7,0.100000,22.142559,10.000000,0.300000,0.600391,1.099609
7,0.050000,13.571308,6.000000,0.300000,1.000000,1.200000
8,0.100000,23.500000,37.000000,1.000000,1.000000,0.000000
8,0.100000,58.434437,33.000000,0.902103,1.000000,0.097897
8,0.100000,18.500000,33.000000,1.000000,1.000000,0.000000
8,0.050000,41.275902,24.000000,0.811435,0.300000,1.388565
8,0.050000,7.434176,19.000000,0.973839,1.000000,0.526161
8,0.100000,32.615086,19.000000,0.300000,0.958923,0.741077
8,0.100000,17.615089,12.000000,0.300000,1.000000,0.700000
8,0.050000,23.807549,12.000000,0.300000,1.000000,1.200000
8,0.100000,12.614996,10.000000,0.300000,0.300000,1.400000
8,0.100000,7.614996,1.000000,0.300000,0.894095,0.805905
9,0.099995,52.775639,38.000000,0.650154,0.946563,0.000000
9,0.074979,17.605436,32.000000,0.636918,0.947516,0.264359
9,0.100000,45.278465,26.000000,0.601049,0.947275,0.049863
9,0.075032,50.569859,25.000000,0.555353,0.596651,0.694344
9,0.099945,7.814812,22.000000,0.649580,0.947012,0.001528
9,0.099983,21.329807,17.000000,0.300138,0.947433,0.351010
9,0.100000,16.324800,14.000000,0.300318,0.926598,0.369846
9,0.075041,22.247932,13.000000,0.300000,0.947210,0.600350
9,0.100000,11.332494,7.000000,0.300000,0.894095,0.402667
9,0.099993,16.332697,6.000000,0.300000,0.596929,0.699815
10,0.087519,19.015549,29.000000,0.603153,0.771847,0.000000
10,0.087505,29.477242,26.000000,0.427711,0.772226,0.175958
10,0.087489,24.059443,25.000000,0.602053,0.772167,0.001726
10,0.075032,37.016212,21.000000,0.555353,0.596651,0.347864
10,0.087501,19.910477,20.000000,0.578119,0.771609,0.025450
10,0.074965,15.798538,19.000000,0.596473,0.772125,0.132496
10,0.075077,55.251091,19.000000,0.428190,0.772013,0.299547
10,0.087551,29.482243,19.000000,0.427408,0.745875,0.202040
10,0.087495,29.466721,12.000000,0.428138,0.596575,0.350524
10,0.087554,14.477242,10.000000,0.427592,0.761618,0.186142
1,0.083962,43.389111,34.000000,0.805388,0.585533,0.000000
1,0.080979,9.950763,29.000000,0.900974,0.421635,0.289314
1,0.055652,28.831772,23.000000,0.975986,0.368411,0.670826
1,0.092082,18.261745,23.000000,0.772002,0.889030,0.418079
1,0.096311,15.595225,19.000000,0.812767,0.488798,0.227601
1,0.054885,36.005188,18.000000,0.488505,0.784697,0.806824
1,0.080106,9.689283,16.000000,0.466225,0.407764,0.555493
1,0.097239,19.129576,15.000000,0.605417,0.305967,0.612301
1,0.087004,29.513947,14.000000,0.454686,0.450587,0.516063
1,0.093354,8.814965,9.000000,0.753948,0.451661,0.279225
2,0.091688,15.470167,30.000000,0.633399,0.469173,0.000000
2,0.071251,0.574457,27.000000,0.715930,0.409944,0.346125
2,0.083926,34.740253,25.000000,0.678465,0.435811,0.156046
2,0.085466,31.613556,22.000000,0.629703,0.518401,0.115142
2,0.083568,47.992043,21.000000,0.460768,0.428802,0.294203
2,0.089571,11.668846,20.000000,0.613834,0.669579,0.241140
2,0.092169,44.782669,20.000000,0.529757,0.378336,0.199283
2,0.090103,26.977232,19.000000,0.604901,0.450475,0.063043
2,0.070983,18.775990,13.000000,0.471152,0.617920,0.518045
2,0.087004,2.895105,3.000000,0.454686,0.450587,0.244139
3,0.086815,32.645447,28.000000,0.646956,0.552006,0.000000
3,0.087467,48.503952,28.000000,0.621739,0.593017,0.072744
3,0.086493,21.479767,27.000000,0.538266,0.549601,0.114319
3,0.080476,32.926506,26.000000,0.664272,0.540525,0.092195
3,0.080325,31.990318,22.000000,0.541553,0.644337,0.262636
3,0.090517,12.997525,18.000000,0.624498,0.569735,0.077201
3,0.089889,28.665998,18.000000,0.608974,0.559787,0.076499
3,0.088272,16.408951,13.000000,0.535022,0.559141,0.133632
3,0.089571,3.525079,11.000000,0.613834,0.669579,0.178252
3,0.090782,14.920749,9.000000,0.571446,0.523547,0.143637
4,0.085149,50.368710,30.000000,0.638439,0.603725,0.000000
4,0.080428,41.919098,27.000000,0.601718,0.591996,0.095654
4,0.083804,19.978031,25.000000,0.656465,0.547705,0.087497
4,0.085370,10.164112,22.000000,0.644350,0.553397,0.058450
4,0.084524,16.562927,22.000000,0.599752,0.549759,0.098901
4,0.080476,35.145874,21.000000,0.664272,0.540525,0.135766
4,0.084989,25.488888,15.000000,0.635040,0.548501,0.060220
4,0.083499,26.640194,14.000000,0.600653,0.546796,0.111210
4,0.083798,15.408027,12.000000,0.642251,0.567275,0.053774
4,0.085796,15.902786,12.000000,0.618145,0.530465,0.100026
5,0.051270,43.851318,45.000000,1.000000,0.956909,0.000000
5,0.074498,-0.730519,28.000000,1.000000,0.502693,0.686504
5,0.050000,34.375000,26.000000,1.000000,0.300000,0.669604
5,0.100000,16.466404,19.000000,0.572792,1.000000,0.957604
5,0.050000,9.375000,19.000000,1.000000,0.300000,0.669604
5,0.083798,25.741661,15.000000,0.642251,0.567275,1.072666
5,0.050000,18.143826,14.000000,0.300000,0.949332,0.720272
5,0.100000,16.287617,12.000000,0.300000,0.300000,1.844214
5,0.064496,22.605625,12.000000,0.300000,0.300000,1.489174
5,0.050000,33.143826,10.000000,0.300000,1.000000,0.755786
6,0.050000,46.000000,47.000000,1.000000,0.564334,0.000000
6,0.050000,46.000000,32.000000,1.000000,0.683090,0.118756
6,0.050000,31.869678,30.000000,0.831303,0.590377,0.194741
6,0.050000,26.115398,29.000000,0.996956,1.000000,0.438711
6,0.050000,11.000000,19.000000,1.000000,0.300000,0.264334
6,0.100000,-28.000000,12.000000,1.000000,0.300000,0.764334
6,0.050000,23.290070,11.000000,0.300000,0.812353,0.948019
6,0.050000,33.290070,11.000000,0.300000,1.000000,1.135666
6,0.050000,13.290070,7.000000,0.300000,1.000000,1.135666
6,0.064496,12.794167,2.000000,0.300000,0.300000,1.109293
1,0.090131,81.881241,49.000000,0.934164,0.473107,0.000000
1,0.077444,37.212830,44.000000,0.801529,0.564454,0.350847
1,0.084794,15.172241,30.000000,0.569386,0.369907,0.521344
1,0.089426,15.441788,15.000000,0.377596,0.408173,0.628554
1,0.085452,36.455894,15.000000,0.340602,0.404444,0.709012
1,0.092877,28.355013,14.000000,0.447356,0.602781,0.643948
1,0.089014,16.643999,13.000000,0.324747,0.739600,0.887076
1,0.052652,15.775043,8.000000,0.473774,0.795480,1.157556
1,0.057334,7.736160,7.000000,0.332341,0.558151,1.014835
1,0.062672,12.907865,5.000000,0.305581,0.640179,1.070245
2,0.085241,32.937897,33.000000,0.624789,0.582971,0.000000
2,0.072800,49.406742,29.000000,0.460371,0.698471,0.404322
2,0.091151,34.362488,28.000000,0.413056,0.505547,0.348262
2,0.091537,34.166069,24.000000,0.690783,0.538558,0.173376
2,0.075020,35.862812,21.000000,0.390042,0.579919,0.340003
2,0.089219,29.990568,20.000000,0.393562,0.504339,0.349644
2,0.088787,6.689758,15.000000,0.508136,0.486371,0.248714
2,0.077803,21.004457,11.000000,0.376391,0.622090,0.361892
2,0.092877,23.262033,10.000000,0.447356,0.602781,0.273611
2,0.090910,10.077548,9.000000,0.386485,0.671369,0.383401
3,0.091293,30.232620,34.000000,0.552885,0.523137,0.000000
3,0.092004,39.048447,29.000000,0.429914,0.555570,0.162507
3,0.090132,34.897884,25.000000,0.402162,0.504666,0.180807
3,0.082993,25.289078,23.000000,0.402714,0.543978,0.254017
3,0.090890,34.934982,19.000000,0.399028,0.589778,0.224531
3,0.089831,33.299442,18.000000,0.461647,0.496864,0.132138
3,0.088361,31.639328,17.000000,0.519946,0.544948,0.084074
3,0.084438,30.375294,16.000000,0.395585,0.565177,0.267890
3,0.091151,24.556885,14.000000,0.413056,0.505547,0.158840
3,0.081847,4.558262,5.000000,0.435846,0.601400,0.289762
4,0.087098,32.874474,28.000000,0.405518,0.523403,0.000000
4,0.086999,48.057693,27.000000,0.400502,0.567215,0.049819
4,0.086253,41.985966,26.000000,0.432152,0.519768,0.038724
4,0.084006,28.336018,23.000000,0.399316,0.556366,0.070085
4,0.087615,22.459629,21.000000,0.415916,0.551312,0.043477
4,0.087005,35.042011,19.000000,0.479642,0.534387,0.086042
4,0.086649,28.008736,18.000000,0.402715,0.523331,0.007371
4,0.082505,7.729877,15.000000,0.420853,0.573080,0.110942
4,0.085582,20.980459,13.000000,0.460261,0.544548,0.091057
4,0.082993,8.303762,10.000000,0.402714,0.543978,0.064435
1,0.056912,37.169090,38.000000,0.970709,0.566341,0.000000
1,0.066167,32.710838,28.000000,0.747386,0.933980,0.683517
1,0.095533,10.481264,26.000000,0.547417,0.350317,1.025531
1,0.087278,19.280394,24.000000,0.844974,0.878052,0.741109
1,0.053778,32.580444,22.000000,0.644158,0.846375,0.637920
1,0.096762,55.647404,17.000000,0.367816,0.648555,1.083611
1,0.069310,32.117447,17.000000,0.353672,0.891289,1.065964
1,0.092424,15.494230,17.000000,0.556167,0.844055,1.047378
1,0.080637,15.481499,9.000000,0.410522,0.599321,0.830424
1,0.092070,3.846674,2.000000,0.448332,0.404254,1.036051
2,0.056912,17.366776,30.000000,0.970709,0.566341,0.000000
2,0.076807,42.656124,29.000000,0.669179,0.607671,0.541814
2,0.072130,-17.225821,27.000000,0.907503,0.721925,0.370975
2,0.068772,3.922691,27.000000,0.690621,0.582537,0.414892
2,0.074627,0.441963,24.000000,0.763208,0.705152,0.523465
2,0.055357,16.327164,21.000000,0.807176,0.706447,0.319189
2,0.061557,-16.130121,17.000000,0.859237,0.750073,0.341654
2,0.063134,-2.019094,11.000000,0.662345,0.728561,0.532808
2,0.076234,-9.888793,7.000000,0.758726,0.458295,0.513254
2,0.074465,-14.788177,7.000000,0.709350,0.485101,0.518137
3,0.065726,25.203003,30.000000,0.866281,0.636401,0.000000
3,0.056912,13.912125,27.000000,0.970709,0.566341,0.262630
3,0.062807,16.991730,25.000000,0.830894,0.573901,0.127076
3,0.059999,52.988205,25.000000,0.816913,0.647361,0.117602
3,0.056204,31.657104,21.000000,0.889575,0.636934,0.119050
3,0.066606,30.082855,21.000000,0.864022,0.511984,0.135480
3,0.059263,30.098053,18.000000,0.915525,0.658374,0.135849
3,0.066818,-3.459411,13.000000,0.819417,0.587238,0.106951
3,0.064570,2.915139,10.000000,0.939138,0.643686,0.091701
3,0.065644,6.126328,10.000000,0.839337,0.525828,0.138333
4,0.066316,16.773003,29.000000,0.864813,0.574663,0.000000
4,0.065228,30.381233,24.000000,0.904671,0.642205,0.118277
4,0.062246,11.944753,23.000000,0.888416,0.649701,0.139336
4,0.060779,22.743725,22.000000,0.878954,0.638359,0.133202
4,0.061426,25.888573,20.000000,0.920116,0.600007,0.129546
4,0.063086,28.506767,20.000000,0.843445,0.641566,0.120563
4,0.065452,17.506784,18.000000,0.852801,0.581545,0.027535
4,0.065726,16.873682,17.000000,0.866281,0.636401,0.069105
4,0.066297,2.731781,14.000000,0.841878,0.611260,0.059721
4,0.064498,-2.008710,13.000000,0.847099,0.603150,0.064378
5,0.100000,37.500000,44.000000,1.000000,1.000000,0.000000
5,0.050000,40.569084,39.000000,0.942364,0.761291,0.796345
5,0.066316,43.880867,25.000000,0.864813,0.574663,0.897368
5,0.100000,27.075077,19.000000,0.300000,1.000000,0.700000
5,0.100000,22.075106,16.000000,0.300000,0.300000,1.400000
5,0.050000,8.750000,16.000000,1.000000,0.300000,1.200000
5,0.050000,28.537560,13.000000,0.300000,1.000000,1.200000
5,0.100000,-10.172847,12.000000,0.963533,0.300000,0.736467
5,0.100000,4.466753,10.000000,0.412617,0.300000,1.287383
5,0.050000,23.341179,6.000000,0.319505,1.000000,1.180495
6,0.100000,24.250000,41.000000,1.000000,0.656738,0.000000
6,0.100000,34.136066,27.000000,0.874373,0.300000,0.482365
6,0.050000,44.625000,26.000000,1.000000,1.000000,0.843262
6,0.100000,4.250000,22.000000,1.000000,0.989553,0.332815
6,0.050000,34.625000,21.000000,1.000000,0.418241,0.738497
6,0.100000,-0.750000,17.000000,1.000000,1.000000,0.343262
6,0.072482,24.709757,16.000000,0.593083,0.300000,1.038840
6,0.100000,9.250000,15.000000,1.000000,1.000000,0.343262
6,0.100000,28.132572,9.000000,0.300000,1.000000,1.043262
6,0.050000,19.066288,6.000000,0.300000,0.339426,1.517313
7,0.050000,20.625000,36.000000,1.000000,1.000000,0.000000
7,0.100000,6.250000,28.000000,1.000000,0.300000,1.200000
7,0.073958,23.736906,28.000000,1.000000,1.000000,0.239585
7,0.100000,16.250000,27.000000,1.000000,0.656738,0.843262
7,0.100000,36.250000,24.000000,1.000000,0.620697,0.879303
7,0.100000,42.412605,19.000000,0.300000,1.000000,1.200000
7,0.087971,17.395191,12.000000,0.320922,1.000000,1.058790
7,0.100000,21.865339,11.000000,0.330202,0.300000,1.869798
7,0.050000,11.466789,8.000000,0.495769,1.000000,0.504231
7,0.100000,17.412601,7.000000,0.300000,1.000000,1.200000
8,0.050000,69.250000,40.000000,1.000000,1.000000,0.000000
8,0.050000,29.250000,34.000000,1.000000,1.000000,0.000000
8,0.100000,-1.500000,33.000000,1.000000,0.300000,1.200000
8,0.050000,34.250000,30.000000,1.000000,0.300000,0.700000
8,0.050000,22.616947,14.000000,0.684665,0.342739,0.972596
8,0.050000,43.582558,13.000000,0.300000,0.300000,1.400000
8,0.050000,18.582558,12.000000,0.300000,0.854020,0.845980
8,0.050000,18.582558,11.000000,0.300000,1.000000,0.700000
8,0.100000,7.164995,7.000000,0.300000,1.000000,1.200000
8,0.050000,13.582558,6.000000,0.300000,0.520710,1.179290
9,0.050029,31.242027,28.000000,1.000000,1.000000,0.000000
9,0.050000,26.250000,27.000000,1.000000,1.000000,0.000289
9,0.050039,40.231743,27.000000,0.842535,0.671634,0.485934
9,0.050000,31.258942,23.000000,0.999674,0.650337,0.350278
9,0.050021,19.191442,23.000000,0.649821,0.999797,0.350460
9,0.074978,19.389896,19.000000,0.999788,0.650070,0.599630
9,0.050044,19.180914,16.000000,0.650260,0.650255,0.699632
9,0.074996,26.278687,15.000000,0.650289,1.000000,0.599379
9,0.050030,19.189987,13.000000,0.649839,0.926789,0.423388
9,0.050000,14.193604,9.000000,0.649832,0.760739,0.589719
10,0.050073,38.248985,31.000000,0.999293,0.825698,0.000000
10,0.050000,43.591614,28.000000,0.825289,0.999725,0.348766
10,0.062582,14.035152,23.000000,1.000000,0.824374,0.127113
10,0.050029,28.240288,22.000000,1.000000,1.000000,0.175454
10,0.050000,18.250000,21.000000,1.000000,1.000000,0.175743
10,0.062530,10.754025,21.000000,0.824667,0.999873,0.473368
10,0.050002,18.609608,20.000000,0.824625,0.825452,0.175634
10,0.050047,8.607311,13.000000,0.824330,0.962607,0.312135
10,0.050000,18.612436,11.000000,0.824530,0.880905,0.230705
10,0.050093,5.737350,10.000000,0.921912,0.835210,0.087088
11,0.050004,36.749397,30.000000,1.000000,0.914141,0.000000
11,0.051668,22.287037,26.000000,0.951165,0.867849,0.108343
11,0.050073,26.749529,25.000000,0.999293,0.825698,0.089849
11,0.051964,27.229868,25.000000,0.951972,0.868551,0.146709
11,0.050169,18.102383,20.000000,0.912833,0.894618,0.108343
11,0.056202,42.289543,19.000000,0.911848,0.913172,0.151105
11,0.050000,41.766949,16.000000,0.998970,0.913440,0.001767
11,0.056301,30.710285,16.000000,1.000000,0.823875,0.153243
11,0.050000,8.127874,14.000000,0.912681,0.854787,0.146709
11,0.051300,17.329449,9.000000,0.951952,0.870761,0.104388
12,0.050105,52.006279,34.000000,0.954803,0.904854,0.000000
12,0.053048,45.758667,27.000000,0.997734,0.870930,0.106284
12,0.051049,26.457882,21.000000,0.977843,0.891892,0.045447
12,0.052821,21.582451,20.000000,0.954267,0.911202,0.034046
12,0.050084,11.296521,18.000000,0.996499,0.871366,0.075389
12,0.051181,16.424370,18.000000,0.978494,0.893788,0.045523
12,0.050961,16.558695,17.000000,0.972893,0.892156,0.039352
12,0.050000,36.265663,16.000000,0.999104,0.915583,0.056078
12,0.050000,17.007961,16.000000,0.955705,0.886579,0.020224
12,0.050004,21.249348,13.000000,1.000000,0.914141,0.055497
13,0.100000,11.000000,38.000000,1.000000,1.000000,0.000000
13,0.100000,48.004055,32.000000,0.841526,0.795092,0.363382
13,0.050105,34.037235,27.000000,0.954803,0.904854,0.639295
13,0.100000,21.000000,25.000000,1.000000,1.000000,0.000000
13,0.050000,36.532917,20.000000,0.839993,1.000000,0.660007
13,0.050000,18.000000,20.000000,1.000000,1.000000,0.500000
13,0.050000,18.000000,20.000000,1.000000,1.000000,0.500000
13,0.050000,13.920044,9.000000,0.300000,0.455827,1.744173
13,0.050000,18.920044,5.000000,0.300000,1.000000,1.200000
13,0.050000,18.920044,4.000000,0.300000,1.000000,1.200000
14,0.100000,31.000000,34.000000,1.000000,1.000000,0.000000
14,0.050000,30.500000,32.000000,1.000000,1.000000,0.500000
14,0.100000,21.000000,30.000000,1.000000,1.000000,0.000000
14,0.100000,6.000000,24.000000,1.000000,1.000000,0.000000
14,0.081690,14.090772,20.000000,0.939476,1.000000,0.243627
14,0.100000,22.390095,16.000000,0.300000,1.000000,0.700000
14,0.050000,26.717964,14.000000,0.475755,1.000000,1.024245
14,0.066817,17.985483,12.000000,0.937057,1.000000,0.394772
14,0.050000,18.573723,11.000000,0.665726,0.300000,1.534274
14,0.100000,7.389996,7.000000,0.300000,1.000000,0.700000
15,0.100000,35.750000,35.000000,1.000000,0.300000,0.000000
15,0.100000,15.750000,26.000000,1.000000,1.000000,0.700000
15,0.100000,36.917618,24.000000,0.300000,0.843454,1.243454
15,0.100000,31.917625,24.000000,0.300000,0.523875,0.923875
15,0.100000,-9.250000,24.000000,1.000000,0.300000,0.000000
15,0.100000,-4.250000,21.000000,1.000000,0.300000,0.000000
15,0.050000,32.332970,20.000000,0.669112,1.000000,1.530888
15,0.050000,2.875000,14.000000,1.000000,0.951006,1.151006
15,0.097049,22.008537,7.000000,0.300000,0.300000,0.729507
15,0.050000,13.458813,5.000000,0.300000,0.300000,1.200000
16,0.100000,11.000000,46.000000,1.000000,1.000000,0.000000
16,0.090224,14.812757,31.000000,1.000000,0.370013,0.727749
16,0.050000,15.500000,26.000000,1.000000,0.300000,1.200000
16,0.050000,40.500000,25.000000,1.000000,0.300000,1.200000
16,0.100000,36.490124,18.000000,0.300000,1.000000,0.700000
16,0.100000,26.490124,16.000000,0.300000,0.300000,1.400000
16,0.100000,-19.000000,14.000000,1.000000,0.300000,0.700000
16,0.050000,28.245071,10.000000,0.300000,0.300000,1.900000
16,0.100000,11.489994,9.000000,0.300000,0.300000,1.400000
16,0.050000,18.245071,5.000000,0.300000,0.300000,1.900000
17,0.075007,20.563675,33.000000,0.999909,0.649936,0.000000
17,0.100000,20.750000,30.000000,1.000000,1.000000,0.600081
17,0.099999,50.753525,26.000000,0.999915,0.650031,0.250013
17,0.099978,26.865101,21.000000,0.650140,1.000000,0.949540
17,0.074978,23.906683,19.000000,0.649745,0.649779,0.350612
17,0.100000,26.865688,18.000000,0.650049,0.650206,0.600057
17,0.100000,21.871416,18.000000,0.649819,0.649866,0.600087
17,0.074974,33.900005,14.000000,0.650121,0.649927,0.350129
17,0.095132,-3.306014,12.000000,0.999812,0.685154,0.236560
17,0.074992,5.571899,9.000000,0.999730,0.649803,0.000469
18,0.087469,26.589478,30.000000,0.825476,0.824568,0.000000
18,0.087522,36.586327,27.000000,0.825328,0.649994,0.175252
18,0.074959,43.508308,26.000000,0.825444,0.650089,0.299607
18,0.085011,5.900156,25.000000,0.999278,0.667847,0.355099
18,0.087520,15.317135,19.000000,0.999771,0.650337,0.349036
18,0.074945,28.549671,19.000000,0.824032,0.649970,0.301273
18,0.087597,10.297858,17.000000,0.999818,0.824871,0.175930
18,0.075021,13.120216,17.000000,1.000000,0.649822,0.473744
18,0.075007,13.126383,10.000000,0.999909,0.649936,0.473676
18,0.087413,1.610821,10.000000,0.825084,0.650184,0.175331
1,0.083177,27.234833,42.000000,0.871008,0.452842,0.000000
1,0.078031,18.874857,32.000000,0.952128,0.496212,0.175945
1,0.066146,33.677505,27.000000,0.855930,0.424041,0.214182
1,0.060150,8.528114,22.000000,0.900723,0.595930,0.403071
1,0.080151,30.385994,17.000000,0.643727,0.595449,0.400147
1,0.078563,23.388855,17.000000,0.437323,0.706237,0.733216
1,0.093077,8.439203,15.000000,0.531310,0.668137,0.653998
1,0.060880,26.385590,14.000000,0.367331,0.640190,0.913994
1,0.097188,-10.541707,8.000000,0.845111,0.463925,0.177096
1,0.055083,9.249240,6.000000,0.487108,0.575948,0.787942
2,0.080648,30.049397,34.000000,0.911881,0.474474,0.000000
2,0.083177,36.226955,28.000000,0.871008,0.452842,0.087792
2,0.081649,16.067398,25.000000,0.757353,0.523768,0.213832
2,0.071680,23.241793,24.000000,0.886483,0.524719,0.165319
2,0.090209,25.257700,23.000000,0.857691,0.457875,0.166398
2,0.072005,11.772175,16.000000,0.619751,0.546360,0.450446
2,0.080831,29.702168,15.000000,0.654396,0.579234,0.364077
2,0.088142,17.127142,15.000000,0.700654,0.560065,0.371755
2,0.074663,8.456964,10.000000,0.863004,0.439015,0.144185
2,0.069191,5.519276,10.000000,0.678662,0.513974,0.387292
3,0.084447,35.410461,39.000000,0.805541,0.518569,0.000000
3,0.085356,43.322773,30.000000,0.884168,0.466252,0.140028
3,0.076395,27.141342,22.000000,0.766694,0.509707,0.128233
3,0.080647,21.322243,19.000000,0.784133,0.525556,0.066400
3,0.077754,34.306297,19.000000,0.886509,0.457131,0.209340
3,0.081821,33.631649,17.000000,0.891039,0.463988,0.166343
3,0.080648,13.264351,16.000000,0.911881,0.474474,0.188433
3,0.081093,10.106257,13.000000,0.834967,0.500170,0.081372
3,0.076287,14.177322,13.000000,0.900375,0.499453,0.195555
3,0.074952,16.728485,12.000000,0.794112,0.492897,0.132056
4,0.080915,45.315536,31.000000,0.847783,0.490152,0.000000
4,0.083364,14.873156,29.000000,0.847724,0.493668,0.028064
4,0.080369,35.252102,25.000000,0.852491,0.510334,0.030352
4,0.082728,19.682632,23.000000,0.856317,0.497584,0.034101
4,0.082980,25.968904,20.000000,0.818326,0.510720,0.070679
4,0.079624,17.133234,18.000000,0.799982,0.505506,0.076060
4,0.084447,26.163641,17.000000,0.805541,0.518569,0.105984
4,0.085181,14.637527,17.000000,0.845141,0.492435,0.047585
4,0.080519,7.388583,10.000000,0.787594,0.511907,0.085904
4,0.082623,1.777520,10.000000,0.796114,0.521931,0.100527
5,0.100000,69.150536,42.000000,0.960830,0.300000,0.000000
5,0.080915,33.716255,38.000000,0.847783,0.490152,0.494051
5,0.074870,14.036513,29.000000,1.000000,0.300000,0.290471
5,0.100000,-13.000000,23.000000,1.000000,0.300000,0.039170
5,0.085881,27.835785,18.000000,0.300000,0.300000,0.802016
5,0.100000,28.557343,15.000000,0.479683,0.924099,1.105247
5,0.050000,16.000000,14.000000,1.000000,0.300000,0.539170
5,0.050000,23.740051,9.000000,0.300000,0.300000,1.160830
5,0.091039,17.705902,7.000000,0.300000,0.300000,0.750439
5,0.050000,13.740051,5.000000,0.300000,0.300000,1.160830
6,0.050000,38.375000,34.000000,1.000000,1.000000,0.000000
6,0.100000,34.303677,32.000000,0.960830,0.300000,1.239170
6,0.100000,11.750000,31.000000,1.000000,0.300000,1.200000
6,0.100000,-3.250000,22.000000,1.000000,1.000000,0.500000
6,0.050000,20.367617,20.000000,0.761176,1.000000,0.238824
6,0.050000,19.232916,16.000000,0.588970,1.000000,0.411030
6,0.050000,23.503811,13.000000,0.300000,1.000000,0.700000
6,0.100000,28.423443,12.000000,0.590056,0.382104,1.527840
6,0.100000,4.520842,12.000000,0.561393,0.300000,1.638607
6,0.100000,17.007610,8.000000,0.300000,0.300000,1.900000
7,0.050000,42.250000,34.000000,1.000000,0.300000,0.000000
7,0.050000,32.250000,33.000000,1.000000,1.000000,0.700000
7,0.100000,49.500000,33.000000,1.000000,0.447701,0.647701
7,0.050000,37.801884,32.000000,0.978120,1.000000,0.721880
7,0.050000,22.250000,24.000000,1.000000,0.300000,0.000000
7,0.100000,17.705070,14.000000,0.300000,0.898521,1.798521
7,0.050000,2.250000,12.000000,1.000000,0.300000,0.000000
7,0.087749,22.986217,10.000000,0.300000,0.300000,1.077489
7,0.050000,18.852547,6.000000,0.300000,1.000000,1.400000
7,0.050000,8.852547,2.000000,0.300000,0.638209,1.038209
8,0.100000,20.750000,44.000000,1.000000,0.990132,0.000000
8,0.050000,27.875000,38.000000,1.000000,0.300000,1.190132
8,0.050000,17.875000,28.000000,1.000000,0.587125,0.903007
8,0.100000,-24.250000,23.000000,1.000000,0.300000,0.690132
8,0.100000,5.750000,20.000000,1.000000,0.300000,0.690132
8,0.076889,31.937962,15.000000,0.300000,0.980731,0.940515
8,0.050000,2.875000,10.000000,1.000000,0.300000,1.190132
8,0.077239,21.923782,9.000000,0.300000,0.847208,1.070530
8,0.100000,3.075251,7.000000,0.780045,0.300000,0.910087
8,0.100000,6.017493,6.000000,0.300000,0.300000,1.390132
9,0.100000,23.256390,33.000000,0.999808,0.644762,0.000000
9,0.099986,23.252300,33.000000,1.000000,0.645196,0.000762
9,0.099981,56.740490,24.000000,0.889811,0.645305,0.110728
9,0.074987,12.447851,19.000000,0.999674,0.644915,0.250416
9,0.075007,17.441864,18.000000,0.999779,0.645212,0.250411
9,0.074988,22.439556,17.000000,1.000000,0.788853,0.394408
9,0.088479,28.738182,15.000000,0.650012,0.985382,0.805626
9,0.088607,23.730507,15.000000,0.649942,0.918942,0.737978
9,0.100000,3.250000,13.000000,1.000000,0.990132,0.345562
9,0.099963,17.932531,13.000000,0.649689,0.645115,0.350845
10,0.099924,32.763161,30.000000,1.000000,0.816612,0.000000
10,0.087546,24.898882,27.000000,0.999977,0.717392,0.223017
10,0.087455,19.949286,26.000000,0.998828,0.645174,0.297296
10,0.100000,22.756615,21.000000,0.999808,0.644762,0.172804
10,0.094255,33.919647,21.000000,0.825527,0.781021,0.266754
10,0.100000,12.765924,20.000000,0.999539,0.645310,0.172524
10,0.087601,9.888816,17.000000,1.000000,0.644374,0.295466
10,0.100000,18.286938,14.000000,0.824026,0.644595,0.348752
10,0.094242,18.941980,13.000000,0.824751,0.815816,0.232865
10,0.099892,9.614528,11.000000,0.944922,0.645088,0.226923
11,0.099969,8.259756,27.000000,1.000000,0.730377,0.000000
11,0.096991,5.936604,27.000000,0.971487,0.759869,0.185514
11,0.099839,8.649443,24.000000,0.911745,0.731188,0.090372
11,0.097091,0.926921,23.000000,0.971144,0.758798,0.098553
11,0.096992,14.423332,21.000000,0.911343,0.816560,0.204614
11,0.093742,15.236977,17.000000,1.000000,0.766655,0.098553
11,0.099942,-11.723517,16.000000,0.999875,0.730139,0.000639
11,0.097218,19.352840,16.000000,0.911536,0.799914,0.185514
11,0.099924,3.274215,16.000000,1.000000,0.816612,0.086689
11,0.097496,-4.164168,13.000000,0.970643,0.758399,0.082112
12,0.098468,30.310966,28.000000,0.958816,0.772628,0.000000
12,0.098732,15.282923,25.000000,0.958214,0.765120,0.010751
12,0.099586,28.363966,22.000000,0.999450,0.772300,0.052139
12,0.096657,24.109125,21.000000,0.996855,0.751573,0.077200
12,0.098646,9.084011,20.000000,0.987347,0.745259,0.057681
12,0.098644,4.223566,20.000000,0.984055,0.747221,0.052412
12,0.100000,23.273895,20.000000,0.999450,0.731007,0.097577
12,0.099041,-5.966620,17.000000,0.986566,0.745154,0.060960
12,0.099969,-6.743307,15.000000,1.000000,0.730377,0.098450
12,0.100000,20.021862,12.000000,0.958403,0.731865,0.056498
13,0.100000,26.250000,31.000000,1.000000,1.000000,0.000000
13,0.100000,36.250000,29.000000,1.000000,1.000000,0.000000
13,0.100000,61.250000,26.000000,1.000000,1.000000,0.000000
13,0.100000,21.250000,22.000000,1.000000,1.000000,0.000000
13,0.098468,18.026709,21.000000,0.958816,0.772628,0.283878
13,0.100000,1.250000,16.000000,1.000000,0.300000,0.700000
13,0.100000,9.357419,15.000000,0.548579,0.535321,0.916100
13,0.050000,17.278831,15.000000,0.907518,0.964526,0.627955
13,0.050000,15.625000,14.000000,1.000000,0.300000,1.200000
13,0.050000,0.625000,11.000000,1.000000,0.300000,1.200000
14,0.100000,30.250000,35.000000,1.000000,0.300000,0.000000
14,0.069223,51.328461,27.000000,1.000000,1.000000,1.007773
14,0.050000,15.125000,26.000000,1.000000,0.790668,0.990668
14,0.100000,5.250000,22.000000,1.000000,1.000000,0.700000
14,0.061809,17.792742,20.000000,1.000000,0.512118,0.594027
14,0.100000,15.250000,16.000000,1.000000,0.895532,0.595532
14,0.050000,39.447750,16.000000,0.749829,1.000000,1.450171
14,0.050000,18.603298,14.000000,0.376083,1.000000,1.823917
14,0.058911,18.365202,12.000000,1.000000,1.000000,1.110895
14,0.100000,21.279999,12.000000,0.433999,0.393063,0.659065
15,0.100000,20.750000,53.000000,1.000000,1.000000,0.000000
15,0.100000,50.750000,33.000000,1.000000,0.324480,0.675520
15,0.100000,35.750000,29.000000,1.000000,0.381109,0.618891
15,0.100000,-4.250000,24.000000,1.000000,0.300000,0.700000
15,0.100000,33.175323,17.000000,0.483037,0.300000,1.216963
15,0.100000,17.367527,13.000000,0.300000,0.564062,1.135937
15,0.050000,11.861592,13.000000,0.463238,1.000000,1.036762
15,0.050000,23.683804,10.000000,0.300000,1.000000,1.200000
15,0.083757,12.795070,5.000000,0.300000,0.969077,0.893358
15,0.050000,13.683804,3.000000,0.300000,0.300000,1.900000
16,0.100000,52.000000,37.000000,1.000000,1.000000,0.000000
16,0.081029,28.260513,31.000000,1.000000,1.000000,0.189709
16,0.100000,12.000000,23.000000,1.000000,0.309977,0.690023
16,0.054911,26.918913,23.000000,0.667803,0.520000,1.263082
16,0.100000,-3.000000,23.000000,1.000000,1.000000,0.000000
16,0.050000,11.182106,17.000000,0.915121,1.000000,0.584879
16,0.050000,17.006485,14.000000,0.425936,1.000000,1.074064
16,0.050000,8.577698,13.000000,0.832024,1.000000,0.667976
16,0.050000,3.690014,11.000000,0.618404,1.000000,0.881596
16,0.100000,22.030109,8.000000,0.300000,0.883663,0.816337
17,0.100000,6.250000,28.000000,1.000000,1.000000,0.000000
17,0.099999,11.265454,25.000000,0.999677,1.000000,0.000329
17,0.075060,18.650494,25.000000,0.957676,0.999569,0.292160
17,0.075029,33.340263,25.000000,0.808907,1.000000,0.440808
17,0.090539,3.516953,19.000000,0.999538,1.000000,0.095075
17,0.099953,26.270294,19.000000,0.999807,0.655217,0.345448
17,0.074999,25.942455,19.000000,0.713090,0.999781,0.537138
17,0.074967,25.065094,18.000000,0.915875,1.000000,0.334459
17,0.077482,22.210312,16.000000,0.833675,0.760416,0.631087
17,0.100000,9.975576,6.000000,0.649677,0.941683,0.408641
18,0.095377,29.501181,32.000000,1.000000,0.999142,0.000000
18,0.099988,23.751869,28.000000,1.000000,0.826577,0.218673
18,0.100000,18.750000,24.000000,1.000000,1.000000,0.047084
18,0.087612,34.561573,23.000000,0.856269,0.999994,0.222239
18,0.087480,16.960897,23.000000,0.957728,0.998971,0.121413
18,0.088748,27.889149,22.000000,0.916393,0.880571,0.268475
18,0.100000,28.752224,18.000000,0.999933,0.999107,0.046328
18,0.087598,21.369152,16.000000,0.978557,1.000000,0.100091
18,0.087546,8.362341,9.000000,0.904459,1.000000,0.174717
18,0.099890,3.941440,5.000000,0.825396,0.971602,0.247268
19,0.091357,16.104355,29.000000,0.979010,0.999294,0.000000
19,0.092192,17.004999,27.000000,0.959259,0.938255,0.089140
19,0.091284,12.707392,25.000000,0.951846,1.000000,0.028601
19,0.097609,12.789047,24.000000,1.000000,0.911191,0.171610
19,0.091259,8.967484,24.000000,0.929742,0.999984,0.050941
19,0.091613,15.513402,21.000000,0.987591,0.999308,0.011150
19,0.095377,3.525474,19.000000,1.000000,0.999142,0.061342
19,0.097751,-17.159939,14.000000,0.998483,1.000000,0.084112
19,0.097889,-7.262558,9.000000,0.999367,0.997046,0.087922
19,0.097561,-6.879546,8.000000,0.913724,0.983889,0.142732
20,0.100000,11.500000,37.000000,1.000000,1.000000,0.000000
20,0.091357,40.044670,34.000000,0.979010,0.999294,0.108121
20,0.100000,24.415169,30.000000,0.849868,1.000000,0.150132
20,0.100000,16.961407,25.000000,0.991871,1.000000,0.008129
20,0.100000,6.500000,22.000000,1.000000,0.794054,0.205946
20,0.050000,15.750000,16.000000,1.000000,0.300000,1.200000
20,0.050000,10.750000,14.000000,1.000000,0.300000,1.200000
20,0.050000,15.750000,12.000000,1.000000,0.300000,1.200000
20,0.050000,22.605780,8.000000,0.409905,1.000000,1.090095
20,0.100000,7.434996,2.000000,0.300000,1.000000,0.700000
21,0.100000,10.750000,34.000000,1.000000,1.000000,0.000000
21,0.050000,48.058437,33.000000,0.994632,0.903909,0.601459
21,0.059417,30.745350,29.000000,0.972708,1.000000,0.433124
21,0.050000,17.875000,24.000000,1.000000,1.000000,0.500000
21,0.066172,29.537422,19.000000,0.825989,0.780501,0.500000
21,0.100000,21.641581,14.000000,0.494007,1.000000,0.505993
21,0.065942,-0.260840,14.000000,0.822014,0.780391,0.738178
21,0.050000,12.875000,13.000000,1.000000,0.300000,1.200000
21,0.066522,-5.207310,13.000000,0.816981,0.778889,1.200000
21,0.050000,16.607601,7.000000,0.700052,1.000000,0.799948
22,0.100000,20.750000,40.000000,1.000000,0.436001,0.000000
22,0.100000,20.750000,36.000000,1.000000,1.000000,0.563999
22,0.050000,20.375000,27.000000,1.000000,1.000000,1.063999
22,0.050000,55.375000,24.000000,1.000000,1.000000,1.063999
22,0.061457,24.989170,18.000000,0.527963,0.300000,0.993464
22,0.100000,9.466866,17.000000,0.728730,0.300000,0.407271
22,0.100000,22.367607,13.000000,0.300000,0.300000,0.836001
22,0.100000,22.367603,11.000000,0.300000,1.000000,1.263999
22,0.050000,28.683804,10.000000,0.300000,1.000000,1.763999
22,0.100000,-4.690014,4.000000,0.708677,1.000000,0.855323
1,0.088074,47.756927,36.000000,0.773146,0.826334,0.000000
1,0.069740,53.121223,32.000000,0.483173,0.972368,0.619347
1,0.084300,9.470037,28.000000,0.660326,0.725194,0.251698
1,0.060191,31.568649,26.000000,0.726744,0.715646,0.435918
1,0.052672,21.933712,23.000000,0.602057,0.523084,0.828359
1,0.080119,30.435303,14.000000,0.655952,0.326358,0.696722
1,0.080602,9.262475,12.000000,0.410468,0.859415,0.470482
1,0.055266,8.566539,12.000000,0.524902,0.315791,1.086869
1,0.063310,19.442181,10.000000,0.455833,0.308856,1.082434
1,0.068829,16.185083,7.000000,0.362195,0.551244,0.878488
2,0.088074,28.154507,33.000000,0.773146,0.826334,0.000000
2,0.074139,20.609608,29.000000,0.750288,0.770621,0.217924
2,0.070367,42.510757,26.000000,0.687771,0.674353,0.414426
2,0.088077,33.143349,25.000000,0.773496,0.826142,0.000571
2,0.074951,34.536163,20.000000,0.569203,0.649119,0.512382
2,0.074969,39.525032,19.000000,0.569717,0.648907,0.511901
2,0.082193,21.989733,16.000000,0.658135,0.526074,0.474077
2,0.078891,23.005302,14.000000,0.627742,0.899690,0.310590
2,0.084385,13.349323,10.000000,0.591845,0.842570,0.234425
2,0.061199,15.940895,8.000000,0.542940,0.747421,0.577872
3,0.079132,14.914188,36.000000,0.731006,0.749389,0.000000
3,0.085163,39.228237,32.000000,0.716573,0.675832,0.148302
3,0.074169,25.135220,22.000000,0.750901,0.770059,0.090191
3,0.075008,28.472643,21.000000,0.568808,0.648561,0.304265
3,0.088074,-5.007152,18.000000,0.773146,0.826334,0.208503
3,0.077009,21.921482,17.000000,0.597946,0.774335,0.179242
3,0.081530,17.583599,16.000000,0.670617,0.736909,0.096845
3,0.074561,19.705791,15.000000,0.657145,0.786395,0.156581
3,0.076980,16.887054,15.000000,0.598844,0.773876,0.178167
3,0.072723,1.345272,8.000000,0.628722,0.661947,0.253817
4,0.082060,43.203312,32.000000,0.723017,0.712434,0.000000
4,0.078136,50.534977,27.000000,0.663696,0.761999,0.148127
4,0.075532,25.588194,26.000000,0.673144,0.772945,0.175671
4,0.085089,13.009453,25.000000,0.715840,0.674814,0.075084
4,0.082448,24.351221,24.000000,0.685319,0.798698,0.127839
4,0.079132,18.371372,16.000000,0.731006,0.749389,0.074226
4,0.076605,18.467674,14.000000,0.739887,0.757800,0.116792
4,0.076693,24.789274,13.000000,0.695798,0.766434,0.134892
4,0.077887,10.536804,12.000000,0.664693,0.763520,0.151147
4,0.081258,15.383841,11.000000,0.655998,0.725035,0.087641
5,0.082285,31.223145,29.000000,0.723336,0.713624,0.000000
5,0.076462,31.698114,29.000000,0.737324,0.755564,0.114155
5,0.078213,37.242989,28.000000,0.713940,0.755062,0.091557
5,0.082060,11.272893,22.000000,0.723017,0.712434,0.003754
5,0.077890,12.268433,18.000000,0.714703,0.758737,0.097695
5,0.075948,33.704170,18.000000,0.681747,0.771861,0.163195
5,0.082044,36.303143,17.000000,0.722292,0.712575,0.004499
5,0.078802,11.506644,16.000000,0.731502,0.749877,0.079247
5,0.077205,8.657715,13.000000,0.677567,0.765043,0.147984
5,0.078682,7.636809,10.000000,0.700731,0.742478,0.087482
6,0.100000,72.250000,51.000000,1.000000,1.000000,0.000000
6,0.050000,31.125000,30.000000,1.000000,0.760208,0.739792
6,0.050000,16.125000,28.000000,1.000000,1.000000,0.500000
6,0.050000,24.432423,18.000000,0.872712,1.000000,0.627288
6,0.050000,6.125000,17.000000,1.000000,0.300000,1.200000
6,0.100000,21.374168,13.000000,0.361466,0.665316,0.973218
6,0.100000,17.502522,12.000000,0.300000,1.000000,0.700000
6,0.078727,23.033796,12.000000,0.300000,0.300000,1.612727
6,0.082285,18.052883,10.000000,0.723336,0.713624,0.740192
6,0.051282,17.617775,9.000000,0.409145,0.300000,1.778036
7,0.100000,22.500000,32.000000,1.000000,1.000000,0.000000
7,0.100000,27.500000,29.000000,1.000000,0.715752,0.284248
7,0.100000,12.500000,27.000000,1.000000,0.756896,0.243104
7,0.050000,-3.750000,24.000000,1.000000,0.595759,0.904241
7,0.100000,37.500000,23.000000,1.000000,1.000000,0.000000
7,0.100000,7.500000,23.000000,1.000000,0.887185,0.112815
7,0.100000,-2.500000,18.000000,1.000000,0.825747,0.174253
7,0.100000,12.524996,9.000000,0.300000,0.686357,1.013643
7,0.100000,32.525101,9.000000,0.300000,0.610704,1.089296
7,0.050000,14.961299,6.000000,0.605349,0.300000,1.594651
8,0.100000,52.250000,51.000000,1.000000,1.000000,0.000000
8,0.050000,36.125000,33.000000,1.000000,1.000000,0.500000
8,0.083471,11.198376,21.000000,0.900942,1.000000,0.264344
8,0.050000,29.628132,21.000000,0.622225,0.300000,1.577775
8,0.074675,24.845490,20.000000,0.700016,0.300000,1.253230
8,0.050000,30.235075,17.000000,0.838916,0.300000,1.361084
8,0.100000,17.502516,14.000000,0.300000,0.348685,1.351315
8,0.050000,23.751301,10.000000,0.300000,1.000000,1.200000
8,0.050000,11.843848,7.000000,0.476937,0.496018,1.527045
8,0.072938,18.178398,6.000000,0.300000,1.000000,0.970624
9,0.100000,22.250000,45.000000,1.000000,1.000000,0.000000
9,0.050000,41.125000,35.000000,1.000000,0.697642,0.802358
9,0.050000,26.125000,32.000000,1.000000,0.968585,0.531415
9,0.069505,35.712372,25.000000,1.000000,0.300000,1.004954
9,0.050000,26.125000,16.000000,1.000000,0.300000,1.200000
9,0.050000,13.994896,13.000000,0.657875,1.000000,0.842125
9,0.100000,17.502584,10.000000,0.300000,1.000000,0.700000
9,0.100000,32.502602,9.000000,0.300000,0.300000,1.400000
9,0.050000,18.751301,8.000000,0.300000,0.300000,1.900000
9,0.050000,13.751301,7.000000,0.300000,0.461116,1.738884
10,0.084756,36.020077,41.000000,0.999827,0.649879,0.000000
10,0.074986,42.627331,31.000000,1.000000,0.649918,0.097919
10,0.074999,22.631279,26.000000,0.999757,0.984208,0.431976
10,0.075016,27.622383,21.000000,1.000000,0.984558,0.432256
10,0.059778,15.142574,18.000000,0.999700,0.498757,0.401032
10,0.059723,25.145679,16.000000,1.000000,0.634526,0.265857
10,0.100000,8.500000,15.000000,1.000000,1.000000,0.502730
10,0.074971,24.778275,15.000000,0.649712,0.649734,0.448116
10,0.059732,30.147736,12.000000,0.999822,0.499091,0.401036
10,0.075013,12.160664,5.000000,0.478961,0.999852,0.968278
11,0.074946,41.884411,24.000000,1.000000,0.649150,0.000000
11,0.059756,24.550362,23.000000,0.999636,0.498977,0.302440
11,0.073502,12.107849,23.000000,1.001138,0.692621,0.099006
11,0.059756,24.556747,22.000000,0.999327,0.566768,0.234951
11,0.067270,28.227768,21.000000,1.000000,0.641880,0.084030
11,0.087560,24.689428,20.000000,0.999597,0.992567,0.469957
11,0.084756,15.172794,20.000000,0.999827,0.649879,0.099006
11,0.072951,12.115282,20.000000,1.004625,0.690987,0.300426
11,0.073605,27.125206,17.000000,0.999766,0.692665,0.057162
11,0.087405,9.704138,10.000000,1.000000,0.824987,0.300426
12,0.080602,12.028530,27.000000,1.000000,0.843106,0.000000
12,0.080700,42.000313,26.000000,1.000000,0.844040,0.001919
12,0.073670,29.003908,24.000000,1.000000,0.745731,0.166691
12,0.066564,11.029360,22.000000,1.000000,0.597350,0.386137
12,0.071219,9.702621,21.000000,1.000000,0.644229,0.292709
12,0.074946,13.640438,20.000000,1.000000,0.649150,0.250515
12,0.063593,11.875940,17.000000,1.000000,0.569381,0.443814
12,0.067214,5.843952,16.000000,1.000000,0.575461,0.401522
12,0.072267,-5.532136,16.000000,0.998444,0.574485,0.353523
12,0.059778,17.963100,11.000000,1.000000,0.531798,0.519542
13,0.080602,40.491718,26.000000,1.000000,0.843106,0.000000
13,0.077204,26.103231,25.000000,1.000000,0.793956,0.083124
13,0.073862,16.704758,23.000000,1.000000,0.709714,0.200787
13,0.074031,21.674536,22.000000,1.000000,0.708376,0.200443
13,0.077262,26.094330,20.000000,0.999949,0.794677,0.081879
13,0.066566,13.018173,20.000000,1.000000,0.598184,0.385284
13,0.073772,6.721117,17.000000,1.000000,0.746203,0.165206
13,0.080670,20.479370,17.000000,1.000000,0.842323,0.001466
13,0.068653,27.649010,15.000000,0.999737,0.657331,0.305528
13,0.080669,15.479604,15.000000,1.000000,0.844360,0.001925
14,0.070082,7.247865,32.000000,0.999464,0.674289,0.000000
14,0.077042,20.006111,28.000000,0.999100,0.791986,0.187669
14,0.079194,4.315561,28.000000,0.998955,0.818560,0.235907
14,0.080602,-1.195580,18.000000,1.000000,0.843106,0.274555
14,0.077284,4.982214,18.000000,0.998019,0.791934,0.191111
14,0.080561,23.817619,18.000000,1.000000,0.841685,0.272727
14,0.073581,11.134300,17.000000,0.998996,0.721322,0.082489
14,0.072034,26.589046,17.000000,1.000000,0.698311,0.044081
14,0.077442,4.877415,14.000000,0.999083,0.793039,0.192737
14,0.079133,-0.718194,10.000000,1.000000,0.818988,0.235748
15,0.078229,32.139839,29.000000,0.998156,0.806125,0.000000
15,0.078621,22.041523,28.000000,0.999461,0.817297,0.016402
15,0.080425,41.756397,24.000000,0.998996,0.842877,0.059561
15,0.070082,18.448912,21.000000,0.999464,0.674289,0.214613
15,0.076381,27.397137,21.000000,1.000000,0.771784,0.054658
15,0.073679,17.843033,19.000000,0.999996,0.733692,0.119765
15,0.072021,18.116581,17.000000,1.000000,0.697858,0.172189
15,0.074669,17.685062,15.000000,0.999779,0.746122,0.097222
15,0.080369,16.754269,15.000000,0.999428,0.844027,0.060578
15,0.078319,12.089737,11.000000,0.999524,0.804624,0.003770
16,0.078229,58.047970,40.000000,0.998156,0.806125,0.000000
16,0.100000,42.808292,39.000000,0.889059,1.000000,0.520687
16,0.100000,28.383249,31.000000,0.996932,1.000000,0.412814
16,0.100000,12.998354,22.000000,0.884129,0.300000,0.837867
16,0.050000,29.125000,20.000000,1.000000,0.300000,0.790254
16,0.050000,35.241524,19.000000,0.661481,1.000000,0.812835
16,0.100000,11.131874,14.000000,0.421715,1.000000,0.988030
16,0.050000,14.021290,6.000000,0.300000,0.354266,1.432300
16,0.086509,8.306589,5.000000,0.300000,0.300000,1.287088
16,0.050000,14.021290,4.000000,0.300000,1.000000,1.174316
17,0.078229,67.981956,32.000000,0.998156,0.806125,0.000000
17,0.100000,18.435106,29.000000,0.873704,0.593905,0.554386
17,0.100000,6.750000,29.000000,1.000000,1.000000,0.413434
17,0.100000,-3.250000,25.000000,1.000000,0.300000,0.725684
17,0.100000,16.750000,25.000000,1.000000,0.300000,0.725684
17,0.100000,20.348890,23.000000,0.720154,0.300000,1.001841
17,0.050000,22.252373,14.000000,0.441051,1.000000,1.033265
17,0.050000,18.728802,13.000000,0.300000,1.000000,1.174316
17,0.100000,6.792961,6.000000,0.538994,0.452707,1.030294
17,0.050000,16.790752,4.000000,0.476655,1.000000,0.997661
18,0.050000,28.875000,31.000000,1.000000,1.000000,0.000000
18,0.100000,17.750000,29.000000,1.000000,0.300000,1.200000
18,0.050000,41.626297,27.000000,0.867581,0.300000,0.832419
18,0.100000,17.750000,25.000000,1.000000,0.412846,1.087154
18,0.050000,43.875000,24.000000,1.000000,0.300000,0.700000
18,0.078229,-2.341703,16.000000,0.998156,0.806125,0.478004
18,0.100000,22.750000,15.000000,1.000000,1.000000,0.500000
18,0.100000,10.363848,14.000000,0.456473,0.300000,1.743527
18,0.100000,17.997553,11.000000,0.300000,1.000000,1.200000
18,0.100000,27.997581,8.000000,0.300000,0.864378,1.335622
19,0.100000,26.000000,42.000000,1.000000,0.497824,0.000000
19,0.100000,11.000000,29.000000,1.000000,1.000000,0.502176
19,0.050000,38.000000,26.000000,1.000000,1.000000,1.002176
19,0.100000,28.205078,25.000000,0.701037,1.000000,0.801139
19,0.100000,27.030788,24.000000,0.865283,0.664936,0.301828
19,0.050000,53.000000,22.000000,1.000000,1.000000,1.002176
19,0.050000,23.920044,12.000000,0.300000,0.474715,1.223109
19,0.100000,-14.000000,10.000000,1.000000,0.300000,0.197824
19,0.050000,9.139709,5.000000,0.698826,1.000000,1.303349
19,0.100000,12.839996,5.000000,0.300000,0.300000,0.897824
20,0.099999,28.750299,34.000000,1.000000,0.497423,0.000000
20,0.099989,27.404118,26.000000,0.850382,0.749268,0.401567
20,0.074994,11.564407,24.000000,1.000000,0.748746,0.501375
20,0.100000,13.750000,23.000000,1.000000,0.497824,0.000410
20,0.100000,2.802977,20.000000,0.932902,0.832764,0.402448
20,0.100000,-2.182820,18.000000,0.932658,0.581374,0.151302
20,0.074968,16.572514,18.000000,1.000000,0.749039,0.501928
20,0.099969,1.590872,16.000000,0.865637,0.664779,0.302024
20,0.074978,-13.429902,12.000000,0.999983,0.748876,0.501679
20,0.050019,28.589725,9.000000,0.300379,0.474780,1.222067
21,0.096519,15.285093,27.000000,0.954036,0.583932,0.000000
21,0.087393,27.274469,25.000000,0.932379,0.707143,0.402835
21,0.099978,35.433208,23.000000,0.932657,0.581223,0.151448
21,0.096221,20.185926,22.000000,0.958729,0.589654,0.170718
21,0.100000,24.347481,20.000000,0.966685,0.538709,0.075129
21,0.096154,20.234783,20.000000,0.957475,0.584179,0.301927
21,0.099999,3.250129,19.000000,1.000000,0.497423,0.000570
21,0.100000,8.274829,16.000000,0.999258,0.498229,0.002075
21,0.099945,28.259205,15.000000,1.000000,0.497449,0.000000
21,0.099936,17.457792,13.000000,0.865602,0.664893,0.301927
22,0.098311,30.454203,28.000000,0.975268,0.540680,0.000000
22,0.100000,12.144203,27.000000,0.933111,0.580440,0.098807
22,0.098103,21.180496,26.000000,0.961745,0.559311,0.034228
22,0.097892,10.383215,22.000000,0.978765,0.544476,0.011486
22,0.091880,8.463192,22.000000,0.944962,0.646023,0.199952
22,0.098089,5.400686,19.000000,0.977430,0.542004,0.005700
22,0.096519,11.939325,17.000000,0.954036,0.583932,0.084303
22,0.091630,23.547020,17.000000,0.944411,0.648302,0.205289
22,0.092155,3.484101,13.000000,0.943096,0.646608,0.199657
22,0.098333,-9.593152,9.000000,0.976095,0.540433,0.001299
23,0.100000,37.000000,38.000000,1.000000,1.000000,0.000000
23,0.100000,32.000000,35.000000,1.000000,0.300000,0.700000
23,0.100000,-3.000000,29.000000,1.000000,0.856377,0.143623
23,0.098311,-5.857682,26.000000,0.975268,0.540680,0.500944
23,0.050000,13.500000,19.000000,1.000000,0.300000,1.200000
23,0.075167,-4.805105,17.000000,1.000000,0.300000,0.948331
23,0.076625,39.713898,16.000000,1.000000,0.300000,0.933754
23,0.100000,17.030100,8.000000,0.300000,0.300000,1.400000
23,0.051296,6.188540,8.000000,0.721484,1.000000,0.765558
23,0.086159,7.441023,4.000000,0.300000,0.999067,0.839339
24,0.100000,35.750000,40.000000,1.000000,1.000000,0.000000
24,0.092854,-1.445113,32.000000,1.000000,1.000000,0.071462
24,0.100000,-4.250000,26.000000,1.000000,0.507966,0.492034
24,0.086715,25.572063,24.000000,0.847182,0.300000,0.985670
24,0.100000,16.149376,20.000000,0.594037,1.000000,0.405963
24,0.050000,0.375000,18.000000,1.000000,0.300000,1.200000
24,0.100000,41.092728,17.000000,0.315514,0.469571,1.214915
24,0.066940,27.635218,12.000000,0.300000,1.000000,1.030596
24,0.100000,8.978490,10.000000,0.529908,1.000000,0.470092
24,0.050000,8.233822,1.000000,0.300000,1.000000,1.200000
25,0.100000,48.750000,36.000000,1.000000,1.000000,0.000000
25,0.100000,8.750000,33.000000,1.000000,0.300000,0.700000
25,0.050000,29.375000,28.000000,1.000000,1.000000,0.500000
25,0.050000,29.375000,21.000000,1.000000,1.000000,0.500000
25,0.050000,27.381338,19.000000,0.698277,0.300000,1.501723
25,0.069745,28.038500,17.000000,0.300000,0.300000,1.702548
25,0.100000,12.187495,14.000000,0.300000,1.000000,0.700000
25,0.050000,18.063326,14.000000,0.352058,1.000000,1.147942
25,0.088185,22.519756,10.000000,0.300000,0.300000,1.518152
25,0.100000,12.187495,8.000000,0.300000,0.300000,1.400000
26,0.100000,-1.750000,26.000000,1.000000,0.300000,0.000000
26,0.100000,28.250000,24.000000,1.000000,1.000000,0.700000
26,0.100000,-1.750000,23.000000,1.000000,1.000000,0.700000
26,0.100000,-1.750000,22.000000,1.000000,0.712505,0.412505
26,0.050000,45.759167,22.000000,0.563085,1.000000,1.636915
26,0.078934,28.885231,22.000000,1.000000,0.300000,0.210662
26,0.100000,3.250000,21.000000,1.000000,1.000000,0.700000
26,0.100000,42.592571,20.000000,0.300000,1.000000,1.400000
26,0.100000,18.058592,17.000000,0.795816,0.752898,0.657082
26,0.100000,7.592496,3.000000,0.300000,1.000000,1.400000
27,0.099968,27.012360,29.000000,0.999818,0.999603,0.000000
27,0.100000,42.000000,28.000000,1.000000,0.650318,0.349791
27,0.100000,17.004320,25.000000,0.999880,0.999693,0.000477
27,0.099969,17.406242,22.000000,0.649622,0.649741,0.700074
27,0.100000,7.000000,20.000000,1.000000,0.300000,0.700109
27,0.089507,13.895828,20.000000,0.999782,0.649989,0.454261
27,0.078967,25.792206,19.000000,0.999778,0.300385,0.909259
27,0.100000,12.000000,19.000000,1.000000,0.649950,0.350159
27,0.050001,22.144379,10.000000,0.563282,1.000000,0.936600
27,0.074954,26.761648,8.000000,0.781421,0.999857,0.468785
1,0.086714,58.769432,69.000000,0.979733,0.406109,0.000000
1,0.066735,38.313492,61.000000,0.716814,0.562100,0.618695
1,0.079300,21.836369,58.000000,0.726586,0.300799,0.432593
1,0.055476,18.589363,57.000000,0.769801,0.782632,0.898827
1,0.076346,29.915350,48.000000,0.823034,0.399771,0.266710
1,0.091028,28.563477,47.000000,0.602172,0.777344,0.791936
1,0.099153,23.982868,38.000000,0.557861,0.841593,0.981746
1,0.075967,10.568344,35.000000,0.546960,0.800292,0.934426
1,0.089291,20.267971,22.000000,0.521320,0.324614,0.565680
1,0.069006,27.274773,15.000000,0.450032,0.840742,1.141413
2,0.086688,39.593506,62.000000,0.979985,0.406485,0.000000
2,0.086714,44.595779,55.000000,0.979733,0.406109,0.000888
2,0.083699,39.686298,50.000000,0.712665,0.588957,0.479677
2,0.076681,43.107597,48.000000,0.847985,0.483875,0.309459
2,0.085143,15.301437,46.000000,0.664435,0.538952,0.463466
2,0.071126,33.195148,45.000000,0.874867,0.594412,0.448664
2,0.095137,15.998784,42.000000,0.580049,0.809684,0.887633
2,0.061114,30.782566,38.000000,0.743016,0.672139,0.758354
2,0.055520,15.883480,37.000000,0.770163,0.782191,0.897200
2,0.071511,9.701147,27.000000,0.769931,0.480997,0.436337
3,0.086679,45.000973,70.000000,0.980465,0.406816,0.000000
3,0.086688,15.009746,58.000000,0.979985,0.406485,0.000896
3,0.073858,38.418976,50.000000,0.861706,0.539170,0.379327
3,0.077346,49.143738,48.000000,0.794325,0.591004,0.463655
3,0.081647,21.805389,47.000000,0.914539,0.445589,0.155017
3,0.085845,34.756042,43.000000,0.713478,0.646536,0.515043
3,0.081667,21.812529,38.000000,0.914032,0.444361,0.154096
3,0.080839,14.449158,32.000000,0.756446,0.512049,0.387648
3,0.085113,25.491394,32.000000,0.664406,0.538519,0.463422
3,0.085858,13.033569,32.000000,0.822287,0.472982,0.232553
4,0.086679,56.459164,70.000000,0.980465,0.406816,0.000000
4,0.084085,32.267773,57.000000,0.947177,0.424499,0.076915
4,0.081589,33.006165,53.000000,0.914488,0.446757,0.156817
4,0.081339,10.562428,46.000000,0.729562,0.563644,0.461134
4,0.080187,28.027973,44.000000,0.921010,0.473105,0.190662
4,0.086746,26.462765,41.000000,0.979878,0.407799,0.002241
4,0.081513,25.260298,39.000000,0.753182,0.617687,0.489811
4,0.086281,18.656862,34.000000,0.846898,0.527007,0.257735
4,0.086808,26.464485,33.000000,0.979427,0.405870,0.003278
4,0.085982,24.037542,33.000000,0.822522,0.473044,0.231144
5,0.086679,44.583858,63.000000,0.980465,0.406816,0.000000
5,0.085303,30.535551,57.000000,0.897317,0.476144,0.166238
5,0.086874,29.568199,55.000000,0.980774,0.405923,0.003154
5,0.085378,9.851456,45.000000,0.963192,0.413926,0.037396
5,0.086510,45.302235,43.000000,0.914024,0.466597,0.127916
5,0.085291,44.852028,43.000000,0.963627,0.414368,0.038267
5,0.086212,25.973558,43.000000,0.847656,0.526555,0.257220
5,0.083626,21.618528,37.000000,0.788726,0.545292,0.360745
5,0.086724,14.581887,36.000000,0.980387,0.408512,0.002224
5,0.083950,35.105145,28.000000,0.947115,0.423652,0.077475
6,0.086679,33.750603,55.000000,0.980465,0.406816,0.000000
6,0.086697,49.158779,54.000000,0.947803,0.433878,0.059909
6,0.085572,34.756432,49.000000,0.903890,0.468572,0.149398
6,0.086523,33.798332,47.000000,0.977591,0.409155,0.006773
6,0.087013,33.720055,44.000000,0.980970,0.408255,0.005280
6,0.085772,19.337349,44.000000,0.938224,0.438313,0.082811
6,0.085019,24.464951,43.000000,0.931694,0.445134,0.103694
6,0.086308,34.300758,42.000000,0.938319,0.442603,0.081640
6,0.086498,14.979763,37.000000,0.879689,0.495237,0.191007
6,0.085490,14.072876,35.000000,0.961465,0.413893,0.037967
7,0.091035,61.124073,75.000000,1.000000,1.000000,0.000000
7,0.050000,35.125000,71.000000,1.000000,1.000000,0.410348
7,0.086679,21.875786,63.000000,0.980465,0.406816,0.656276
7,0.100000,20.250000,57.000000,1.000000,0.300000,0.789652
7,0.100000,30.250000,46.000000,1.000000,0.300000,0.789652
7,0.050000,30.125000,43.000000,1.000000,0.689017,0.721330
7,0.100000,25.250000,41.000000,1.000000,0.300000,0.789652
7,0.050000,34.239822,19.000000,0.394882,0.300000,1.715466
7,0.050000,24.561268,18.000000,0.300000,0.300000,1.810348
7,0.100000,9.122499,17.000000,0.300000,0.500118,1.289534
8,0.100000,52.250000,85.000000,1.000000,1.000000,0.000000
8,0.100000,47.250000,81.000000,1.000000,0.760291,0.239709
8,0.091035,68.393074,77.000000,1.000000,1.000000,0.089652
8,0.100000,17.250000,58.000000,1.000000,1.000000,0.000000
8,0.050000,13.704631,50.000000,0.993736,0.370233,1.136032
8,0.063005,19.856785,32.000000,0.800162,0.300000,1.269792
8,0.100000,23.852541,21.000000,0.300000,0.554694,1.145306
8,0.100000,17.215120,20.000000,0.467355,0.300000,1.232645
8,0.098558,8.869035,14.000000,0.300000,1.000000,0.714419
8,0.100000,13.852498,12.000000,0.300000,0.599507,1.100493
9,0.100000,37.750000,74.000000,1.000000,1.000000,0.000000
9,0.050000,26.375000,71.000000,1.000000,0.954321,0.545679
9,0.100000,27.750000,61.000000,1.000000,0.947598,0.052402
9,0.050000,41.375000,57.000000,1.000000,0.300000,1.200000
9,0.100000,37.750000,49.000000,1.000000,0.371687,0.628313
9,0.100000,19.347515,35.000000,0.300000,1.000000,0.700000
9,0.050000,48.513702,34.000000,0.640327,0.472738,1.386935
9,0.100000,32.316204,30.000000,0.608426,0.300000,1.091574
9,0.050000,22.104202,21.000000,0.893778,0.423279,1.182943
9,0.050000,19.013712,18.000000,0.521614,0.300000,1.678386
10,0.100000,43.250000,62.000000,1.000000,1.000000,0.000000
10,0.050000,29.125000,56.000000,1.000000,1.000000,0.500000
10,0.100000,38.250000,56.000000,1.000000,1.000000,0.000000
10,0.100000,35.323380,51.000000,0.630879,1.000000,0.369121
10,0.050000,24.125000,48.000000,1.000000,0.787288,0.712712
10,0.100000,13.475727,48.000000,0.990349,0.705044,0.304608
10,0.100000,28.250000,41.000000,1.000000,0.300000,0.700000
10,0.100000,28.606300,39.000000,0.737663,0.436541,0.825796
10,0.100000,28.141468,34.000000,0.397712,1.000000,0.602288
10,0.050000,9.471272,15.000000,0.300000,1.000000,1.200000
11,0.099988,43.766598,72.000000,0.999549,0.999380,0.000000
11,0.075052,22.804070,53.000000,1.000000,0.894119,0.355077
11,0.085003,28.291054,53.000000,0.920692,0.893749,0.334337
11,0.100000,18.755077,48.000000,0.999845,0.649621,0.350172
11,0.100000,17.068169,46.000000,0.698649,0.999497,0.301134
11,0.100000,13.750000,45.000000,1.000000,1.000000,0.001188
11,0.085521,23.305801,45.000000,0.917327,0.894892,0.001188
11,0.075000,27.820320,37.000000,0.999679,0.649518,0.599876
11,0.050032,11.869879,27.000000,1.000000,1.000000,0.500638
11,0.084994,18.139677,24.000000,0.926674,0.888036,0.500638
12,0.099962,39.277367,70.000000,0.998919,1.000000,0.000000
12,0.092566,40.808796,61.000000,0.961074,0.947054,0.164751
12,0.087394,25.618347,54.000000,0.999301,0.824503,0.301561
12,0.099988,24.260916,51.000000,0.999549,0.999380,0.001517
12,0.079915,22.074947,45.000000,0.960471,0.894334,0.344584
12,0.092568,15.826182,41.000000,0.960154,0.946252,0.166447
12,0.087428,25.617207,37.000000,0.999165,0.650012,0.475571
12,0.085378,27.189781,33.000000,0.922474,0.892391,0.329889
12,0.100000,12.226770,32.000000,0.850347,0.999769,0.149186
12,0.100000,24.267477,26.000000,0.999186,0.999648,0.001002
13,0.099787,57.308426,56.000000,0.997282,0.999757,0.000000
13,0.089875,28.329847,55.000000,0.978585,0.886698,0.230879
13,0.096207,12.865757,52.000000,0.978184,0.973475,0.081183
13,0.099962,47.269718,50.000000,0.998919,1.000000,0.003624
13,0.096104,17.852926,47.000000,0.979586,0.973033,0.081254
13,0.096427,7.809231,47.000000,0.980928,0.973394,0.076319
13,0.087219,23.271084,41.000000,0.997739,0.738194,0.387705
13,0.096307,12.824013,38.000000,0.980532,0.974016,0.077296
13,0.087317,53.258354,37.000000,0.998121,0.737317,0.387977
13,0.093700,17.756966,27.000000,0.998707,0.912310,0.149740
14,0.099659,44.358425,66.000000,0.996644,1.000000,0.000000
14,0.091610,40.365723,57.000000,0.989087,0.856819,0.231226
14,0.097745,54.762600,55.000000,0.987057,0.988160,0.040566
14,0.098256,14.666220,46.000000,0.989114,0.985265,0.036296
14,0.099641,14.350118,44.000000,0.997122,1.000000,0.000654
14,0.088623,30.735146,44.000000,0.986149,0.811270,0.309588
14,0.099787,19.331114,42.000000,0.997282,0.999757,0.002163
14,0.094756,15.094448,40.000000,0.986123,0.941131,0.118419
14,0.098106,4.656506,31.000000,0.990335,0.986121,0.035719
14,0.093163,10.385813,25.000000,0.979783,0.929902,0.151918
1,0.076153,43.182060,86.000000,0.958252,0.886298,0.000000
1,0.057662,70.940865,77.000000,0.849711,0.704823,0.280905
1,0.074140,37.034504,70.000000,0.640502,0.482146,0.514499
1,0.074095,43.472694,45.000000,0.459796,0.823728,0.502789
1,0.082923,16.396936,41.000000,0.667569,0.377603,0.589788
1,0.076767,27.415512,37.000000,0.587624,0.926908,0.372897
1,0.057422,34.161575,34.000000,0.386982,0.570802,0.678950
1,0.086589,18.114740,23.000000,0.472555,0.367176,0.718526
1,0.057510,18.736971,22.000000,0.474605,0.806186,0.524488
1,0.066655,14.246613,15.000000,0.340477,0.732918,0.643578
2,0.076153,28.636816,84.000000,0.958252,0.886298,0.000000
2,0.057721,53.226360,60.000000,0.849802,0.705065,0.280326
2,0.078495,39.548912,50.000000,0.653727,0.429558,0.549449
2,0.084805,30.514851,49.000000,0.570493,0.371743,0.650085
2,0.065827,37.182297,42.000000,0.513233,0.526275,0.581654
2,0.065870,14.067579,38.000000,0.744463,0.593346,0.376961
2,0.074147,22.456469,36.000000,0.459461,0.823423,0.503138
2,0.065892,24.057747,36.000000,0.744961,0.592912,0.376958
2,0.075506,25.364958,34.000000,0.614624,0.704269,0.388917
2,0.065791,21.673927,21.000000,0.557765,0.643567,0.479630
3,0.070949,35.499805,63.000000,0.851406,0.740358,0.000000
3,0.076153,53.881348,56.000000,0.958252,0.886298,0.188209
3,0.076168,28.877151,52.000000,0.958489,0.886667,0.188670
3,0.061713,31.567875,50.000000,0.797243,0.648689,0.140953
3,0.072215,26.913347,47.000000,0.698916,0.510987,0.275725
3,0.061750,41.568012,46.000000,0.796982,0.649574,0.140236
3,0.084767,32.590508,39.000000,0.569961,0.372216,0.483561
3,0.077012,27.288128,36.000000,0.634382,0.567360,0.284083
3,0.071329,16.852604,33.000000,0.710129,0.538410,0.246489
3,0.070627,18.038961,28.000000,0.563316,0.615340,0.314063
4,0.076312,44.029297,57.000000,0.959414,0.886262,0.000000
4,0.074207,40.657524,57.000000,0.829735,0.699460,0.228375
4,0.066321,31.168144,56.000000,0.824459,0.693914,0.255327
4,0.070949,30.628408,51.000000,0.851406,0.740358,0.189287
4,0.068863,20.505257,49.000000,0.876293,0.767830,0.162740
4,0.076066,24.065409,46.000000,0.958053,0.887046,0.002919
4,0.068908,25.480366,40.000000,0.878431,0.766552,0.162392
4,0.061876,31.650978,39.000000,0.797973,0.648386,0.321697
4,0.078591,17.320858,30.000000,0.633289,0.442822,0.550922
4,0.068799,40.488163,25.000000,0.878362,0.768947,0.161172
5,0.071146,34.937599,69.000000,0.892644,0.789392,0.000000
5,0.076312,27.531818,61.000000,0.959414,0.886262,0.128494
5,0.072460,20.892347,50.000000,0.841500,0.719314,0.087746
5,0.071463,35.758549,48.000000,0.853556,0.732574,0.069038
5,0.073544,4.307302,47.000000,0.905044,0.815056,0.037250
5,0.066255,32.016068,40.000000,0.823953,0.693729,0.127524
5,0.072589,19.141882,37.000000,0.918002,0.827235,0.047784
5,0.070085,31.480072,35.000000,0.827575,0.696700,0.113747
5,0.068789,21.397335,33.000000,0.839376,0.718137,0.092035
5,0.077549,26.298077,30.000000,0.795094,0.665485,0.170204
6,0.093375,44.495312,110.000000,1.000000,0.783206,0.000000
6,0.071146,73.622391,83.000000,0.892644,0.789392,0.246934
6,0.100000,33.750000,70.000000,1.000000,0.300000,0.487727
6,0.050000,34.375000,58.000000,1.000000,0.300000,0.649329
6,0.100000,28.987524,30.000000,0.300000,0.300000,0.853157
6,0.084807,24.141336,25.000000,0.300000,0.990013,0.734922
6,0.050000,29.143839,22.000000,0.390140,0.300000,0.890818
6,0.100000,8.987498,19.000000,0.300000,0.852637,0.706548
6,0.100000,18.987526,19.000000,0.300000,1.000000,0.735791
6,0.100000,13.987498,14.000000,0.300000,0.386291,0.807422
1,0.084719,53.614410,71.000000,0.792536,0.611885,0.000000
1,0.088433,28.248796,66.000000,0.797613,0.427823,0.187841
1,0.052127,60.489895,66.000000,0.849130,0.349503,0.422222
1,0.089222,22.997087,59.000000,0.432520,0.584004,0.363890
1,0.080084,35.082035,56.000000,0.715367,0.429830,0.203095
1,0.055134,23.484455,38.000000,0.478608,0.706377,0.441593
1,0.080968,38.642666,31.000000,0.373758,0.786471,0.455261
1,0.051215,13.194672,31.000000,0.541991,0.713193,0.430453
1,0.058211,23.697739,21.000000,0.431778,0.837240,0.501199
1,0.061949,18.847351,11.000000,0.393764,0.366115,0.520834
2,0.084719,39.013523,65.000000,0.792536,0.611885,0.000000
2,0.084345,39.569836,59.000000,0.756483,0.428984,0.186458
2,0.067931,36.593555,57.000000,0.667635,0.661730,0.215101
2,0.086936,26.329617,46.000000,0.612608,0.597440,0.181863
2,0.051650,27.182093,46.000000,0.696393,0.531865,0.353560
2,0.082750,31.830959,44.000000,0.583445,0.698344,0.227116
2,0.070127,33.123226,39.000000,0.487742,0.648871,0.339941
2,0.069902,36.473217,35.000000,0.669680,0.571059,0.196756
2,0.070135,23.122282,31.000000,0.487832,0.648097,0.339743
2,0.088794,21.212978,28.000000,0.615716,0.505674,0.210254
3,0.084719,58.614426,62.000000,0.792536,0.611885,0.000000
3,0.087824,31.024162,58.000000,0.614209,0.552417,0.190529
3,0.083813,40.248627,57.000000,0.687323,0.655816,0.114376
3,0.077516,31.202318,50.000000,0.638958,0.629670,0.170560
3,0.076191,10.366196,50.000000,0.711912,0.545068,0.135047
3,0.068325,20.467499,45.000000,0.743511,0.572195,0.175655
3,0.077286,31.407158,42.000000,0.622410,0.540235,0.199000
3,0.076219,31.401428,34.000000,0.627251,0.636041,0.187423
3,0.067180,41.692993,30.000000,0.640482,0.613820,0.232133
3,0.076517,12.373718,22.000000,0.534813,0.672753,0.277225
4,0.080313,31.695660,67.000000,0.752711,0.577591,0.000000
4,0.084719,30.288656,58.000000,0.792536,0.611885,0.068582
4,0.082856,44.035110,54.000000,0.628071,0.592517,0.128081
4,0.086305,27.213051,52.000000,0.703130,0.582086,0.077905
4,0.072179,34.621529,46.000000,0.638990,0.620590,0.146278
4,0.076345,32.953800,45.000000,0.711143,0.544217,0.066455
4,0.083610,22.761236,40.000000,0.688769,0.655635,0.106143
4,0.080606,21.710690,33.000000,0.750664,0.577680,0.003577
4,0.076203,12.949484,32.000000,0.712021,0.544677,0.066545
4,0.080721,18.708736,23.000000,0.653501,0.599406,0.101662
5,0.082948,28.554382,55.000000,0.728500,0.576482,0.000000
5,0.080418,18.229462,54.000000,0.750298,0.574745,0.033441
5,0.077384,16.952766,52.000000,0.632424,0.605204,0.114678
5,0.080313,38.169159,50.000000,0.752711,0.577591,0.035803
5,0.080738,33.238590,49.000000,0.748516,0.578415,0.029877
5,0.080181,8.096472,44.000000,0.755640,0.579910,0.038909
5,0.084917,55.197250,42.000000,0.666328,0.588173,0.066254
5,0.079201,25.703262,39.000000,0.671914,0.601345,0.072279
5,0.083128,20.522156,34.000000,0.662207,0.622232,0.080567
5,0.081232,-0.119513,31.000000,0.692196,0.588893,0.042029
6,0.081174,19.320610,51.000000,0.748149,0.578120,0.000000
6,0.077142,51.131737,51.000000,0.633363,0.607105,0.125064
6,0.082948,29.497299,50.000000,0.728500,0.576482,0.026526
6,0.080432,24.362164,50.000000,0.748836,0.579315,0.007545
6,0.080287,39.409908,50.000000,0.746333,0.580274,0.009305
6,0.082839,34.544399,48.000000,0.725855,0.581520,0.028036
6,0.082297,14.753265,44.000000,0.714161,0.588739,0.037339
6,0.081774,39.413826,42.000000,0.739258,0.570627,0.013083
6,0.081049,25.008945,35.000000,0.701890,0.604497,0.053265
6,0.079746,20.832443,29.000000,0.646594,0.610663,0.107593
7,0.081361,20.076736,69.000000,0.741687,0.582116,0.000000
7,0.080879,40.159325,57.000000,0.737630,0.580538,0.006499
7,0.081056,55.089447,50.000000,0.742128,0.577801,0.005304
7,0.082094,30.086884,43.000000,0.737609,0.573287,0.012178
7,0.078793,10.826744,42.000000,0.693903,0.598136,0.056565
7,0.081174,30.002132,40.000000,0.748149,0.578120,0.007826
7,0.079534,25.904793,39.000000,0.684173,0.599567,0.062819
7,0.080312,25.834974,38.000000,0.686624,0.583099,0.056061
7,0.080243,35.019348,36.000000,0.751176,0.577720,0.015310
7,0.078694,30.779491,36.000000,0.698262,0.593948,0.052320
8,0.082785,21.274748,54.000000,0.738542,0.571366,0.000000
8,0.080649,36.404598,52.000000,0.735100,0.576853,0.022317
8,0.080247,51.403091,52.000000,0.737093,0.574428,0.025603
8,0.080398,21.325672,51.000000,0.744281,0.579137,0.025748
8,0.082284,41.235916,48.000000,0.744635,0.571682,0.007895
8,0.081361,51.307545,46.000000,0.741687,0.582116,0.018115
8,0.080427,31.447273,43.000000,0.731732,0.587822,0.029546
8,0.080282,11.603622,41.000000,0.716099,0.580831,0.034928
8,0.080982,26.553577,36.000000,0.718231,0.600576,0.039885
8,0.081242,21.558807,27.000000,0.716533,0.592083,0.033934
9,0.100000,43.000000,101.000000,1.000000,1.000000,0.000000
9,0.100000,28.000000,67.000000,1.000000,0.300000,0.700000
9,0.100000,48.444565,62.000000,0.981304,0.300000,0.700250
9,0.050000,24.000000,52.000000,1.000000,0.300000,0.860233
9,0.050000,24.000000,51.000000,1.000000,0.300000,0.860233
9,0.082785,59.581379,49.000000,0.738542,0.571366,0.530775
9,0.059016,19.362610,23.000000,0.300000,0.300000,1.071432
9,0.050000,14.460022,16.000000,0.300000,1.000000,0.860233
9,0.050000,24.460022,15.000000,0.300000,0.300000,1.109054
9,0.100000,8.919998,14.000000,0.300000,0.300000,0.989949
10,0.100000,31.750000,80.000000,1.000000,1.000000,0.000000
10,0.100000,31.750000,79.000000,1.000000,1.000000,0.000000
10,0.100000,31.750000,71.000000,1.000000,1.000000,0.000000
10,0.100000,41.750000,54.000000,1.000000,0.300000,0.700000
10,0.050000,33.375000,50.000000,1.000000,0.677704,0.594874
10,0.050000,38.375000,33.000000,1.000000,0.300000,0.860233
10,0.100000,18.807541,24.000000,0.300000,0.300000,0.989949
10,0.050000,19.403774,24.000000,0.300000,1.000000,0.860233
10,0.050000,19.403774,18.000000,0.300000,0.837104,0.875520
10,0.075285,14.102224,17.000000,0.300000,0.506433,0.891456
11,0.100000,40.500000,69.000000,1.000000,1.000000,0.000000
11,0.100000,45.500000,62.000000,1.000000,1.000000,0.000000
11,0.100000,25.500000,54.000000,1.000000,0.571027,0.428973
11,0.079478,34.608250,48.000000,0.845046,0.784748,0.104109
11,0.089589,21.489052,45.000000,1.000000,1.000000,0.104109
11,0.100000,30.500000,42.000000,1.000000,0.733050,0.266950
11,0.050000,25.782217,38.000000,0.942310,0.300000,0.862165
11,0.078959,14.610310,35.000000,0.847654,0.778979,0.341075
11,0.050000,25.250000,30.000000,1.000000,0.300000,0.860233
11,0.078818,14.670877,27.000000,0.843633,0.784367,0.266950
12,0.100000,52.500000,75.000000,1.000000,1.000000,0.000000
12,0.050000,56.250000,70.000000,1.000000,1.000000,0.500000
12,0.100000,27.500000,63.000000,1.000000,1.000000,0.000000
12,0.050000,31.250000,56.000000,1.000000,1.000000,0.500000
12,0.100000,47.500000,52.000000,1.000000,0.311191,0.688809
12,0.100000,18.999004,46.000000,0.894502,1.000000,0.105498
12,0.050000,19.195709,27.000000,0.463120,1.000000,0.733648
12,0.100000,9.324999,27.000000,0.300000,1.000000,0.700000
12,0.100000,19.325016,17.000000,0.300000,1.000000,0.700000
12,0.100000,29.325024,17.000000,0.300000,0.579737,0.816468
13,0.074987,29.006042,69.000000,0.999584,1.000000,0.000000
13,0.100000,37.000000,63.000000,1.000000,1.000000,0.250132
13,0.074956,39.612511,59.000000,0.947864,1.000000,0.051720
13,0.099956,52.011734,55.000000,0.999482,1.000000,0.249696
13,0.074938,34.005859,46.000000,0.999924,0.656212,0.343789
13,0.074969,29.002502,38.000000,1.000000,0.999599,0.000606
13,0.074967,22.231279,36.000000,0.679455,1.000000,0.320129
13,0.075002,19.006470,32.000000,0.999444,0.999375,0.000659
13,0.099980,14.280151,27.000000,0.300000,0.999402,0.742889
13,0.074985,22.460693,25.000000,0.650619,1.000000,0.348964
14,0.087550,10.773167,60.000000,1.000000,1.000000,0.000000
14,0.087595,45.765644,49.000000,1.000000,0.826972,0.173029
14,0.074864,9.064798,49.000000,0.948091,0.999281,0.137070
14,0.075098,13.415730,49.000000,0.974299,0.999233,0.127142
14,0.074987,27.824812,48.000000,0.999584,1.000000,0.125630
14,0.074834,32.839520,45.000000,1.000000,0.999325,0.127160
14,0.087374,25.801737,45.000000,1.000000,1.000000,0.001759
14,0.087413,25.827463,43.000000,0.998870,1.000000,0.001775
14,0.074864,21.412436,31.000000,0.840181,0.998814,0.204049
14,0.075006,12.811485,31.000000,1.000000,0.998863,0.125439
1,0.098284,22.667614,74.000000,0.736599,0.699994,0.000000
1,0.052525,30.353144,66.000000,0.802136,0.784354,0.469897
1,0.073801,52.839233,63.000000,0.840037,0.713234,0.266112
1,0.061062,31.099726,52.000000,0.681566,0.752347,0.379886
1,0.055124,42.359825,44.000000,0.590186,0.330784,0.586538
1,0.053143,28.230679,43.000000,0.492076,0.938586,0.566117
1,0.065637,27.680813,41.000000,0.506925,0.990987,0.493975
1,0.050046,37.007313,38.000000,0.659465,0.989820,0.568009
1,0.061069,28.988724,19.000000,0.347031,0.868951,0.564626
1,0.052592,13.757620,10.000000,0.414486,0.945937,0.610750
2,0.098284,31.734398,57.000000,0.736599,0.699994,0.000000
2,0.056793,40.152191,52.000000,0.742100,0.768950,0.420639
2,0.075482,33.078270,51.000000,0.769165,0.742669,0.234255
2,0.079692,28.792171,49.000000,0.708923,0.726758,0.189868
2,0.074225,14.387899,47.000000,0.698427,0.844563,0.283263
2,0.058158,41.351532,46.000000,0.636192,0.542229,0.442701
2,0.057040,36.952789,42.000000,0.587073,0.845654,0.462252
2,0.079624,23.801277,38.000000,0.708701,0.726676,0.190553
2,0.052611,21.981171,35.000000,0.608437,0.865623,0.502452
2,0.056780,25.154713,33.000000,0.741988,0.768847,0.420746
3,0.098284,24.734650,55.000000,0.736599,0.699994,0.000000
3,0.076909,27.660412,53.000000,0.704094,0.786371,0.232819
3,0.057366,24.740593,53.000000,0.690115,0.656558,0.414091
3,0.066142,27.727497,48.000000,0.755767,0.756212,0.326861
3,0.056688,28.993786,46.000000,0.741886,0.768398,0.421579
3,0.086956,55.507732,45.000000,0.753045,0.720636,0.116310
3,0.066225,29.135056,44.000000,0.678277,0.793291,0.338941
3,0.074187,33.049721,43.000000,0.697624,0.844653,0.283742
3,0.077512,11.868332,40.000000,0.738230,0.734839,0.210632
3,0.068897,13.992599,23.000000,0.673020,0.633943,0.307836
4,0.066920,49.333973,69.000000,0.721832,0.776224,0.000000
4,0.092741,26.652592,56.000000,0.744237,0.709546,0.267624
4,0.075498,18.981245,49.000000,0.700422,0.816397,0.097113
4,0.082164,32.559605,49.000000,0.746502,0.728395,0.161661
4,0.098421,21.294552,47.000000,0.737776,0.699555,0.324598
4,0.098284,11.334413,41.000000,0.736599,0.699994,0.323108
4,0.071447,29.464493,41.000000,0.690495,0.788890,0.056493
4,0.061674,40.293064,38.000000,0.685318,0.725422,0.081649
4,0.061591,34.953365,33.000000,0.710093,0.781371,0.054806
4,0.076860,18.817226,27.000000,0.703583,0.787245,0.101661
5,0.071961,32.133934,54.000000,0.728729,0.753747,0.000000
5,0.082413,36.570858,52.000000,0.744845,0.728926,0.108629
5,0.066707,42.390175,50.000000,0.722254,0.778221,0.058319
5,0.079920,36.771393,48.000000,0.733921,0.742044,0.080617
5,0.082809,31.700270,48.000000,0.728899,0.736300,0.109883
5,0.066920,32.384911,46.000000,0.721832,0.776224,0.055620
5,0.068938,27.407169,44.000000,0.708150,0.780403,0.045248
5,0.073280,37.357815,39.000000,0.693358,0.803641,0.062567
5,0.087401,26.369934,38.000000,0.744163,0.719132,0.158988
5,0.071362,17.304230,31.000000,0.709703,0.798184,0.048708
6,0.082893,50.703430,64.000000,0.738652,0.735439,0.000000
6,0.085161,45.475388,58.000000,0.747842,0.724850,0.026668
6,0.082417,35.699814,56.000000,0.741091,0.736280,0.005410
6,0.071961,41.369652,52.000000,0.728729,0.753747,0.111289
6,0.072160,21.390896,47.000000,0.725588,0.751662,0.109330
6,0.071710,26.451633,39.000000,0.721710,0.778021,0.120856
6,0.077569,26.170849,38.000000,0.720849,0.766215,0.064016
6,0.071557,31.355453,37.000000,0.732208,0.752853,0.114874
6,0.081655,15.874968,37.000000,0.729224,0.742918,0.017265
6,0.077080,16.115253,22.000000,0.728367,0.747307,0.060215
7,0.082405,42.206757,72.000000,0.740435,0.731943,0.000000
7,0.077465,42.767952,54.000000,0.735665,0.744198,0.051119
7,0.081125,42.382294,54.000000,0.737807,0.748827,0.021351
7,0.084570,26.881292,50.000000,0.746001,0.728336,0.022646
7,0.082893,12.198334,44.000000,0.738652,0.735439,0.006261
7,0.074325,23.189735,40.000000,0.728818,0.757023,0.085397
7,0.084107,36.920658,39.000000,0.746233,0.729171,0.018196
7,0.083653,17.039619,35.000000,0.742727,0.727448,0.013463
7,0.071996,13.551154,35.000000,0.720597,0.764845,0.110958
7,0.072495,18.381798,27.000000,0.727482,0.751854,0.101908
8,0.082536,20.971842,67.000000,0.739538,0.739834,0.000000
8,0.081950,46.166077,58.000000,0.734150,0.755681,0.017734
8,0.082405,5.964365,55.000000,0.740435,0.731943,0.008050
8,0.080639,61.296997,52.000000,0.734594,0.744937,0.020264
8,0.083148,15.863800,48.000000,0.741211,0.733464,0.008990
8,0.080318,16.164093,37.000000,0.741660,0.747393,0.023536
8,0.077999,21.591797,37.000000,0.734160,0.749050,0.046610
8,0.079064,31.514896,34.000000,0.732524,0.750271,0.036928
8,0.083228,25.929741,33.000000,0.738177,0.726828,0.014792
8,0.075547,16.855164,29.000000,0.734207,0.743774,0.070208
9,0.082619,31.382843,58.000000,0.745833,0.732919,0.000000
9,0.083405,21.602182,55.000000,0.732799,0.760649,0.031633
9,0.078572,36.967361,52.000000,0.738410,0.748098,0.043862
9,0.082146,26.654682,51.000000,0.736084,0.734344,0.010930
9,0.081362,21.900152,50.000000,0.728667,0.756207,0.031547
9,0.082536,36.536217,42.000000,0.739538,0.739834,0.009388
9,0.081504,16.712618,42.000000,0.736405,0.737529,0.015312
9,0.079514,21.734362,42.000000,0.744586,0.757123,0.039392
9,0.080558,17.053646,29.000000,0.725322,0.751880,0.034717
9,0.080638,36.906120,29.000000,0.731660,0.745214,0.027287
10,0.100000,59.250000,92.000000,1.000000,1.000000,0.000000
10,0.100000,29.250000,59.000000,1.000000,0.300000,0.700000
10,0.082619,40.059479,57.000000,0.745833,0.732919,0.407604
10,0.050000,35.117939,54.000000,0.953040,1.000000,0.502200
10,0.100000,34.250000,53.000000,1.000000,0.300000,0.700000
10,0.100000,27.304626,36.000000,0.500733,0.300000,0.859807
10,0.050000,14.157983,30.000000,0.395800,0.523072,0.917888
10,0.050000,39.279949,29.000000,0.366011,1.000000,0.807429
10,0.050000,14.516270,24.000000,0.300000,0.300000,1.109054
10,0.058177,9.437124,16.000000,0.300000,0.300000,1.074671
11,0.100000,52.000000,70.000000,1.000000,1.000000,0.000000
11,0.091687,38.080688,66.000000,1.000000,0.538377,0.469048
11,0.100000,22.000000,58.000000,1.000000,1.000000,0.000000
11,0.094383,32.576611,53.000000,0.777826,0.671032,0.509192
11,0.100000,27.000000,50.000000,1.000000,0.490808,0.509192
11,0.096500,27.455048,39.000000,1.000000,1.000000,0.035004
11,0.100000,-0.850470,34.000000,0.913592,0.300000,0.705313
11,0.100000,12.000000,31.000000,1.000000,0.300000,0.700000
11,0.094273,12.523623,31.000000,0.781051,0.678159,0.035004
11,0.094141,17.528214,18.000000,0.781359,0.673577,0.397226
12,0.100000,35.000000,78.000000,1.000000,1.000000,0.000000
12,0.100000,25.000000,76.000000,1.000000,1.000000,0.000000
12,0.100000,30.000000,67.000000,1.000000,1.000000,0.000000
12,0.050000,32.500000,50.000000,1.000000,1.000000,0.500000
12,0.075884,48.617271,42.000000,1.000000,0.300000,0.740376
12,0.100000,14.445724,39.000000,0.608510,0.526757,0.614185
12,0.100000,17.430309,33.000000,0.710382,0.300000,0.757548
12,0.100000,5.000000,33.000000,1.000000,0.300000,0.700000
12,0.100000,28.650055,20.000000,0.300000,1.000000,0.700000
12,0.050000,19.325027,12.000000,0.300000,1.000000,0.860233
13,0.100000,50.500000,68.000000,1.000000,1.000000,0.000000
13,0.100000,57.376076,65.000000,0.895832,1.000000,0.104168
13,0.100000,35.500000,60.000000,1.000000,1.000000,0.000000
13,0.100000,0.500000,54.000000,1.000000,0.719837,0.280163
13,0.081900,17.219501,42.000000,1.000000,0.300000,0.723022
13,0.100000,37.240986,39.000000,0.538914,0.300000,0.838213
13,0.100000,11.295460,38.000000,0.957219,1.000000,0.042781
13,0.100000,24.145016,32.000000,0.300000,0.444173,0.893836
13,0.052789,20.476860,30.000000,0.949697,1.000000,0.474778
13,0.100000,34.145031,22.000000,0.300000,0.812771,0.724607
1,0.059031,35.151432,65.000000,0.929828,0.528579,0.000000
1,0.076992,46.215122,62.000000,0.719355,0.831378,0.410179
1,0.070933,23.536736,61.000000,0.979355,0.639759,0.170234
1,0.070003,36.082649,59.000000,0.767496,0.834342,0.363153
1,0.072576,50.240314,49.000000,0.830862,0.631048,0.196571
1,0.097778,37.501934,49.000000,0.518583,0.708877,0.593093
1,0.088317,27.596680,42.000000,0.939357,0.788092,0.391409
1,0.083052,28.909908,34.000000,0.371704,0.455931,0.611948
1,0.089714,16.137384,16.000000,0.673209,0.612801,0.408762
1,0.056786,9.400270,13.000000,0.333427,0.582141,0.599223
2,0.070926,38.763527,67.000000,0.979874,0.639287,0.000000
2,0.065007,35.224777,62.000000,0.954643,0.584639,0.084416
2,0.077048,38.410454,60.000000,0.719952,0.831335,0.328922
2,0.059031,41.578800,57.000000,0.929828,0.528579,0.170024
2,0.081169,27.419323,44.000000,0.752346,0.622461,0.250089
2,0.070980,30.039879,39.000000,0.650783,0.491950,0.360568
2,0.073890,6.199687,37.000000,0.849603,0.735549,0.164667
2,0.068048,27.376156,35.000000,0.824018,0.679589,0.163534
2,0.085151,18.594673,29.000000,0.675203,0.669725,0.337619
2,0.093659,9.517519,20.000000,0.595625,0.660900,0.446985
3,0.070926,38.593273,65.000000,0.979874,0.639287,0.000000
3,0.072351,34.837185,63.000000,0.915750,0.687881,0.081710
3,0.071026,31.642191,58.000000,0.838166,0.708866,0.157872
3,0.059054,16.455685,43.000000,0.929403,0.529518,0.169379
3,0.073892,44.204605,41.000000,0.684285,0.661861,0.297930
3,0.075389,17.217419,39.000000,0.785055,0.782232,0.245723
3,0.072936,11.121115,39.000000,0.852512,0.603547,0.133800
3,0.064861,28.230839,35.000000,0.789350,0.510503,0.237830
3,0.068049,17.268158,34.000000,0.823615,0.680795,0.164217
3,0.074103,29.166283,33.000000,0.685562,0.660406,0.296775
4,0.070926,41.998291,63.000000,0.979874,0.639287,0.000000
4,0.065953,28.869511,52.000000,0.889427,0.566988,0.126015
4,0.068754,29.147142,50.000000,0.851171,0.598768,0.136667
4,0.068026,28.754591,48.000000,0.883938,0.573751,0.119746
4,0.071705,22.415899,46.000000,0.948765,0.662597,0.039648
4,0.071511,38.550865,45.000000,0.876085,0.698329,0.119551
4,0.068448,39.163372,44.000000,0.851880,0.598963,0.136462
4,0.070899,28.115301,38.000000,0.909081,0.672494,0.078195
4,0.072329,12.872176,34.000000,0.915808,0.687431,0.081358
4,0.073198,13.285892,30.000000,0.883536,0.709491,0.121351
5,0.070926,29.381815,61.000000,0.979874,0.639287,0.000000
5,0.071090,29.371307,58.000000,0.979652,0.637174,0.002687
5,0.067969,65.624489,57.000000,0.883351,0.570780,0.122000
5,0.068674,35.189690,55.000000,0.921434,0.612750,0.068019
5,0.070002,25.177898,48.000000,0.913772,0.620611,0.069308
5,0.069795,20.164253,38.000000,0.916418,0.619639,0.067383
5,0.071156,29.951206,36.000000,0.927387,0.670002,0.060857
5,0.067663,10.749493,34.000000,0.872606,0.582773,0.125558
5,0.067359,40.763969,32.000000,0.873079,0.581698,0.126465
5,0.068075,15.644442,31.000000,0.880650,0.576448,0.120859
6,0.071071,48.982048,75.000000,0.956771,0.650845,0.000000
6,0.069160,39.921398,54.000000,0.890988,0.604968,0.082446
6,0.070605,38.764519,53.000000,0.977119,0.639804,0.023615
6,0.069231,44.445175,47.000000,0.931347,0.606506,0.054321
6,0.070926,28.700823,46.000000,0.979874,0.639287,0.025873
6,0.071184,23.637026,39.000000,0.983032,0.636256,0.030062
6,0.067654,15.274576,38.000000,0.868968,0.578105,0.119031
6,0.070576,29.439569,36.000000,0.922901,0.641335,0.035527
6,0.070394,14.484524,34.000000,0.920345,0.638148,0.039164
6,0.070922,8.668042,28.000000,0.982440,0.635890,0.029745
7,0.069396,34.466320,57.000000,0.928472,0.614199,0.000000
7,0.071071,48.982048,53.000000,0.956771,0.650845,0.049238
7,0.070984,29.296944,52.000000,0.931969,0.642139,0.032329
7,0.070909,49.175301,50.000000,0.942356,0.639782,0.032806
7,0.070500,34.136421,50.000000,0.948233,0.635570,0.031133
7,0.070124,29.395115,47.000000,0.929561,0.625127,0.013178
7,0.071012,18.797295,42.000000,0.971747,0.639645,0.052740
7,0.069502,9.708625,39.000000,0.907222,0.607722,0.022242
7,0.071216,23.678875,34.000000,0.979576,0.642736,0.061296
7,0.070023,14.253119,26.000000,0.941941,0.618841,0.015568
8,0.069729,35.766884,58.000000,0.939561,0.637243,0.000000
8,0.069381,26.183586,50.000000,0.920407,0.626492,0.022239
8,0.071019,55.389915,49.000000,0.949802,0.639666,0.016649
8,0.070476,15.183478,48.000000,0.963639,0.634612,0.025347
8,0.071591,30.386454,47.000000,0.946167,0.642273,0.020393
8,0.070791,20.331112,44.000000,0.954234,0.643014,0.019012
8,0.069121,20.930208,43.000000,0.935294,0.626411,0.013131
8,0.071335,20.073469,41.000000,0.963169,0.648751,0.030785
8,0.071085,15.672150,37.000000,0.935309,0.627775,0.017083
8,0.069396,16.026489,33.000000,0.928472,0.614199,0.025789
9,0.069807,35.459324,57.000000,0.947202,0.639337,0.000000
9,0.072383,50.220482,57.000000,0.954347,0.626768,0.029538
9,0.069729,40.537292,54.000000,0.939561,0.637243,0.007961
9,0.072684,20.208055,53.000000,0.953606,0.647474,0.030574
9,0.069470,40.521183,50.000000,0.943007,0.617273,0.022711
9,0.073038,25.189474,47.000000,0.953134,0.641452,0.032917
9,0.071210,30.418533,43.000000,0.942026,0.629221,0.018052
9,0.070365,25.670366,41.000000,0.921253,0.624413,0.030450
9,0.069087,20.541653,28.000000,0.943455,0.629422,0.012816
9,0.072695,15.114588,20.000000,0.962784,0.630926,0.033876
10,0.073685,35.025368,58.000000,0.948766,0.626921,0.000000
10,0.072425,25.201435,54.000000,0.939895,0.644990,0.023748
10,0.072734,40.054764,49.000000,0.952126,0.612315,0.017751
10,0.069807,50.302746,47.000000,0.947202,0.639337,0.040753
10,0.073273,15.097076,45.000000,0.944546,0.627332,0.005911
10,0.070041,30.268892,43.000000,0.949019,0.621130,0.036900
10,0.072923,25.075264,42.000000,0.948919,0.644343,0.019019
10,0.070890,25.245609,40.000000,0.945636,0.635925,0.029533
10,0.071707,35.345230,40.000000,0.930330,0.621004,0.027680
10,0.071177,20.128592,32.000000,0.955276,0.636320,0.027570
11,0.070268,60.059376,62.000000,0.947742,0.633538,0.000000
11,0.073170,54.746017,55.000000,0.943278,0.633746,0.029361
11,0.070320,10.070263,50.000000,0.946866,0.635532,0.002241
11,0.071343,14.862572,49.000000,0.949835,0.631061,0.011231
11,0.071594,24.992964,49.000000,0.942049,0.603029,0.033751
11,0.072306,24.705879,42.000000,0.950751,0.629811,0.002241
11,0.071002,9.784547,41.000000,0.955773,0.631961,0.010993
11,0.071221,15.023470,39.000000,0.943070,0.631109,0.034826
11,0.073685,19.553272,32.000000,0.948766,0.626921,0.034826
11,0.071713,14.879264,31.000000,0.946603,0.629541,0.015037
12,0.068489,30.399174,59.000000,0.958755,0.620531,0.000000
12,0.073601,49.558189,58.000000,0.964523,0.628233,0.052014
12,0.070970,20.112251,56.000000,0.955819,0.615414,0.025503
12,0.072157,30.315813,50.000000,0.938122,0.616840,0.042240
12,0.070268,30.374907,44.000000,0.947742,0.633538,0.024632
12,0.072180,30.159151,44.000000,0.945524,0.624974,0.039456
12,0.070424,15.069338,39.000000,0.961597,0.639609,0.027319
12,0.071763,14.846287,38.000000,0.963226,0.621936,0.033068
12,0.070855,15.117136,31.000000,0.956358,0.619217,0.023818
12,0.071942,14.879562,31.000000,0.960447,0.636783,0.038198
13,0.072376,35.667141,58.000000,0.941757,0.615906,0.000000
13,0.071762,45.596165,57.000000,0.953489,0.612650,0.013632
13,0.071329,40.694836,53.000000,0.945606,0.629951,0.017933
13,0.068489,35.750454,49.000000,0.958755,0.620531,0.042668
13,0.072263,20.433018,46.000000,0.967621,0.643566,0.037886
13,0.070638,45.694405,41.000000,0.950265,0.633982,0.026475
13,0.071825,25.484671,39.000000,0.965061,0.614421,0.023991
13,0.070323,30.688002,39.000000,0.953102,0.618170,0.023561
13,0.071150,15.625107,34.000000,0.954433,0.623860,0.019345
13,0.068578,10.771002,34.000000,0.955819,0.615252,0.040505
14,0.069996,10.025866,58.000000,0.959227,0.623165,0.000000
14,0.069869,15.443754,51.000000,0.946607,0.616077,0.014530
14,0.071126,55.194870,49.000000,0.946192,0.607293,0.023442
14,0.073054,15.131712,46.000000,0.935614,0.630436,0.039314
14,0.072376,25.075680,45.000000,0.941757,0.615906,0.030396
14,0.070798,-0.133910,44.000000,0.958854,0.622661,0.008043
14,0.071282,19.956112,43.000000,0.952751,0.619617,0.014824
14,0.068919,10.292123,41.000000,0.958064,0.627645,0.011730
14,0.071938,15.335890,39.000000,0.936349,0.631700,0.031194
14,0.071934,35.513451,34.000000,0.930686,0.608077,0.037652
15,0.069102,28.696590,61.000000,0.955089,0.613943,0.000000
15,0.071911,28.516083,56.000000,0.949557,0.611361,0.028747
15,0.070168,38.751678,47.000000,0.943655,0.632608,0.024346
15,0.069996,33.559547,46.000000,0.959227,0.623165,0.013498
15,0.070847,28.440859,46.000000,0.962192,0.619599,0.019672
15,0.073267,23.376465,44.000000,0.950805,0.606779,0.042477
15,0.069409,13.553543,42.000000,0.963725,0.631511,0.019816
15,0.068745,23.662657,37.000000,0.960138,0.608360,0.008333
15,0.071498,38.521923,36.000000,0.951863,0.614161,0.024182
15,0.071607,28.603058,35.000000,0.945169,0.614363,0.026948
16,0.072450,39.629539,58.000000,0.962590,0.622783,0.000000
16,0.071861,24.759159,54.000000,0.954788,0.621750,0.009827
16,0.068230,40.102585,51.000000,0.947220,0.628940,0.045333
16,0.069102,19.957266,48.000000,0.955089,0.613943,0.035431
16,0.073705,44.532257,48.000000,0.962965,0.591592,0.033624
16,0.070740,34.814861,47.000000,0.957200,0.647272,0.030351
16,0.070631,29.819092,40.000000,0.957549,0.612120,0.021679
16,0.070544,19.717049,38.000000,0.967522,0.608920,0.024074
16,0.069915,14.882676,33.000000,0.956512,0.638822,0.030603
16,0.073039,29.566528,33.000000,0.964309,0.609020,0.015070
17,0.069129,43.065758,62.000000,0.954931,0.619045,0.000000
17,0.071590,42.663254,57.000000,0.965230,0.608143,0.028819
17,0.072450,12.615640,52.000000,0.962590,0.622783,0.034287
17,0.072645,22.694382,49.000000,0.956161,0.602498,0.038877
17,0.069356,28.283272,44.000000,0.938298,0.631586,0.020955
17,0.071504,37.704689,40.000000,0.963080,0.616473,0.025242
17,0.072505,42.582184,40.000000,0.964398,0.619560,0.035073
17,0.070959,17.800150,40.000000,0.960417,0.636152,0.025648
17,0.068793,7.917962,36.000000,0.967408,0.630365,0.017178
17,0.069692,22.711266,30.000000,0.975077,0.598994,0.028975
18,0.071647,15.919076,61.000000,0.951484,0.611115,0.000000
18,0.069129,46.174606,53.000000,0.954931,0.619045,0.026627
18,0.070065,36.251907,52.000000,0.944371,0.599918,0.020646
18,0.071574,35.902401,50.000000,0.952848,0.612132,0.001854
18,0.072571,25.667030,49.000000,0.958435,0.630829,0.022855
18,0.069860,15.904590,45.000000,0.964346,0.626184,0.026682
18,0.072741,25.690414,42.000000,0.956117,0.619954,0.014807
18,0.069537,10.927216,35.000000,0.965377,0.623409,0.028095
18,0.070435,26.185801,33.000000,0.945440,0.630358,0.023532
18,0.073836,20.254517,30.000000,0.970965,0.619339,0.030435
19,0.069798,32.901287,58.000000,0.950805,0.622741,0.000000
19,0.070353,37.681046,55.000000,0.961629,0.630972,0.014685
19,0.071647,22.702839,54.000000,0.951484,0.611115,0.021851
19,0.072224,7.440419,50.000000,0.964564,0.608001,0.031546
19,0.070064,38.016300,45.000000,0.941284,0.626382,0.010534
19,0.071207,42.775772,44.000000,0.949641,0.604439,0.023125
19,0.070675,32.952648,43.000000,0.941460,0.619794,0.013150
19,0.072940,17.652285,36.000000,0.946278,0.616408,0.032364
19,0.070837,27.648258,34.000000,0.960480,0.621921,0.014221
19,0.070705,17.659151,31.000000,0.960667,0.641448,0.023008
20,0.071256,45.919312,52.000000,0.938641,0.614309,0.000000
20,0.070563,25.786289,51.000000,0.958493,0.621696,0.022288
20,0.071564,10.913052,50.000000,0.937338,0.611825,0.004164
20,0.069798,20.898521,46.000000,0.950805,0.622741,0.020774
20,0.073590,20.453535,46.000000,0.974922,0.596214,0.046783
20,0.071992,50.976376,45.000000,0.927283,0.609922,0.014225
20,0.071532,40.798523,44.000000,0.950593,0.635609,0.024579
20,0.072740,40.503479,44.000000,0.975208,0.607367,0.040068
20,0.073780,35.828304,44.000000,0.932675,0.624091,0.027716
20,0.070608,15.898513,28.000000,0.945337,0.613166,0.009387
21,0.071411,30.562319,58.000000,0.942207,0.624842,0.000000
21,0.071278,50.485626,58.000000,0.951195,0.613364,0.029092
21,0.071256,25.605400,56.000000,0.938641,0.614309,0.011227
21,0.071913,25.246620,47.000000,0.971737,0.602792,0.037195
21,0.069379,35.499260,45.000000,0.962675,0.621038,0.029092
21,0.069637,55.710556,45.000000,0.938061,0.605743,0.026392
21,0.069537,20.649780,39.000000,0.945366,0.627066,0.019138
21,0.071464,30.721083,38.000000,0.924855,0.620142,0.017986
21,0.071710,10.485825,32.000000,0.948308,0.614539,0.017986
21,0.071035,20.561779,32.000000,0.944754,0.617173,0.008912
1,0.077456,53.427193,75.000000,0.932926,0.968268,0.000000
1,0.072263,33.939869,70.000000,0.927431,0.559492,0.412098
1,0.069609,20.213818,57.000000,0.839771,0.815936,0.195040
1,0.066563,31.376926,53.000000,0.747167,0.928439,0.218991
1,0.061916,26.719849,47.000000,0.737127,0.997096,0.251626
1,0.065857,41.325249,41.000000,0.756504,0.523549,0.492295
1,0.082840,32.982956,32.000000,0.499725,0.649102,0.540767
1,0.066232,18.879377,26.000000,0.416570,0.629725,0.627559
1,0.087222,23.296570,25.000000,0.447554,0.302999,0.829281
1,0.067298,33.992657,24.000000,0.391817,0.704294,0.610572
2,0.077456,8.539669,64.000000,0.932926,0.968268,0.000000
2,0.067789,52.656910,63.000000,0.798246,0.670163,0.341101
2,0.071004,45.589275,58.000000,0.882967,0.687282,0.292595
2,0.073501,35.185581,48.000000,0.886264,0.892815,0.097133
2,0.069627,31.760437,44.000000,0.834332,0.982160,0.126658
2,0.069691,31.732111,41.000000,0.835387,0.982836,0.125522
2,0.072293,25.293596,41.000000,0.618827,0.822808,0.349974
2,0.064223,8.987381,32.000000,0.742102,0.963259,0.232273
2,0.085029,21.765808,31.000000,0.473013,0.475507,0.678284
2,0.077582,13.275377,28.000000,0.714052,0.604431,0.424600
3,0.077456,59.887997,58.000000,0.932926,0.968268,0.000000
3,0.073539,31.321030,57.000000,0.887012,0.893681,0.095945
3,0.068330,25.265566,49.000000,0.679650,0.893384,0.279437
3,0.072283,21.529770,48.000000,0.883859,0.789800,0.192182
3,0.067791,33.532314,45.000000,0.797521,0.670390,0.341184
3,0.071538,7.047501,43.000000,0.860873,0.938185,0.097975
3,0.070897,19.371796,40.000000,0.727484,0.902688,0.225407
3,0.068613,38.160061,39.000000,0.815228,0.825793,0.204870
3,0.068573,23.137430,37.000000,0.816811,0.826134,0.203899
3,0.071559,17.044983,34.000000,0.860884,0.938125,0.097859
4,0.075335,37.503654,58.000000,0.910618,0.931105,0.000000
4,0.077456,26.910393,56.000000,0.932926,0.968268,0.048255
4,0.072816,38.167969,54.000000,0.884243,0.840791,0.097401
4,0.073193,43.249817,50.000000,0.876661,0.895469,0.053683
4,0.077566,26.871674,46.000000,0.934492,0.968445,0.049616
4,0.069401,10.171234,40.000000,0.761456,0.785380,0.216809
4,0.070574,14.004120,40.000000,0.841421,0.783003,0.170262
4,0.069729,30.837769,38.000000,0.705291,0.898948,0.215259
4,0.073022,44.290405,36.000000,0.807205,0.929441,0.105980
4,0.072361,13.370640,32.000000,0.873765,0.914245,0.050271
5,0.075335,45.941921,58.000000,0.910618,0.931105,0.000000
5,0.077639,50.209381,58.000000,0.932565,0.967578,0.048403
5,0.074178,26.325686,55.000000,0.898045,0.886744,0.047539
5,0.072537,18.174141,45.000000,0.805590,0.914505,0.109951
5,0.069723,43.548508,45.000000,0.798836,0.784617,0.192623
5,0.074097,11.330444,44.000000,0.898287,0.884055,0.050191
5,0.071864,7.298092,40.000000,0.859724,0.836158,0.113180
5,0.075489,31.005871,37.000000,0.906468,0.933933,0.005254
5,0.072951,21.853153,36.000000,0.877599,0.879299,0.065898
5,0.071860,12.234195,32.000000,0.863306,0.810951,0.133726
6,0.076486,83.479698,68.000000,0.923299,0.952300,0.000000
6,0.075335,28.753048,58.000000,0.910618,0.931105,0.027250
6,0.073793,49.555035,53.000000,0.858997,0.922083,0.075982
6,0.074070,24.167252,51.000000,0.887389,0.880356,0.083958
6,0.072537,29.654160,47.000000,0.858473,0.861128,0.118634
6,0.072585,14.483386,39.000000,0.871790,0.854845,0.116928
6,0.074273,14.111600,37.000000,0.890397,0.908743,0.058903
6,0.073848,29.571930,35.000000,0.857340,0.925686,0.075861
6,0.073203,4.556084,31.000000,0.862364,0.879303,0.100595
6,0.072425,14.726410,31.000000,0.853316,0.862055,0.121207
7,0.073506,29.300457,62.000000,0.869755,0.902654,0.000000
7,0.073723,49.029461,56.000000,0.888885,0.890796,0.022612
7,0.074172,33.941746,54.000000,0.892671,0.891102,0.026515
7,0.076486,28.316683,49.000000,0.923299,0.952300,0.078867
7,0.074545,28.991646,49.000000,0.886759,0.929175,0.033174
7,0.074547,44.008690,46.000000,0.885490,0.923729,0.028286
7,0.074270,19.025969,41.000000,0.885862,0.890985,0.021307
7,0.073440,24.492992,32.000000,0.855323,0.921157,0.023475
7,0.072826,19.399078,31.000000,0.866214,0.856752,0.046539
7,0.075402,13.536037,30.000000,0.914528,0.934182,0.057949
8,0.073310,40.368553,59.000000,0.888653,0.899615,0.000000
8,0.073493,45.350128,52.000000,0.889306,0.903988,0.004787
8,0.075341,35.030960,52.000000,0.907976,0.947878,0.055817
8,0.073506,30.551584,51.000000,0.869755,0.902654,0.019241
8,0.074268,10.463776,47.000000,0.873777,0.893875,0.018604
8,0.074245,40.408810,42.000000,0.879192,0.906007,0.014762
8,0.073843,25.361502,40.000000,0.886112,0.913889,0.015449
8,0.074101,15.437508,37.000000,0.877289,0.884857,0.020237
8,0.072979,20.452026,35.000000,0.882603,0.895850,0.007856
8,0.075027,40.332447,35.000000,0.881840,0.916816,0.025245
9,0.073310,21.974157,54.000000,0.888653,0.899615,0.000000
9,0.072351,21.788940,53.000000,0.900853,0.919812,0.025468
9,0.072363,27.068405,52.000000,0.891203,0.916412,0.019452
9,0.074987,16.884384,49.000000,0.881682,0.893590,0.019133
9,0.075005,22.303581,44.000000,0.867370,0.916659,0.032107
9,0.072846,21.836319,42.000000,0.896178,0.877807,0.023531
9,0.074305,12.337227,40.000000,0.870292,0.917598,0.027559
9,0.074060,27.286297,40.000000,0.873479,0.886980,0.021123
9,0.072106,22.520021,40.000000,0.877063,0.913716,0.021865
9,0.073169,27.553946,36.000000,0.869482,0.893891,0.020057
10,0.072362,71.583511,55.000000,0.866252,0.901024,0.000000
10,0.072661,35.853199,52.000000,0.901190,0.902391,0.035092
10,0.071420,16.023464,49.000000,0.900485,0.929958,0.045801
10,0.073310,16.026640,47.000000,0.888653,0.899615,0.024363
10,0.074018,25.972839,45.000000,0.887033,0.897613,0.026792
10,0.072583,26.174700,45.000000,0.885690,0.904575,0.019883
10,0.073786,15.446602,44.000000,0.913954,0.921601,0.053868
10,0.074474,30.870903,44.000000,0.889295,0.886114,0.034630
10,0.073711,20.971418,41.000000,0.888952,0.907112,0.027099
10,0.072652,1.121078,28.000000,0.887952,0.900840,0.021894
11,0.074349,54.490997,81.000000,0.883156,0.904824,0.000000
11,0.073287,39.449387,71.000000,0.892889,0.902199,0.014647
11,0.073455,59.447079,57.000000,0.892048,0.882846,0.025340
11,0.075073,14.253338,43.000000,0.897645,0.896418,0.018247
11,0.073608,19.518265,42.000000,0.885388,0.900317,0.008955
11,0.073014,29.590502,42.000000,0.883106,0.882676,0.025860
11,0.073384,14.532455,36.000000,0.885595,0.892363,0.015952
11,0.083667,30.961746,30.000000,0.712783,0.498578,0.450271
11,0.054383,8.612602,27.000000,0.518215,0.344505,0.697858
11,0.062341,33.594193,21.000000,0.487208,0.534721,0.555131
1,0.069778,46.409943,85.000000,0.891192,0.689165,0.000000
1,0.067116,40.117615,85.000000,0.974653,0.607126,0.136342
1,0.065948,31.330055,55.000000,0.599189,0.541823,0.348540
1,0.047747,55.086243,51.000000,0.814832,0.480530,0.386893
1,0.063229,37.317024,50.000000,0.523217,0.748389,0.384172
1,0.054044,28.808929,30.000000,0.377074,0.488192,0.605068
1,0.065061,22.807545,27.000000,0.466266,0.459917,0.515902
1,0.045963,23.827850,24.000000,0.405623,0.778916,0.580501
1,0.079708,18.968946,23.000000,0.288879,0.739131,0.618131
1,0.049165,9.390392,20.000000,0.282837,0.500221,0.701620
2,0.069778,42.807640,75.000000,0.891192,0.689165,0.000000
2,0.066556,32.666443,69.000000,0.707709,0.718412,0.191377
2,0.066467,32.695305,51.000000,0.706787,0.719076,0.192656
2,0.047684,33.036716,47.000000,0.814722,0.480754,0.387289
2,0.065977,44.799065,47.000000,0.598601,0.541574,0.349146
2,0.058781,10.576306,41.000000,0.853651,0.585514,0.192595
2,0.057835,14.649501,34.000000,0.648470,0.733653,0.290333
2,0.048411,21.792450,34.000000,0.548785,0.490723,0.500111
2,0.060023,41.855896,30.000000,0.487954,0.514612,0.474423
2,0.056375,9.920959,22.000000,0.639937,0.469905,0.407819
3,0.069778,41.409939,75.000000,0.891192,0.689165,0.000000
3,0.066548,34.834358,57.000000,0.707667,0.718367,0.191425
3,0.066488,54.835335,56.000000,0.707917,0.719256,0.191562
3,0.068158,28.261204,51.000000,0.798669,0.703050,0.096290
3,0.062156,30.567543,51.000000,0.678288,0.725536,0.237640
3,0.062076,10.580610,49.000000,0.677726,0.726952,0.238888
3,0.054253,17.740963,30.000000,0.518304,0.502306,0.480899
3,0.054245,32.735878,29.000000,0.518926,0.501698,0.480826
3,0.062106,30.568811,28.000000,0.678464,0.726303,0.237917
3,0.066210,20.616505,24.000000,0.653555,0.631135,0.252434
4,0.069778,44.873695,68.000000,0.891192,0.689165,0.000000
4,0.068945,50.441898,67.000000,0.845419,0.696636,0.047863
4,0.065161,31.703442,51.000000,0.739546,0.713856,0.165164
4,0.069872,34.878990,48.000000,0.890137,0.689104,0.001575
4,0.067339,36.469872,45.000000,0.752819,0.710142,0.144099
4,0.069059,40.448997,45.000000,0.844060,0.696533,0.048858
4,0.069849,24.854824,43.000000,0.892379,0.688571,0.001655
4,0.067420,16.452778,34.000000,0.754187,0.710572,0.142673
4,0.062202,12.358529,25.000000,0.677562,0.726204,0.238222
4,0.067288,16.467108,24.000000,0.753400,0.712072,0.144137
5,0.069778,47.795441,65.000000,0.891192,0.689165,0.000000
5,0.066346,50.186886,58.000000,0.747026,0.710309,0.152719
5,0.067578,24.154800,50.000000,0.815688,0.699527,0.081392
5,0.068839,23.650955,47.000000,0.842295,0.696994,0.051229
5,0.069209,28.183014,45.000000,0.870451,0.694605,0.022958
5,0.068671,13.654104,41.000000,0.843119,0.699032,0.051524
5,0.067223,29.479424,40.000000,0.794806,0.705354,0.103536
5,0.069345,13.253235,39.000000,0.865106,0.691261,0.026771
5,0.069655,38.184204,38.000000,0.867581,0.695987,0.025150
5,0.069929,17.788765,27.000000,0.890645,0.688487,0.002138
6,0.067794,30.379086,62.000000,0.815469,0.699175,0.000000
6,0.069453,14.768351,53.000000,0.857258,0.692757,0.047338
6,0.069778,19.319530,50.000000,0.891192,0.689165,0.080659
6,0.068187,45.209736,50.000000,0.827878,0.703004,0.014180
6,0.068106,45.375328,48.000000,0.813928,0.695949,0.005824
6,0.067951,40.267681,47.000000,0.824286,0.698908,0.009040
6,0.069092,29.815189,40.000000,0.855638,0.697788,0.043358
6,0.067005,25.868076,39.000000,0.775642,0.704126,0.041493
6,0.067412,20.425850,37.000000,0.813626,0.706808,0.010825
6,0.066133,31.206299,24.000000,0.748101,0.707529,0.071262
7,0.068305,35.778427,59.000000,0.828685,0.705725,0.000000
7,0.068393,25.687454,51.000000,0.837032,0.707675,0.008764
7,0.067647,35.836220,49.000000,0.826982,0.706406,0.008442
7,0.070141,30.268738,48.000000,0.865726,0.686758,0.049604
7,0.067794,35.942612,47.000000,0.815469,0.699175,0.016811
7,0.068061,20.937649,47.000000,0.814363,0.701455,0.015586
7,0.068096,30.597733,45.000000,0.847534,0.691274,0.026240
7,0.067222,50.850601,43.000000,0.828165,0.705634,0.013560
7,0.068833,25.527617,38.000000,0.849668,0.699831,0.023196
7,0.069949,15.423988,23.000000,0.852574,0.686763,0.039426
8,0.067605,40.455807,61.000000,0.841160,0.712372,0.000000
8,0.067483,15.675513,51.000000,0.821312,0.707793,0.020712
8,0.068305,35.543858,50.000000,0.828685,0.705725,0.017359
8,0.066766,30.818735,50.000000,0.811924,0.694405,0.038329
8,0.066947,40.759869,49.000000,0.816509,0.717928,0.026897
8,0.067979,20.285152,45.000000,0.854446,0.695232,0.025640
8,0.069081,20.649736,41.000000,0.814169,0.720132,0.034107
8,0.067118,45.681133,40.000000,0.823005,0.715618,0.019573
8,0.068307,30.762527,33.000000,0.808092,0.693411,0.041620
8,0.066848,25.798595,30.000000,0.813376,0.693437,0.037705
9,0.068562,36.375347,59.000000,0.825924,0.714772,0.000000
9,0.068429,36.252060,53.000000,0.840670,0.696534,0.027201
9,0.067134,21.277491,51.000000,0.845854,0.694145,0.037158
9,0.068410,41.305454,48.000000,0.834778,0.699359,0.021289
9,0.068292,36.377552,48.000000,0.827304,0.713506,0.003978
9,0.067249,31.500017,44.000000,0.819483,0.708110,0.019506
9,0.068715,26.186493,43.000000,0.846223,0.714762,0.020388
9,0.066966,31.374943,41.000000,0.835757,0.695772,0.032544
9,0.067605,36.292892,37.000000,0.841160,0.712372,0.019605
9,0.068551,16.371437,26.000000,0.826441,0.710754,0.005052
10,0.069130,45.328400,59.000000,0.822053,0.711638,0.000000
10,0.069051,45.347641,59.000000,0.820829,0.708143,0.004643
10,0.068562,35.323029,51.000000,0.825924,0.714772,0.008981
10,0.068424,40.108795,51.000000,0.845481,0.701547,0.028033
10,0.066216,15.265961,45.000000,0.845543,0.712471,0.043353
10,0.066680,15.445938,45.000000,0.826420,0.684156,0.046224
10,0.067096,30.267118,38.000000,0.839877,0.702154,0.033239
10,0.067295,40.199890,37.000000,0.844566,0.720278,0.033904
10,0.068342,15.087030,34.000000,0.847867,0.706217,0.028446
10,0.067174,20.310364,31.000000,0.835546,0.695134,0.034721
11,0.067060,62.501801,67.000000,0.842573,0.713347,0.000000
11,0.069275,27.826632,56.000000,0.810835,0.708971,0.042472
11,0.067265,22.621153,56.000000,0.834567,0.704562,0.013829
11,0.069130,22.642292,52.000000,0.822053,0.711638,0.033091
11,0.066035,17.600965,44.000000,0.843455,0.717717,0.013961
11,0.067905,17.688564,44.000000,0.826817,0.708324,0.019983
11,0.041969,34.536385,44.000000,0.909150,0.454064,0.455895
11,0.049834,34.187214,39.000000,0.860577,0.761672,0.224357
11,0.068068,17.589790,34.000000,0.831385,0.722149,0.020127
11,0.069109,28.843803,14.000000,0.325915,0.563360,0.550219
12,0.067060,29.048985,55.000000,0.842573,0.713347,0.000000
12,0.068179,34.160259,52.000000,0.827784,0.712606,0.020381
12,0.068335,29.147301,49.000000,0.827752,0.712095,0.021823
12,0.068579,29.279190,47.000000,0.816918,0.709077,0.032360
12,0.068716,39.221680,46.000000,0.820195,0.708195,0.031160
12,0.068059,29.132710,43.000000,0.830464,0.713454,0.017396
12,0.066931,34.058987,43.000000,0.842681,0.713239,0.001622
12,0.067899,19.117832,42.000000,0.832493,0.712732,0.014569
12,0.058112,24.703770,42.000000,0.853880,0.741011,0.117622
12,0.059308,24.752979,31.000000,0.841290,0.737772,0.101608
13,0.069027,32.046989,56.000000,0.817260,0.714850,0.000000
13,0.068021,36.840378,51.000000,0.833906,0.706612,0.023267
13,0.067060,36.787704,48.000000,0.842573,0.713347,0.035340
13,0.069030,7.032048,47.000000,0.818014,0.708612,0.007833
13,0.068411,31.837959,46.000000,0.831657,0.713561,0.016408
13,0.067673,26.755455,45.000000,0.840388,0.707841,0.029967
13,0.068038,26.684921,42.000000,0.841712,0.706642,0.029256
13,0.063829,22.293877,40.000000,0.836595,0.723628,0.068670
13,0.068563,17.135689,39.000000,0.815441,0.712489,0.006761
13,0.068080,31.687273,36.000000,0.841334,0.706340,0.028859
14,0.069027,47.508038,60.000000,0.817260,0.714850,0.000000
14,0.068910,32.115635,59.000000,0.839108,0.717223,0.022098
14,0.066561,37.462151,55.000000,0.834814,0.706593,0.036948
14,0.068256,12.482772,49.000000,0.823247,0.707612,0.014509
14,0.069296,27.324543,44.000000,0.825604,0.714971,0.008995
14,0.068267,32.131931,43.000000,0.842168,0.710358,0.027241
14,0.066337,17.327271,37.000000,0.843664,0.707017,0.043859
14,0.067860,22.041756,37.000000,0.849518,0.703689,0.038051
14,0.069412,37.531624,36.000000,0.813703,0.713902,0.006103
14,0.068889,7.456155,30.000000,0.820906,0.705725,0.012098
15,0.069692,25.827137,60.000000,0.827223,0.708386,0.000000
15,0.068986,45.916328,56.000000,0.822513,0.703730,0.011577
15,0.068487,30.930756,48.000000,0.824038,0.725067,0.025918
15,0.069027,25.965872,47.000000,0.817260,0.714850,0.015284
15,0.069664,25.793161,47.000000,0.830750,0.710889,0.004727
15,0.068816,35.841404,45.000000,0.831045,0.710000,0.011765
15,0.067756,26.082163,44.000000,0.812912,0.717175,0.030180
15,0.068492,20.759983,36.000000,0.841122,0.708438,0.020449
15,0.068725,30.987291,34.000000,0.816879,0.716087,0.018596
15,0.067582,41.063583,33.000000,0.815893,0.715009,0.029873
16,0.070703,51.143681,58.000000,0.825695,0.721085,0.000000
16,0.069692,21.184807,51.000000,0.827223,0.708386,0.020351
16,0.068643,26.209534,50.000000,0.830814,0.721791,0.026274
16,0.070360,31.356480,48.000000,0.804546,0.706936,0.027901
16,0.069858,36.026825,47.000000,0.843172,0.712749,0.022930
16,0.068628,26.228283,47.000000,0.828846,0.718739,0.026299
16,0.067185,36.498177,41.000000,0.807172,0.709287,0.049953
16,0.067546,36.425446,40.000000,0.813329,0.725837,0.041789
16,0.067581,36.366928,38.000000,0.819748,0.726255,0.040008
16,0.067596,11.390533,30.000000,0.816989,0.709318,0.042440
17,0.069067,8.808674,62.000000,0.822524,0.705225,0.000000
17,0.069875,63.492268,58.000000,0.838388,0.717483,0.024257
17,0.070703,38.612972,51.000000,0.825695,0.721085,0.028661
17,0.069071,43.813965,46.000000,0.822147,0.711064,0.007309
17,0.069819,13.517505,46.000000,0.837099,0.716607,0.022430
17,0.070272,28.570305,43.000000,0.830990,0.714895,0.021085
17,0.068693,28.958488,41.000000,0.814721,0.716448,0.016720
17,0.068883,28.944426,41.000000,0.814539,0.711720,0.011616
17,0.070758,18.631868,32.000000,0.824158,0.720836,0.028813
17,0.070186,13.591354,30.000000,0.830135,0.702993,0.016167
18,0.069935,41.286301,59.000000,0.827759,0.729603,0.000000
18,0.068449,51.349930,53.000000,0.829498,0.712117,0.028739
18,0.069067,46.378658,52.000000,0.822524,0.705225,0.032767
18,0.070868,31.158766,52.000000,0.836297,0.707496,0.031183
18,0.069488,16.201925,47.000000,0.839801,0.720150,0.017775
18,0.070947,31.099457,45.000000,0.842254,0.727603,0.019401
18,0.068007,31.496094,43.000000,0.815356,0.725790,0.027521
18,0.071195,26.032471,37.000000,0.847973,0.720046,0.028275
18,0.071674,16.019043,32.000000,0.846567,0.721715,0.030391
18,0.070812,21.171356,30.000000,0.835253,0.718531,0.019178
19,0.069813,34.328510,60.000000,0.831497,0.712397,0.000000
19,0.067694,19.537010,57.000000,0.828744,0.717190,0.027289
19,0.068730,24.424690,52.000000,0.830887,0.724472,0.020282
19,0.071077,44.216072,49.000000,0.832202,0.732296,0.029479
19,0.070468,19.295044,48.000000,0.830067,0.720522,0.013123
19,0.069245,39.369232,43.000000,0.831897,0.713395,0.007216
19,0.069935,34.369553,40.000000,0.827759,0.729603,0.021883
19,0.068750,24.512085,40.000000,0.824232,0.729747,0.026449
19,0.070397,34.441448,33.000000,0.819754,0.730076,0.026070
19,0.068681,19.503029,28.000000,0.825327,0.709924,0.015741
20,0.067695,21.783600,62.000000,0.821158,0.711592,0.000000
20,0.069813,41.311783,53.000000,0.831497,0.712397,0.028439
20,0.070901,21.468018,52.000000,0.817640,0.726696,0.044445
20,0.069504,31.567989,46.000000,0.820964,0.721779,0.025958
20,0.070335,31.198578,45.000000,0.833783,0.734405,0.045408
20,0.070350,26.481344,43.000000,0.820193,0.721025,0.035237
20,0.070074,31.376591,42.000000,0.826845,0.706869,0.030846
20,0.071333,21.074167,39.000000,0.833762,0.727684,0.051301
20,0.068876,11.165537,37.000000,0.844152,0.717265,0.028230
20,0.070004,26.027599,31.000000,0.843839,0.713765,0.036807
1,0.094301,41.342682,84.000000,0.856994,0.595140,0.000000
1,0.069837,46.662674,64.000000,0.618308,0.466354,0.377806
1,0.040101,41.930458,57.000000,0.782538,0.684097,0.558280
1,0.067554,37.092632,54.000000,0.586768,0.622958,0.381801
1,0.097810,31.464287,47.000000,0.537764,0.677216,0.337142
1,0.051299,38.464016,38.000000,0.489418,0.788860,0.615362
1,0.052888,23.443596,33.000000,0.485209,0.778069,0.601677
1,0.067834,29.051195,30.000000,0.334506,0.598328,0.585714
1,0.064885,23.087477,29.000000,0.485601,0.690700,0.488606
1,0.072543,9.619198,14.000000,0.204930,0.662260,0.692508
2,0.094301,68.572319,74.000000,0.856994,0.595140,0.000000
2,0.094297,28.557110,67.000000,0.857581,0.595097,0.000591
2,0.079543,34.084007,53.000000,0.671386,0.643328,0.244665
2,0.096100,32.288780,45.000000,0.697365,0.636675,0.168820
2,0.046514,41.919807,44.000000,0.633519,0.730753,0.554116
2,0.054900,15.560036,39.000000,0.700101,0.575617,0.424799
2,0.040159,30.943554,39.000000,0.782413,0.683624,0.557612
2,0.083863,10.381594,38.000000,0.577724,0.571389,0.299616
2,0.053757,15.842155,37.000000,0.684658,0.653534,0.446556
2,0.068677,13.650639,14.000000,0.345075,0.676809,0.581502
1,0.073423,65.397911,84.000000,0.824236,0.415688,0.000000
1,0.095477,21.334475,63.000000,0.686645,0.629344,0.372688
1,0.080969,44.384430,59.000000,0.600240,0.777140,0.509907
1,0.067066,48.893318,55.000000,0.687760,0.621449,0.298025
1,0.055825,17.899672,46.000000,0.442093,0.769216,0.610152
1,0.079351,26.212616,43.000000,0.497942,0.410364,0.331702
1,0.083648,7.807759,28.000000,0.668326,0.424177,0.186751
1,0.040793,28.319855,26.000000,0.462558,0.484732,0.494705
1,0.064055,19.414005,25.000000,0.217993,0.704647,0.711878
1,0.058447,22.087650,21.000000,0.508774,0.745018,0.539826
1,0.086033,26.725193,91.000000,0.993976,0.637682,0.000000
1,0.065728,45.734825,73.000000,0.809713,0.722106,0.293798
1,0.088157,50.194427,70.000000,0.883827,0.770900,0.200783
1,0.052421,32.529953,48.000000,0.814125,0.566005,0.391595
1,0.048050,35.451729,34.000000,0.663521,0.513145,0.526975
1,0.074345,4.532404,33.000000,0.584861,0.525124,0.448141
1,0.042617,14.953188,28.000000,0.742165,0.795187,0.539135
1,0.077787,13.248655,26.000000,0.635364,0.482733,0.415832
1,0.053616,39.430202,25.000000,0.222312,0.796160,0.860113
1,0.086745,13.372065,22.000000,0.295446,0.583396,0.701854
2,0.086033,42.562576,76.000000,0.993976,0.637682,0.000000
2,0.077012,40.175285,59.000000,0.846158,0.746364,0.220097
2,0.076971,30.177998,55.000000,0.846144,0.746239,0.220179
2,0.067061,35.965328,50.000000,0.829214,0.575096,0.263175
2,0.066968,25.980019,48.000000,0.828269,0.576082,0.264068
2,0.058479,32.745056,38.000000,0.663845,0.660133,0.430923
2,0.063437,47.283783,38.000000,0.699532,0.545229,0.388729
2,0.050208,17.605919,30.000000,0.738210,0.540013,0.456795
2,0.068115,6.428690,30.000000,0.774085,0.642295,0.283708
2,0.070963,33.100967,26.000000,0.553023,0.783381,0.500317
1,0.065457,40.325039,72.000000,0.843996,0.471287,0.000000
1,0.047493,44.531025,68.000000,0.744955,0.657371,0.310135
1,0.067380,43.337368,61.000000,0.690316,0.473371,0.154901
1,0.047180,12.767689,59.000000,0.859511,0.763781,0.409048
1,0.080478,26.918278,52.000000,0.695671,0.728261,0.384377
1,0.052674,33.282337,36.000000,0.396433,0.488585,0.465960
1,0.068968,23.484652,30.000000,0.325411,0.694826,0.590119
1,0.063771,34.602264,28.000000,0.638685,0.627492,0.283834
1,0.086238,19.246216,26.000000,0.567048,0.500338,0.348146
1,0.067389,19.200851,18.000000,0.239058,0.428296,0.607627
2,0.066346,46.000496,69.000000,0.766889,0.471758,0.000000
2,0.065457,30.220802,56.000000,0.843996,0.471287,0.077620
2,0.056435,46.353004,55.000000,0.794020,0.564687,0.155086
2,0.056563,36.340611,53.000000,0.794466,0.563998,0.153701
2,0.067466,36.702042,51.000000,0.690587,0.472709,0.077128
2,0.047360,36.878986,47.000000,0.801825,0.711252,0.356213
2,0.065480,17.031139,39.000000,0.665090,0.550283,0.141678
2,0.066325,33.425182,39.000000,0.481297,0.661177,0.370978
2,0.050057,23.324303,32.000000,0.571478,0.573641,0.284492
2,0.066366,13.008526,9.000000,0.541069,0.449268,0.227563
3,0.061060,41.416183,58.000000,0.819015,0.518976,0.000000
3,0.066346,31.585806,56.000000,0.766889,0.471758,0.094842
3,0.057241,12.221265,56.000000,0.744843,0.593072,0.124652
3,0.056563,41.635471,52.000000,0.824503,0.591453,0.101293
3,0.057291,32.197266,45.000000,0.747733,0.591729,0.121541
3,0.051763,37.127308,45.000000,0.796395,0.638667,0.177592
3,0.061062,36.424618,42.000000,0.818035,0.517184,0.002445
3,0.053193,27.823114,38.000000,0.683892,0.568499,0.168164
3,0.056558,21.887913,31.000000,0.793008,0.565808,0.078297
3,0.056455,36.885647,27.000000,0.794010,0.565304,0.078096
1,0.088161,36.781395,84.000000,0.701143,0.668307,0.000000
1,0.061488,44.013535,58.000000,0.765385,0.715372,0.280594
1,0.086534,23.070045,57.000000,0.512418,0.758038,0.220142
1,0.074019,26.565216,55.000000,0.611248,0.593154,0.192115
1,0.074322,12.263538,44.000000,0.584202,0.417306,0.362309
1,0.062656,33.978523,36.000000,0.231180,0.696709,0.535892
1,0.058243,33.321407,34.000000,0.307384,0.598828,0.502095
1,0.075635,37.172359,30.000000,0.350098,0.708734,0.376134
1,0.054354,33.872356,30.000000,0.260802,0.517457,0.586304
1,0.077755,13.269203,22.000000,0.270150,0.734361,0.451001
2,0.074750,80.177986,72.000000,0.733191,0.692304,0.000000
2,0.088161,39.799198,65.000000,0.701143,0.668307,0.141113
2,0.081180,40.978813,63.000000,0.642485,0.542053,0.218257
2,0.081094,25.819153,48.000000,0.655461,0.630340,0.126749
2,0.075449,28.033821,41.000000,0.466006,0.683159,0.267521
2,0.074914,12.921890,40.000000,0.480797,0.651049,0.257614
2,0.066959,29.131546,37.000000,0.328757,0.654316,0.414599
2,0.068423,13.542435,28.000000,0.421329,0.644640,0.323746
2,0.073942,26.378826,28.000000,0.638834,0.737095,0.110016
2,0.074077,21.831360,28.000000,0.597041,0.504911,0.271020
3,0.078064,51.154686,62.000000,0.693231,0.660307,0.000000
3,0.077900,41.223660,61.000000,0.687712,0.617890,0.053334
3,0.074750,35.881176,56.000000,0.733191,0.692304,0.065535
3,0.074687,20.870197,52.000000,0.734481,0.691783,0.066261
3,0.077972,41.156723,47.000000,0.693452,0.661796,0.002088
3,0.084608,16.015015,46.000000,0.677871,0.649657,0.068519
3,0.077974,41.209267,44.000000,0.688695,0.618457,0.052517
3,0.074038,23.162582,30.000000,0.492055,0.642603,0.206355
3,0.077890,11.150854,30.000000,0.694350,0.660417,0.002077
3,0.078267,32.470078,22.000000,0.561566,0.655931,0.131794
4,0.078400,36.143501,60.000000,0.692749,0.665479,0.000000
4,0.078064,36.154686,59.000000,0.693231,0.660307,0.007301
4,0.076512,45.962746,58.000000,0.717491,0.675134,0.033380
4,0.077872,31.188625,44.000000,0.691017,0.660764,0.008105
4,0.077848,26.193867,42.000000,0.690646,0.619155,0.058205
4,0.081511,16.046835,41.000000,0.687865,0.650466,0.036656
4,0.075876,26.070932,40.000000,0.710771,0.673734,0.032686
4,0.076174,10.980610,38.000000,0.717488,0.676906,0.036216
4,0.074229,40.913357,36.000000,0.732886,0.692667,0.067129
4,0.078206,41.211273,32.000000,0.687489,0.619963,0.057170
1,0.060999,39.288597,68.000000,0.902322,0.790396,0.000000
1,0.091486,33.720963,61.000000,0.772539,0.608979,0.401510
1,0.072784,46.877888,60.000000,0.985077,0.435034,0.466960
1,0.087082,31.563110,52.000000,0.917860,0.453880,0.495194
1,0.090803,25.304523,49.000000,0.670564,0.729731,0.385083
1,0.071831,27.738892,37.000000,0.523189,0.535174,0.507200
1,0.093683,19.495665,36.000000,0.714783,0.529348,0.498469
1,0.065500,22.848576,35.000000,0.534436,0.797725,0.370741
1,0.046586,41.762169,33.000000,0.777409,0.423842,0.496305
1,0.067661,13.850939,19.000000,0.384281,0.552725,0.600888
1,0.070000,66.031013,68.000000,0.600000,0.600000,0.000000
1,0.070000,31.031017,53.000000,0.600000,0.600000,0.000000
1,0.070000,31.031017,52.000000,0.600000,0.600000,0.000000
1,0.070000,26.031017,50.000000,0.600000,0.600000,0.000000
1,0.070000,46.031017,50.000000,0.600000,0.600000,0.000000
1,0.070000,36.031017,41.000000,0.600000,0.600000,0.000000
1,0.070000,26.031017,38.000000,0.600000,0.600000,0.000000
1,0.070000,26.031017,37.000000,0.600000,0.600000,0.000000
1,0.070000,6.031002,32.000000,0.600000,0.600000,0.000000
1,0.070000,16.031017,29.000000,0.600000,0.600000,0.000000
1,0.056000,58.322647,64.000000,0.480000,0.480000,0.000000
1,0.056000,43.322674,53.000000,0.480000,0.480000,0.000000
1,0.056000,38.322678,51.000000,0.480000,0.480000,0.000000
1,0.056000,28.322718,48.000000,0.480000,0.480000,0.000000
1,0.056000,28.322706,48.000000,0.480000,0.480000,0.000000
1,0.056000,38.322708,42.000000,0.480000,0.480000,0.000000
1,0.056000,43.322670,40.000000,0.480000,0.480000,0.000000
1,0.056000,28.322702,38.000000,0.480000,0.480000,0.000000
1,0.056000,8.322681,37.000000,0.480000,0.480000,0.000000
1,0.056000,18.322721,29.000000,0.480000,0.480000,0.000000
2,0.100000,62.250000,132.000000,1.000000,0.400000,0.000000
2,0.100000,66.365471,99.000000,0.876437,0.800000,0.515041
2,0.056000,17.709837,47.000000,0.480000,0.480000,0.688477
2,0.100000,29.289984,36.000000,0.200000,0.400000,0.800000
2,0.094340,29.330204,30.000000,0.200000,0.800000,0.945094
2,0.100000,29.289984,29.000000,0.200000,0.400000,0.800000
2,0.040000,19.716021,25.000000,0.200000,0.400000,1.000000
2,0.051424,19.634903,19.000000,0.200000,0.800000,1.061116
2,0.100000,19.289984,17.000000,0.200000,0.400000,0.800000
2,0.100000,19.289984,16.000000,0.200000,0.497169,0.809168
3,0.100000,64.000000,74.000000,1.000000,0.400000,0.000000
3,0.100000,29.000000,70.000000,1.000000,0.800000,0.500000
3,0.040000,28.600006,65.000000,1.000000,0.744085,0.738236
3,0.100000,44.000000,64.000000,1.000000,0.400000,0.000000
3,0.040000,18.599976,43.000000,1.000000,0.800000,0.781025
3,0.072636,18.378296,41.000000,1.000000,0.800000,0.569983
3,0.100000,19.359985,27.000000,0.200000,0.571324,0.828168
3,0.100000,14.359985,27.000000,0.200000,0.800000,0.943398
3,0.100000,14.359985,20.000000,0.200000,0.701837,0.884507
3,0.100000,24.359985,19.000000,0.200000,0.400000,0.800000
1,0.056000,42.387215,66.000000,0.480000,0.480000,0.000000
1,0.056000,47.387226,56.000000,0.480000,0.480000,0.000000
1,0.056000,32.387238,54.000000,0.480000,0.480000,0.000000
1,0.056000,32.387230,50.000000,0.480000,0.480000,0.000000
1,0.056000,37.387211,48.000000,0.480000,0.480000,0.000000
1,0.056000,17.387325,42.000000,0.480000,0.480000,0.000000
1,0.056000,32.387234,39.000000,0.480000,0.480000,0.000000
1,0.056000,27.387312,33.000000,0.480000,0.480000,0.000000
1,0.056000,37.387222,32.000000,0.480000,0.480000,0.000000
1,0.056000,17.387325,30.000000,0.480000,0.480000,0.000000
2,0.056000,46.709808,64.000000,0.480000,0.480000,0.000000
2,0.056000,36.709862,57.000000,0.480000,0.480000,0.000000
2,0.056000,36.709831,53.000000,0.480000,0.480000,0.000000
2,0.056000,46.709831,42.000000,0.480000,0.480000,0.000000
2,0.056000,16.709963,40.000000,0.480000,0.480000,0.000000
2,0.056000,31.709852,39.000000,0.480000,0.480000,0.000000
2,0.056000,26.709959,39.000000,0.480000,0.480000,0.000000
2,0.056000,16.709955,37.000000,0.480000,0.480000,0.000000
2,0.056000,36.709858,34.000000,0.480000,0.480000,0.000000
2,0.056000,11.709875,26.000000,0.480000,0.480000,0.000000
2,0.055996,16.785263,19.000000,0.474490,0.478098,0.006001
3,0.056000,37.645302,64.000000,0.480000,0.480000,0.000000
3,0.056000,22.645336,59.000000,0.480000,0.480000,0.000000
3,0.056000,27.645363,53.000000,0.480000,0.480000,0.000000
3,0.056000,17.645365,41.000000,0.480000,0.480000,0.000000
3,0.056000,32.645302,40.000000,0.480000,0.480000,0.000000
3,0.056000,42.645287,40.000000,0.480000,0.480000,0.000000
3,0.055996,17.699257,35.000000,0.474490,0.478098,0.006001
3,0.056000,27.645355,33.000000,0.480000,0.480000,0.000000
3,0.056000,42.645279,31.000000,0.480000,0.480000,0.000000
3,0.056000,27.645359,23.000000,0.480000,0.480000,0.000000
3,0.056000,12.645303,23.000000,0.480000,0.480000,0.000000
3,0.056358,32.607616,8.000000,0.482289,0.475277,0.007275
4,0.056000,22.774387,52.000000,0.480000,0.480000,0.000000
4,0.056000,27.774391,50.000000,0.480000,0.480000,0.000000
4,0.056000,47.774315,43.000000,0.480000,0.480000,0.000000
4,0.056000,17.774389,43.000000,0.480000,0.480000,0.000000
4,0.056000,17.774376,42.000000,0.480000,0.480000,0.000000
4,0.056000,22.774378,36.000000,0.480000,0.480000,0.000000
4,0.056000,57.774303,34.000000,0.480000,0.480000,0.000000
4,0.056000,7.774327,33.000000,0.480000,0.480000,0.000000
4,0.055996,22.825325,31.000000,0.474490,0.478098,0.006001
4,0.056000,27.774363,29.000000,0.480000,0.480000,0.000000
4,0.055389,17.761759,26.000000,0.484002,0.479766,0.007312
4,0.056000,47.774307,21.000000,0.480000,0.480000,0.000000
4,0.056358,12.738662,10.000000,0.482289,0.475277,0.007275
5,0.056000,38.419464,56.000000,0.480000,0.480000,0.000000
5,0.056017,33.437248,48.000000,0.477218,0.479089,0.003011
5,0.056000,23.419485,44.000000,0.480000,0.480000,0.000000
5,0.055996,43.455666,36.000000,0.474490,0.478098,0.006001
5,0.056000,28.419491,35.000000,0.480000,0.480000,0.000000
5,0.056358,28.394157,35.000000,0.482289,0.475277,0.007275
5,0.055389,28.410524,33.000000,0.484002,0.479766,0.007312
5,0.056000,23.419464,30.000000,0.480000,0.480000,0.000000
5,0.056000,28.419468,28.000000,0.480000,0.480000,0.000000
5,0.056000,18.419476,28.000000,0.480000,0.480000,0.000000
5,0.056000,23.419456,26.000000,0.480000,0.480000,0.000000
5,0.056000,23.419487,25.000000,0.480000,0.480000,0.000000
5,0.056000,13.419450,20.000000,0.480000,0.480000,0.000000
5,0.056000,13.419450,6.000000,0.480000,0.480000,0.000000
1,0.056000,50.548580,62.000000,0.480000,0.480000,0.000000
1,0.056000,55.548653,54.000000,0.480000,0.480000,0.000000
1,0.056000,30.548639,54.000000,0.480000,0.480000,0.000000
1,0.056000,30.548712,47.000000,0.480000,0.480000,0.000000
1,0.056000,45.548599,46.000000,0.480000,0.480000,0.000000
1,0.056000,20.548777,44.000000,0.480000,0.480000,0.000000
1,0.056000,10.548655,41.000000,0.480000,0.480000,0.000000
1,0.056000,35.548607,37.000000,0.480000,0.480000,0.000000
1,0.056000,15.548767,35.000000,0.480000,0.480000,0.000000
1,0.056000,10.548655,30.000000,0.480000,0.480000,0.000000
2,0.053443,32.507706,62.000000,0.548513,0.431779,0.000000
2,0.056000,63.000114,56.000000,0.480000,0.480000,0.094770
2,0.056000,33.000130,50.000000,0.480000,0.480000,0.094770
2,0.056000,23.000170,35.000000,0.480000,0.480000,0.094770
2,0.056000,18.000172,33.000000,0.480000,0.480000,0.094770
2,0.056000,13.000120,31.000000,0.480000,0.480000,0.094770
2,0.056000,18.000170,28.000000,0.480000,0.480000,0.094770
2,0.056000,23.000175,28.000000,0.480000,0.480000,0.094770
2,0.063203,22.281765,27.000000,0.526760,0.463598,0.107615
2,0.056000,28.000170,25.000000,0.480000,0.480000,0.094770
2,0.053571,22.945072,22.000000,0.497472,0.425770,0.051607
2,0.056000,18.000162,20.000000,0.480000,0.480000,0.094770
2,0.056000,28.000172,18.000000,0.480000,0.480000,0.094770
2,0.049987,18.577148,12.000000,0.428536,0.499304,0.150709
2,0.058844,8.115479,3.000000,0.454553,0.476216,0.121783
3,0.063203,37.983250,49.000000,0.526760,0.463598,0.000000
3,0.053443,18.150921,38.000000,0.548513,0.431779,0.107615
3,0.054954,13.366011,32.000000,0.508487,0.545921,0.133146
3,0.051835,38.280869,31.000000,0.537019,0.548748,0.156063
3,0.056000,28.516260,25.000000,0.480000,0.480000,0.088287
3,0.057000,7.629450,25.000000,0.601366,0.469533,0.097307
3,0.056000,13.516218,23.000000,0.480000,0.480000,0.088287
3,0.053571,48.475418,23.000000,0.497472,0.425770,0.111226
3,0.052496,28.141451,22.000000,0.554846,0.539589,0.145859
3,0.056000,18.516253,21.000000,0.480000,0.480000,0.088287
3,0.056000,18.516253,19.000000,0.480000,0.480000,0.088287
3,0.056000,18.516249,18.000000,0.480000,0.480000,0.088287
3,0.047438,13.587242,16.000000,0.508892,0.470356,0.158884
3,0.049987,28.944336,16.000000,0.428536,0.499304,0.170606
3,0.055788,8.842867,15.000000,0.424693,0.489130,0.130133
3,0.056000,18.516245,15.000000,0.480000,0.480000,0.088287
3,0.056000,8.516218,14.000000,0.480000,0.480000,0.088287
3,0.056000,18.516260,14.000000,0.480000,0.480000,0.088287
3,0.056000,8.516218,13.000000,0.480000,0.480000,0.088287
3,0.058844,18.601807,12.000000,0.454553,0.476216,0.085806
3,0.056000,13.516218,9.000000,0.480000,0.480000,0.088287
4,0.055060,27.963625,42.000000,0.586551,0.481464,0.000000
4,0.052496,13.262696,34.000000,0.554846,0.539589,0.083317
4,0.057000,22.784073,29.000000,0.601366,0.469533,0.028601
4,0.052514,38.528099,28.000000,0.510624,0.446350,0.091322
4,0.071431,18.176620,23.000000,0.487292,0.482529,0.191454
4,0.050534,7.930737,22.000000,0.617178,0.435658,0.079154
4,0.056000,18.612988,20.000000,0.480000,0.480000,0.106980
4,0.063203,13.114739,20.000000,0.526760,0.463598,0.103456
4,0.053443,18.271513,18.000000,0.548513,0.431779,0.074605
4,0.051835,13.393020,17.000000,0.537019,0.548748,0.102797
4,0.061827,23.480972,16.000000,0.478072,0.524726,0.138817
4,0.046933,13.903077,16.000000,0.466275,0.558371,0.174106
4,0.056000,28.613022,16.000000,0.480000,0.480000,0.106980
4,0.056000,23.613022,15.000000,0.480000,0.480000,0.106980
4,0.053571,13.574808,15.000000,0.497472,0.425770,0.114034
4,0.058844,18.692993,15.000000,0.454553,0.476216,0.137469
4,0.054954,23.472565,14.000000,0.508487,0.545921,0.112191
4,0.056000,18.613026,13.000000,0.480000,0.480000,0.106980
4,0.056000,18.613018,12.000000,0.480000,0.480000,0.106980
4,0.056000,13.612987,11.000000,0.480000,0.480000,0.106980
4,0.047202,18.421028,9.000000,0.557833,0.483055,0.083692
4,0.053705,13.827499,7.000000,0.450655,0.400000,0.170355
4,0.056000,13.612987,6.000000,0.480000,0.480000,0.106980
4,0.058396,8.325603,6.000000,0.516454,0.507444,0.084149
4,0.049987,19.013184,6.000000,0.428536,0.499304,0.167453
4,0.056000,8.612987,5.000000,0.480000,0.480000,0.106980
4,0.056000,8.612987,5.000000,0.480000,0.480000,0.106980
4,0.055788,8.918332,4.000000,0.424693,0.489130,0.162305
4,0.056000,8.612987,4.000000,0.480000,0.480000,0.106980
4,0.047438,8.679379,2.000000,0.508892,0.470356,0.109702
5,0.050534,23.508205,28.000000,0.617178,0.435658,0.000000
5,0.052013,23.173719,26.000000,0.673093,0.535065,0.137061
5,0.048434,8.344835,21.000000,0.664037,0.492035,0.087195
5,0.055060,8.531916,21.000000,0.586551,0.481464,0.079154
5,0.045355,13.652684,20.000000,0.619117,0.486058,0.081577
5,0.063203,23.640877,19.000000,0.526760,0.463598,0.159514
5,0.057000,13.402455,18.000000,0.601366,0.469533,0.078890
5,0.053443,18.753881,17.000000,0.548513,0.431779,0.074729
5,0.060720,28.673986,16.000000,0.530834,0.423113,0.134450
5,0.071431,28.685471,14.000000,0.487292,0.482529,0.252929
5,0.056000,14.000060,13.000000,0.480000,0.480000,0.157727
5,0.057507,13.820075,13.000000,0.514536,0.460711,0.127980
5,0.075093,23.435192,12.000000,0.518535,0.499862,0.276564
5,0.056000,14.000060,12.000000,0.480000,0.480000,0.157727
5,0.047438,14.047924,12.000000,0.508892,0.470356,0.120689
5,0.056000,24.000088,11.000000,0.480000,0.480000,0.157727
5,0.047202,8.861671,11.000000,0.557833,0.483055,0.090234
5,0.056000,19.000076,10.000000,0.480000,0.480000,0.157727
5,0.056000,14.000060,9.000000,0.480000,0.480000,0.157727
5,0.054954,13.898833,9.000000,0.508487,0.545921,0.181008
5,0.048089,13.599824,9.000000,0.612943,0.491991,0.074661
5,0.066592,13.702913,9.000000,0.501328,0.583326,0.270700
5,0.051835,13.841479,9.000000,0.537019,0.548748,0.163028
5,0.058760,8.808811,9.000000,0.511449,0.485670,0.147828
5,0.058844,9.057739,8.000000,0.454553,0.476216,0.189531
5,0.056000,19.000082,8.000000,0.480000,0.480000,0.157727
5,0.046983,8.759262,8.000000,0.583733,0.511608,0.106735
5,0.052514,8.938833,8.000000,0.510624,0.446350,0.109200
5,0.052496,8.747525,8.000000,0.554846,0.539589,0.145422
5,0.056000,9.000060,7.000000,0.480000,0.480000,0.157727
5,0.065858,23.415573,7.000000,0.557159,0.428330,0.164834
5,0.058396,13.792876,6.000000,0.516454,0.507444,0.156137
5,0.056000,9.000060,6.000000,0.480000,0.480000,0.157727
5,0.056000,9.000060,4.000000,0.480000,0.480000,0.157727
5,0.055788,9.220193,4.000000,0.424693,0.489130,0.210424
5,0.053705,24.154709,4.000000,0.450655,0.400000,0.175277
5,0.061827,13.904864,4.000000,0.478072,0.524726,0.210946
5,0.059141,8.754946,4.000000,0.521191,0.458079,0.131939
5,0.049987,14.288574,3.000000,0.428536,0.499304,0.204805
5,0.056000,14.000060,2.000000,0.480000,0.480000,0.157727
5,0.046933,9.209195,2.000000,0.466275,0.558371,0.218167
5,0.055471,8.899188,2.000000,0.506027,0.511375,0.154109
5,0.052047,8.922130,2.000000,0.516933,0.504194,0.132729
5,0.056110,9.034295,2.000000,0.471254,0.400000,0.162449
5,0.056278,9.267850,2.000000,0.409712,0.495275,0.227804
5,0.053571,8.972536,1.000000,0.497472,0.425770,0.124115
6,0.052013,27.879158,37.000000,0.673093,0.535065,0.000000
6,0.060720,18.460110,28.000000,0.530834,0.423113,0.217721
6,0.050933,22.838284,25.000000,0.686720,0.495605,0.052300
6,0.055060,18.295128,17.000000,0.586551,0.481464,0.113612
6,0.057000,18.144810,17.000000,0.601366,0.469533,0.119758
6,0.048434,13.077873,16.000000,0.664037,0.492035,0.065238
6,0.040881,8.653866,15.000000,0.604877,0.494330,0.140140
6,0.065858,13.160030,14.000000,0.557159,0.428330,0.224525
6,0.051835,13.654621,14.000000,0.537019,0.548748,0.137157
6,0.050534,13.267593,12.000000,0.617178,0.435658,0.137061
6,0.053443,18.552895,12.000000,0.548513,0.431779,0.179983
6,0.041814,13.143620,12.000000,0.702349,0.521107,0.107527
6,0.047202,8.678070,11.000000,0.557833,0.483055,0.140806
6,0.046983,18.559143,11.000000,0.583733,0.511608,0.106652
6,0.052496,23.545492,11.000000,0.554846,0.539589,0.118481
6,0.070713,8.049686,11.000000,0.553578,0.449404,0.246414
6,0.048089,13.373989,10.000000,0.612943,0.491991,0.089762
6,0.075093,8.182827,9.000000,0.518535,0.499862,0.281238
6,0.058396,8.598179,9.000000,0.516454,0.507444,0.172635
6,0.053094,13.329906,9.000000,0.591188,0.513875,0.086758
6,0.071431,8.473450,9.000000,0.487292,0.482529,0.276663
6,0.066592,23.493706,8.000000,0.501328,0.583326,0.233232
6,0.055409,8.812550,7.000000,0.487970,0.475629,0.202346
6,0.056000,13.838779,7.000000,0.480000,0.480000,0.208836
6,0.055788,19.094387,7.000000,0.424693,0.489130,0.257730
6,0.051232,13.727028,7.000000,0.525432,0.495541,0.155903
6,0.063203,13.421642,7.000000,0.526760,0.463598,0.204732
6,0.056000,18.838795,6.000000,0.480000,0.480000,0.208836
6,0.058844,13.905762,6.000000,0.454553,0.476216,0.240493
6,0.044294,13.531780,6.000000,0.606880,0.421484,0.174643
6,0.078571,13.425282,6.000000,0.471898,0.476558,0.341118
6,0.056000,13.838779,5.000000,0.480000,0.480000,0.208836
6,0.045355,23.435345,5.000000,0.619117,0.486058,0.105352
6,0.061827,8.728230,5.000000,0.478072,0.524726,0.218704
6,0.056000,13.838779,4.000000,0.480000,0.480000,0.208836
6,0.053439,8.322662,4.000000,0.590555,0.419796,0.166664
6,0.057446,8.558800,4.000000,0.527970,0.408805,0.221183
6,0.056000,8.838779,4.000000,0.480000,0.480000,0.208836
6,0.049987,9.173828,3.000000,0.428536,0.499304,0.249433
6,0.056000,13.838779,3.000000,0.480000,0.480000,0.208836
6,0.060288,8.923100,3.000000,0.445508,0.400000,0.295206
6,0.056000,8.838779,3.000000,0.480000,0.480000,0.208836
6,0.056000,8.838779,3.000000,0.480000,0.480000,0.208836
6,0.056278,14.149761,3.000000,0.409712,0.495275,0.271408
6,0.054954,13.721226,3.000000,0.508487,0.545921,0.167762
6,0.054270,8.906517,3.000000,0.473154,0.547539,0.201812
6,0.060092,8.949158,2.000000,0.440795,0.431054,0.278197
6,0.044441,8.870193,2.000000,0.531480,0.497559,0.167290
6,0.057507,13.629765,2.000000,0.514536,0.460711,0.191827
6,0.052514,13.767677,2.000000,0.510624,0.446350,0.196771
6,0.056000,8.838779,2.000000,0.480000,0.480000,0.208836
6,0.052047,8.748280,2.000000,0.516933,0.504194,0.160858
6,0.047438,8.894363,1.000000,0.508892,0.470356,0.188674
6,0.056110,8.878536,1.000000,0.471254,0.400000,0.266312
6,0.046933,9.081646,1.000000,0.466275,0.558371,0.214948
6,0.056000,8.838779,1.000000,0.480000,0.480000,0.208836
6,0.059141,8.554131,1.000000,0.521191,0.458079,0.193435
6,0.053705,9.018372,1.000000,0.450655,0.400000,0.279766
6,0.058760,8.616684,1.000000,0.511449,0.485670,0.185724
6,0.051096,8.557392,0.000000,0.560097,0.460736,0.146578
6,0.063069,8.653591,0.000000,0.487032,0.476805,0.228353
6,0.053571,8.806816,0.000000,0.497472,0.425770,0.223049
6,0.055471,8.721638,0.000000,0.506027,0.511375,0.173158
6,0.047340,9.250870,0.000000,0.419315,0.470556,0.270351
7,0.050933,23.078487,28.000000,0.686720,0.495605,0.000000
7,0.073675,22.789141,23.000000,0.612455,0.486546,0.239507
7,0.041007,28.263781,23.000000,0.727494,0.584772,0.154718
7,0.053131,18.111450,18.000000,0.666570,0.469434,0.044263
7,0.055060,8.484558,18.000000,0.586551,0.481464,0.109772
7,0.048434,23.291443,18.000000,0.664037,0.492035,0.034042
7,0.075093,13.384735,16.000000,0.518535,0.499862,0.294426
7,0.052013,28.114807,16.000000,0.673093,0.535065,0.052300
7,0.057000,8.350922,15.000000,0.601366,0.469533,0.109673
7,0.050534,18.460083,14.000000,0.617178,0.435658,0.102309
7,0.041814,13.349884,14.000000,0.702349,0.521107,0.097856
7,0.065858,8.364471,13.000000,0.557159,0.428330,0.214790
7,0.051835,8.804108,10.000000,0.537019,0.548748,0.164026
7,0.045355,13.609222,10.000000,0.619117,0.486058,0.088453
7,0.053094,13.515472,10.000000,0.591188,0.513875,0.100572
7,0.078571,8.600250,9.000000,0.471898,0.476558,0.350859
7,0.060720,13.631195,9.000000,0.530834,0.423113,0.205159
7,0.066592,8.661072,8.000000,0.501328,0.583326,0.266296
7,0.054493,8.228638,8.000000,0.637442,0.450609,0.082818
7,0.040881,18.803408,8.000000,0.604877,0.494330,0.129637
7,0.071740,13.638977,8.000000,0.486973,0.475156,0.289564
7,0.056000,13.967804,8.000000,0.480000,0.480000,0.213731
7,0.063726,33.439167,7.000000,0.553315,0.400000,0.220104
7,0.048089,8.554657,6.000000,0.612943,0.491991,0.079198
7,0.058814,8.351776,6.000000,0.591865,0.504517,0.123828
7,0.051232,8.868469,6.000000,0.525432,0.495541,0.161315
7,0.078636,7.807863,6.000000,0.590304,0.477774,0.294179
7,0.044294,13.694916,6.000000,0.606880,0.421484,0.139164
7,0.053439,18.509033,6.000000,0.590555,0.419796,0.137314
7,0.047202,13.824951,6.000000,0.557833,0.483055,0.135092
7,0.058396,13.753937,5.000000,0.516454,0.507444,0.186493
7,0.048400,8.566559,5.000000,0.608440,0.506751,0.083445
7,0.057446,8.718933,5.000000,0.527970,0.408805,0.203018
7,0.071431,13.643066,5.000000,0.487292,0.482529,0.286456
7,0.046983,8.719238,4.000000,0.583733,0.511608,0.112099
7,0.059141,8.714783,4.000000,0.521191,0.458079,0.190626
7,0.052496,8.707123,4.000000,0.554846,0.539589,0.143728
7,0.056000,8.967804,4.000000,0.480000,0.480000,0.213731
7,0.053443,8.713684,4.000000,0.548513,0.431779,0.161543
7,0.070713,8.266388,3.000000,0.553578,0.449404,0.245332
7,0.044372,8.473846,3.000000,0.655693,0.517827,0.077713
7,0.063203,13.597015,3.000000,0.526760,0.463598,0.205529
7,0.056000,8.967804,3.000000,0.480000,0.480000,0.213731
7,0.047557,13.638702,3.000000,0.598166,0.475285,0.098115
7,0.057200,8.603577,3.000000,0.552415,0.524575,0.152565
7,0.058844,9.027344,3.000000,0.454553,0.476216,0.246468
7,0.061827,8.869537,2.000000,0.478072,0.524726,0.238173
7,0.056000,8.967804,2.000000,0.480000,0.480000,0.213731
7,0.052383,8.885132,2.000000,0.515790,0.508455,0.172294
7,0.055409,8.944489,2.000000,0.487970,0.475629,0.205252
7,0.056000,8.967804,2.000000,0.480000,0.480000,0.213731
7,0.052047,13.887360,2.000000,0.516933,0.504194,0.170490
7,0.049987,9.265625,2.000000,0.428536,0.499304,0.258398
7,0.060092,14.065918,2.000000,0.440795,0.431054,0.274552
7,0.047460,13.896240,2.000000,0.539173,0.602703,0.202232
7,0.047686,8.864166,1.000000,0.545655,0.622679,0.214906
7,0.063834,8.791748,1.000000,0.486415,0.550966,0.248102
7,0.070238,8.655731,1.000000,0.489115,0.569846,0.291425
7,0.051429,8.663818,1.000000,0.569885,0.400000,0.167202
7,0.047303,8.527679,1.000000,0.623752,0.521718,0.079673
7,0.040268,9.081085,1.000000,0.534092,0.440609,0.198484
7,0.055788,9.195038,1.000000,0.424693,0.489130,0.266609
7,0.063069,13.803192,1.000000,0.487032,0.476805,0.234851
7,0.060288,14.042755,1.000000,0.445508,0.400000,0.284984
7,0.053705,9.127441,1.000000,0.450655,0.400000,0.266038
7,0.056000,8.967804,1.000000,0.480000,0.480000,0.213731
7,0.056110,9.003143,1.000000,0.471254,0.400000,0.251768
7,0.047438,14.017212,1.000000,0.508892,0.470356,0.183958
7,0.056000,13.967804,1.000000,0.480000,0.480000,0.213731
7,0.053571,8.939392,1.000000,0.497472,0.425770,0.210073
7,0.057507,8.782013,1.000000,0.514536,0.460711,0.189399
7,0.056278,9.244232,1.000000,0.409712,0.495275,0.282117
7,0.054954,8.863312,1.000000,0.508487,0.545921,0.193233
7,0.052514,8.904602,0.000000,0.510624,0.446350,0.187218
7,0.056000,8.967804,0.000000,0.480000,0.480000,0.213731
7,0.052745,9.012268,0.000000,0.483822,0.522168,0.206393
7,0.056000,8.967804,0.000000,0.480000,0.480000,0.213731
7,0.041453,9.130707,0.000000,0.511983,0.521213,0.201356
7,0.054270,9.028015,0.000000,0.473154,0.547539,0.225695
7,0.044441,8.995728,0.000000,0.531480,0.497559,0.168285
7,0.056000,8.967804,0.000000,0.480000,0.480000,0.213731
7,0.046933,9.183685,0.000000,0.466275,0.558371,0.237383
7,0.058760,8.770386,0.000000,0.511449,0.485670,0.192354
7,0.051096,8.717682,0.000000,0.560097,0.460736,0.133924
7,0.047340,9.334106,0.000000,0.419315,0.470556,0.271619
7,0.055471,8.863678,0.000000,0.506027,0.511375,0.187343
8,0.050933,23.378716,34.000000,0.686720,0.495605,0.000000
8,0.054917,22.993767,20.000000,0.735674,0.484538,0.064617
8,0.052013,18.409369,18.000000,0.673093,0.535065,0.052300
8,0.048434,8.558405,17.000000,0.664037,0.492035,0.034042
8,0.044294,8.898835,16.000000,0.606880,0.421484,0.139164
8,0.050534,28.700695,16.000000,0.617178,0.435658,0.102309
8,0.041007,13.535050,14.000000,0.727494,0.584772,0.154718
8,0.075093,13.637120,14.000000,0.518535,0.499862,0.294426
8,0.041814,23.607697,13.000000,0.702349,0.521107,0.097856
8,0.046983,13.919357,12.000000,0.583733,0.511608,0.112099
8,0.054493,8.505413,10.000000,0.637442,0.450609,0.082818
8,0.058396,8.948634,10.000000,0.516454,0.507444,0.186493
8,0.059944,18.438011,10.000000,0.621316,0.567701,0.143244
8,0.055060,8.721346,10.000000,0.586551,0.481464,0.109772
8,0.073675,13.134599,10.000000,0.612455,0.486546,0.239507
8,0.048400,18.790554,9.000000,0.608440,0.506751,0.083445
8,0.059534,8.539994,9.000000,0.602759,0.400000,0.169497
8,0.049628,13.466377,9.000000,0.676617,0.546833,0.066127
8,0.040000,13.910989,8.000000,0.635087,0.477373,0.123038
8,0.057446,13.919100,8.000000,0.527970,0.408805,0.203018
8,0.053131,13.406536,7.000000,0.666570,0.469434,0.044263
8,0.045355,8.826531,7.000000,0.619117,0.486058,0.088453
8,0.047202,9.008553,7.000000,0.557833,0.483055,0.135092
8,0.078636,18.150383,7.000000,0.590304,0.477774,0.294179
8,0.053439,13.741997,7.000000,0.590555,0.419796,0.137314
8,0.040881,8.990399,6.000000,0.604877,0.494330,0.129637
8,0.057000,8.608590,6.000000,0.601366,0.469533,0.109673
8,0.071431,8.855087,6.000000,0.487292,0.482529,0.286456
8,0.070340,8.052330,6.000000,0.640480,0.468660,0.202321
8,0.040000,18.474669,6.000000,0.751621,0.544344,0.140985
8,0.071740,13.851637,6.000000,0.486973,0.475156,0.289564
8,0.053094,13.747430,5.000000,0.591188,0.513875,0.100572
8,0.058814,13.609311,5.000000,0.591865,0.504517,0.123828
8,0.070719,8.654630,5.000000,0.530888,0.522584,0.254104
8,0.065858,8.620023,5.000000,0.557159,0.428330,0.214790
8,0.049585,8.794371,5.000000,0.600177,0.511695,0.089866
8,0.048106,8.676079,4.000000,0.638527,0.512618,0.059784
8,0.061329,8.584901,4.000000,0.584669,0.400000,0.188424
8,0.076086,13.957621,4.000000,0.450518,0.543228,0.350143
8,0.052496,8.909135,4.000000,0.554846,0.539589,0.143728
8,0.066592,13.870279,4.000000,0.501328,0.583326,0.266296
8,0.063726,8.683057,4.000000,0.553315,0.400000,0.220104
8,0.048089,8.780492,4.000000,0.612943,0.491991,0.079198
8,0.078571,13.818961,4.000000,0.471898,0.476558,0.350859
8,0.056000,19.129108,3.000000,0.480000,0.480000,0.213731
8,0.063834,13.980537,3.000000,0.486415,0.550966,0.248102
8,0.070389,18.597183,3.000000,0.543373,0.445315,0.249707
8,0.057200,8.821768,3.000000,0.552415,0.524575,0.152565
8,0.062701,18.747658,2.000000,0.543970,0.424454,0.205271
8,0.047303,8.757730,2.000000,0.623752,0.521718,0.079673
8,0.056110,9.158902,2.000000,0.471254,0.400000,0.251768
8,0.058760,8.962513,2.000000,0.511449,0.485670,0.192354
8,0.054900,13.679838,2.000000,0.596862,0.539619,0.112583
8,0.051835,8.990966,2.000000,0.537019,0.548748,0.164026
8,0.060720,8.845071,2.000000,0.530834,0.423113,0.205159
8,0.063203,8.816232,2.000000,0.526760,0.463598,0.205529
8,0.059141,8.915598,2.000000,0.521191,0.458079,0.190626
8,0.051232,9.045271,2.000000,0.525432,0.495541,0.161315
8,0.061827,9.046172,1.000000,0.478072,0.524726,0.238173
8,0.044372,8.712308,1.000000,0.655693,0.517827,0.077713
8,0.070713,13.537265,1.000000,0.553578,0.449404,0.245332
8,0.056000,9.129085,1.000000,0.480000,0.480000,0.213731
8,0.044441,9.152645,1.000000,0.531480,0.497559,0.168285
8,0.061399,13.449306,1.000000,0.611689,0.408415,0.168705
8,0.056000,9.129085,1.000000,0.480000,0.480000,0.213731
8,0.046826,8.764733,1.000000,0.625148,0.495679,0.074012
8,0.054954,9.040919,1.000000,0.508487,0.545921,0.193233
8,0.047557,8.851405,1.000000,0.598166,0.475285,0.098115
8,0.057507,13.972323,1.000000,0.514536,0.460711,0.189399
8,0.058844,9.179321,1.000000,0.454553,0.476216,0.246468
8,0.056000,14.129085,1.000000,0.480000,0.480000,0.213731
8,0.040055,9.011771,1.000000,0.604567,0.426507,0.161374
8,0.053705,9.263779,1.000000,0.450655,0.400000,0.266038
8,0.071985,9.158336,1.000000,0.416197,0.483323,0.343129
8,0.063069,8.990193,1.000000,0.487032,0.476805,0.234851
8,0.055788,9.320813,1.000000,0.424693,0.489130,0.266609
8,0.040268,9.224666,1.000000,0.534092,0.440609,0.198484
8,0.070238,8.865773,1.000000,0.489115,0.569846,0.291425
8,0.052047,9.061210,1.000000,0.516933,0.504194,0.170490
8,0.071591,8.534613,1.000000,0.550674,0.438858,0.257322
8,0.060092,9.211868,1.000000,0.440795,0.431054,0.274552
8,0.040255,9.258861,0.000000,0.522255,0.458604,0.201467
8,0.069798,8.873086,0.000000,0.489074,0.518167,0.274677
8,0.049322,9.065896,0.000000,0.529698,0.462199,0.163276
8,0.049932,8.652312,0.000000,0.632344,0.447081,0.082072
8,0.049383,8.670903,0.000000,0.631448,0.491681,0.057613
8,0.050885,8.931279,0.000000,0.557805,0.599898,0.183343
8,0.074757,8.338996,0.000000,0.573732,0.522423,0.265796
8,0.058596,9.059690,0.000000,0.487581,0.475355,0.214872
8,0.056723,9.038164,0.000000,0.501209,0.452000,0.201835
8,0.053467,8.858718,0.000000,0.562343,0.430636,0.150689
8,0.056000,9.129085,0.000000,0.480000,0.480000,0.213731
8,0.056000,9.129085,0.000000,0.480000,0.480000,0.213731
8,0.053443,8.914671,0.000000,0.548513,0.431779,0.161543
8,0.052383,9.059330,0.000000,0.515790,0.508455,0.172294
8,0.055409,9.109412,0.000000,0.487970,0.475629,0.205252
8,0.056000,9.129085,0.000000,0.480000,0.480000,0.213731
8,0.049987,9.380371,0.000000,0.428536,0.499304,0.258398
8,0.047460,9.068703,0.000000,0.539173,0.602703,0.202232
8,0.047686,9.041640,0.000000,0.545655,0.622679,0.214906
8,0.051429,8.872597,0.000000,0.569885,0.400000,0.167202
8,0.060288,9.192325,0.000000,0.445508,0.400000,0.284984
8,0.056000,9.129085,0.000000,0.480000,0.480000,0.213731
8,0.047438,9.170773,0.000000,0.508892,0.470356,0.183958
8,0.055471,9.041228,0.000000,0.506027,0.511375,0.187343
8,0.053571,9.105112,0.000000,0.497472,0.425770,0.210073
8,0.056278,9.362321,0.000000,0.409712,0.495275,0.282117
8,0.052514,9.075758,0.000000,0.510624,0.446350,0.187218
8,0.056000,9.129085,0.000000,0.480000,0.480000,0.213731
8,0.052745,9.166601,0.000000,0.483822,0.522168,0.206393
8,0.056000,9.129085,0.000000,0.480000,0.480000,0.213731
8,0.041453,9.266534,0.000000,0.511983,0.521213,0.201356
8,0.054270,9.179888,0.000000,0.473154,0.547539,0.225695
8,0.046933,9.311234,0.000000,0.466275,0.558371,0.237383
8,0.051096,8.918044,0.000000,0.560097,0.460736,0.133924
8,0.047340,9.438152,0.000000,0.419315,0.470556,0.271619
1,0.056000,42.645287,59.000000,0.480000,0.480000,0.000000
1,0.056000,27.645367,55.000000,0.480000,0.480000,0.000000
1,0.056000,27.645342,54.000000,0.480000,0.480000,0.000000
1,0.056000,27.645363,48.000000,0.480000,0.480000,0.000000
1,0.056000,32.645267,48.000000,0.480000,0.480000,0.000000
1,0.056000,22.645357,47.000000,0.480000,0.480000,0.000000
1,0.056000,62.645271,43.000000,0.480000,0.480000,0.000000
1,0.056000,32.645279,39.000000,0.480000,0.480000,0.000000
1,0.056000,42.645329,30.000000,0.480000,0.480000,0.000000
1,0.056000,7.645303,27.000000,0.480000,0.480000,0.000000
2,0.049681,28.310453,39.000000,0.537982,0.426802,0.000000
2,0.056000,23.484001,38.000000,0.480000,0.480000,0.108520
2,0.048003,33.282951,37.000000,0.551744,0.485370,0.076359
2,0.056000,28.483994,35.000000,0.480000,0.480000,0.108520
2,0.061079,18.016430,35.000000,0.525721,0.489506,0.138871
2,0.056000,18.483992,32.000000,0.480000,0.480000,0.108520
2,0.056000,33.483955,31.000000,0.480000,0.480000,0.108520
2,0.056000,8.483962,31.000000,0.480000,0.480000,0.108520
2,0.056000,28.483999,29.000000,0.480000,0.480000,0.108520
2,0.056000,28.483988,26.000000,0.480000,0.480000,0.108520
2,0.056000,28.483994,26.000000,0.480000,0.480000,0.108520
2,0.052404,13.201221,26.000000,0.540495,0.521130,0.121038
2,0.052984,33.261139,25.000000,0.528493,0.488763,0.084734
2,0.056000,18.483963,17.000000,0.480000,0.480000,0.108520
2,0.056000,33.483963,15.000000,0.480000,0.480000,0.108520
2,0.052780,8.605207,8.000000,0.474246,0.545180,0.164068
3,0.049681,38.346416,40.000000,0.537982,0.426802,0.000000
3,0.057104,13.254408,34.000000,0.515568,0.424382,0.077602
3,0.061079,23.058628,29.000000,0.525721,0.489506,0.138871
3,0.056000,28.516249,28.000000,0.480000,0.480000,0.108520
3,0.064546,23.082397,27.000000,0.508274,0.421193,0.151750
3,0.056000,18.516233,24.000000,0.480000,0.480000,0.108520
3,0.056000,28.516239,23.000000,0.480000,0.480000,0.108520
3,0.062380,18.040722,21.000000,0.522605,0.461981,0.135267
3,0.040000,18.813869,19.000000,0.507790,0.427364,0.101412
3,0.052984,13.298145,19.000000,0.528493,0.488763,0.084734
3,0.056000,13.516218,17.000000,0.480000,0.480000,0.108520
3,0.056000,38.516190,17.000000,0.480000,0.480000,0.108520
3,0.056000,13.516218,17.000000,0.480000,0.480000,0.108520
3,0.056000,18.516232,17.000000,0.480000,0.480000,0.108520
3,0.056000,28.516243,16.000000,0.480000,0.480000,0.108520
3,0.052780,8.634884,15.000000,0.474246,0.545180,0.164068
3,0.056000,13.516218,15.000000,0.480000,0.480000,0.108520
3,0.048003,18.319485,15.000000,0.551744,0.485370,0.076359
3,0.053805,13.841682,14.000000,0.432667,0.527743,0.169447
3,0.056000,13.516218,12.000000,0.480000,0.480000,0.108520
3,0.052404,13.239492,11.000000,0.540495,0.521130,0.121038
3,0.058986,18.867220,8.000000,0.408644,0.491998,0.178961
3,0.047428,8.762762,7.000000,0.476282,0.452413,0.073071
3,0.051976,8.960743,3.000000,0.416971,0.458133,0.129244
3,0.055115,8.845806,2.000000,0.426738,0.427135,0.123805
4,0.049681,33.562092,33.000000,0.537982,0.426802,0.000000
4,0.064546,28.332520,22.000000,0.508274,0.421193,0.151750
4,0.056000,28.709774,22.000000,0.480000,0.480000,0.108520
4,0.071270,18.228220,21.000000,0.498603,0.400000,0.221995
4,0.050494,23.648605,20.000000,0.517330,0.528043,0.128482
4,0.069510,18.153687,20.000000,0.515382,0.455486,0.202766
4,0.061079,18.311871,19.000000,0.525721,0.489506,0.138871
4,0.045779,18.562792,19.000000,0.560309,0.400000,0.056069
4,0.064381,13.231392,18.000000,0.524125,0.460741,0.153626
4,0.057104,13.482094,17.000000,0.515568,0.424382,0.077602
4,0.058351,18.321686,17.000000,0.536302,0.523686,0.148951
4,0.041326,28.871706,17.000000,0.522512,0.405855,0.088910
4,0.056000,8.709755,17.000000,0.480000,0.480000,0.108520
4,0.053805,8.992767,17.000000,0.432667,0.527743,0.169447
4,0.062380,8.296280,16.000000,0.522605,0.461981,0.135267
4,0.056000,23.709787,15.000000,0.480000,0.480000,0.108520
4,0.052984,18.520126,15.000000,0.528493,0.488763,0.084734
4,0.056000,13.709755,13.000000,0.480000,0.480000,0.108520
4,0.040000,13.968582,12.000000,0.507790,0.427364,0.101412
4,0.048003,8.538704,11.000000,0.551744,0.485370,0.076359
4,0.056000,8.709755,9.000000,0.480000,0.480000,0.108520
4,0.051088,18.976288,8.000000,0.447638,0.504317,0.133223
4,0.056000,23.709780,8.000000,0.480000,0.480000,0.108520
4,0.056000,8.709755,7.000000,0.480000,0.480000,0.108520
4,0.056000,13.709755,7.000000,0.480000,0.480000,0.108520
4,0.058986,14.015007,7.000000,0.408644,0.491998,0.178961
4,0.051597,9.137802,7.000000,0.408776,0.467181,0.140032
4,0.055115,13.996353,6.000000,0.426738,0.427135,0.123805
4,0.047428,13.924141,6.000000,0.476282,0.452413,0.073071
4,0.052404,8.469124,6.000000,0.540495,0.521130,0.121038
4,0.052780,18.812943,6.000000,0.474246,0.545180,0.164068
4,0.065341,8.666191,4.000000,0.451809,0.453214,0.181765
4,0.056000,8.709755,4.000000,0.480000,0.480000,0.108520
4,0.056000,8.709755,3.000000,0.480000,0.480000,0.108520
4,0.051976,9.096298,1.000000,0.416971,0.458133,0.129244
5,0.070840,27.984409,34.000000,0.547270,0.416681,0.000000
5,0.061079,33.396282,28.000000,0.525721,0.489506,0.135196
5,0.045779,18.634666,24.000000,0.560309,0.400000,0.251813
5,0.064381,23.319849,23.000000,0.524125,0.460741,0.087978
5,0.048003,8.611769,20.000000,0.551744,0.485370,0.244017
5,0.049681,28.633984,18.000000,0.537982,0.426802,0.212167
5,0.056000,13.774267,16.000000,0.480000,0.480000,0.181139
5,0.052984,18.594120,16.000000,0.528493,0.488763,0.200880
5,0.052780,18.872295,15.000000,0.474246,0.545180,0.252482
5,0.059278,18.284851,15.000000,0.551877,0.486020,0.144573
5,0.057104,18.558020,14.000000,0.515568,0.424382,0.141292
5,0.071270,23.316811,12.000000,0.498603,0.400000,0.053120
5,0.056000,8.774267,12.000000,0.480000,0.480000,0.181139
5,0.042396,18.567215,11.000000,0.596440,0.446654,0.291073
5,0.056000,8.774267,11.000000,0.480000,0.480000,0.181139
5,0.050494,13.716175,10.000000,0.517330,0.528043,0.248331
5,0.065341,13.732882,10.000000,0.451809,0.453214,0.119255
5,0.058351,18.405602,10.000000,0.536302,0.523686,0.183323
5,0.052404,13.545668,9.000000,0.540495,0.521130,0.226011
5,0.056000,8.774267,8.000000,0.480000,0.480000,0.181139
5,0.056000,8.774267,8.000000,0.480000,0.480000,0.181139
5,0.056000,13.774267,8.000000,0.480000,0.480000,0.181139
5,0.069510,13.246002,8.000000,0.515382,0.455486,0.059553
5,0.064546,23.415894,7.000000,0.508274,0.421193,0.074254
5,0.058986,14.064257,7.000000,0.408644,0.491998,0.205262
5,0.056000,8.774267,7.000000,0.480000,0.480000,0.181139
5,0.040000,13.809746,6.000000,0.559668,0.400000,0.309350
5,0.062380,8.381466,6.000000,0.522605,0.461981,0.104741
5,0.041326,8.928141,6.000000,0.522512,0.405855,0.296478
5,0.055115,9.046535,5.000000,0.426738,0.427135,0.198562
5,0.056000,8.774267,5.000000,0.480000,0.480000,0.181139
5,0.056000,8.774267,5.000000,0.480000,0.480000,0.181139
5,0.055825,8.906542,5.000000,0.454071,0.417984,0.176729
5,0.056049,13.751472,5.000000,0.484232,0.522165,0.207931
5,0.053601,8.711826,4.000000,0.502971,0.525309,0.223872
5,0.054349,8.538130,4.000000,0.532108,0.479991,0.183542
5,0.060354,13.457823,4.000000,0.518625,0.554553,0.203756
5,0.063761,8.817791,4.000000,0.441786,0.441798,0.130859
5,0.051976,14.141483,4.000000,0.416971,0.458133,0.235043
5,0.047428,8.977934,4.000000,0.476282,0.452413,0.248688
5,0.040000,14.020153,4.000000,0.507790,0.427364,0.311201
5,0.062135,8.468513,3.000000,0.509364,0.487867,0.130123
5,0.052133,8.837868,3.000000,0.484406,0.451930,0.202209
5,0.070634,13.337254,3.000000,0.497785,0.488597,0.102636
5,0.065489,8.297752,2.000000,0.523078,0.422673,0.059199
5,0.051088,9.027473,2.000000,0.447638,0.504317,0.246856
5,0.053805,14.043129,2.000000,0.432667,0.527743,0.247840
5,0.056597,9.204432,1.000000,0.384660,0.459181,0.222596
5,0.055322,8.855516,1.000000,0.466653,0.515827,0.214333
5,0.056000,8.774267,1.000000,0.480000,0.480000,0.181139
5,0.052547,8.929337,0.000000,0.463111,0.530321,0.246418
5,0.051597,9.180912,0.000000,0.408776,0.467181,0.245341
5,0.049548,8.895887,0.000000,0.484321,0.535992,0.267465
6,0.061079,23.902712,22.000000,0.525721,0.489506,0.000000
6,0.064381,13.850405,20.000000,0.524125,0.460741,0.048844
6,0.060354,18.944820,19.000000,0.518625,0.554553,0.081939
6,0.056198,13.768009,16.000000,0.580747,0.458087,0.083385
6,0.060793,8.800467,15.000000,0.550963,0.454245,0.050873
6,0.070840,33.620907,14.000000,0.547270,0.416681,0.135196
6,0.042396,14.019659,14.000000,0.596440,0.446654,0.206820
6,0.069510,28.799896,13.000000,0.515382,0.455486,0.094989
6,0.059278,18.826477,13.000000,0.551877,0.486020,0.032057
6,0.056231,8.736767,13.000000,0.587894,0.454945,0.089902
6,0.049681,9.065357,13.000000,0.537982,0.426802,0.138871
6,0.054349,18.999756,12.000000,0.532108,0.479991,0.068644
6,0.052076,8.684845,11.000000,0.623319,0.413361,0.163370
6,0.056321,23.819088,11.000000,0.567960,0.500238,0.065027
6,0.058351,8.909096,11.000000,0.536302,0.523686,0.051784
6,0.070634,8.862331,10.000000,0.497785,0.488597,0.099560
6,0.056000,14.161341,10.000000,0.480000,0.480000,0.069364
6,0.045790,13.932180,9.000000,0.598973,0.400000,0.203122
6,0.055825,14.251844,9.000000,0.454071,0.417984,0.126045
6,0.062380,8.892582,9.000000,0.522605,0.461981,0.036916
6,0.053601,14.118618,9.000000,0.502971,0.525309,0.090075
6,0.056000,19.161360,9.000000,0.480000,0.480000,0.069364
6,0.052984,9.038082,9.000000,0.528493,0.488763,0.081001
6,0.052780,14.228413,9.000000,0.474246,0.545180,0.119917
6,0.079150,18.808680,8.000000,0.481205,0.400000,0.217152
6,0.052404,24.004906,8.000000,0.540495,0.521130,0.096475
6,0.047719,8.902252,7.000000,0.594906,0.512304,0.153127
6,0.056000,14.161341,7.000000,0.480000,0.480000,0.069364
6,0.057104,9.013361,7.000000,0.515568,0.424382,0.091158
6,0.071990,14.097591,6.000000,0.439144,0.477222,0.140129
6,0.055115,14.347630,6.000000,0.426738,0.427135,0.139405
6,0.050494,9.121593,6.000000,0.517330,0.528043,0.116599
6,0.065489,13.835304,6.000000,0.523078,0.422673,0.094503
6,0.056000,9.161341,5.000000,0.480000,0.480000,0.069364
6,0.051182,14.191988,5.000000,0.492825,0.586255,0.159700
6,0.048003,14.050158,5.000000,0.551744,0.485370,0.133428
6,0.071270,13.848322,5.000000,0.498603,0.400000,0.153749
6,0.056000,14.161341,5.000000,0.480000,0.480000,0.069364
6,0.064546,13.916138,5.000000,0.508274,0.421193,0.093797
6,0.056000,9.161341,5.000000,0.480000,0.480000,0.069364
6,0.056000,14.161341,4.000000,0.480000,0.480000,0.069364
6,0.052133,9.204857,4.000000,0.484406,0.451930,0.109165
6,0.056049,14.145744,4.000000,0.484232,0.522165,0.076928
6,0.069722,9.021023,3.000000,0.464778,0.467311,0.109330
6,0.045779,9.065828,3.000000,0.560309,0.400000,0.192676
6,0.040000,9.185616,3.000000,0.559668,0.400000,0.241046
6,0.041326,9.266623,3.000000,0.522512,0.405855,0.223519
6,0.060760,9.087772,3.000000,0.480601,0.416840,0.101471
6,0.065341,14.133024,3.000000,0.451809,0.453214,0.096629
6,0.056000,9.161341,3.000000,0.480000,0.480000,0.069364
6,0.051597,14.439571,2.000000,0.408776,0.467181,0.153119
6,0.056000,9.161341,2.000000,0.480000,0.480000,0.069364
6,0.054659,9.061068,2.000000,0.514081,0.430188,0.098769
6,0.053805,9.345299,2.000000,0.432667,0.527743,0.127416
6,0.051088,9.334587,2.000000,0.447638,0.504317,0.128145
6,0.058986,9.359755,2.000000,0.408644,0.491998,0.118975
6,0.062135,8.952141,2.000000,0.509364,0.487867,0.019576
6,0.056000,14.161341,2.000000,0.480000,0.480000,0.069364
6,0.061220,8.894392,2.000000,0.527108,0.420546,0.086222
6,0.055322,9.216932,1.000000,0.466653,0.515827,0.088804
6,0.056597,9.455664,1.000000,0.384660,0.459181,0.152787
6,0.045736,9.342175,1.000000,0.470401,0.492934,0.163155
6,0.051976,9.412594,0.000000,0.416971,0.458133,0.147141
6,0.047428,9.300692,0.000000,0.476282,0.452413,0.152413
6,0.040000,9.329578,0.000000,0.507790,0.427364,0.225363
6,0.063166,9.167341,0.000000,0.450335,0.480919,0.078955
6,0.051040,9.082342,0.000000,0.525932,0.534822,0.115270
6,0.063761,9.191120,0.000000,0.441786,0.441798,0.106398
6,0.062992,9.025511,0.000000,0.487851,0.452394,0.062866
7,0.052076,8.330765,23.000000,0.623319,0.413361,0.000000
7,0.047719,18.606705,19.000000,0.594906,0.512304,0.134172
7,0.047727,18.287460,17.000000,0.659498,0.478135,0.098775
7,0.052404,33.737011,17.000000,0.540495,0.521130,0.158170
7,0.066033,17.898727,15.000000,0.621060,0.439607,0.143390
7,0.070840,13.249600,15.000000,0.547270,0.416681,0.202502
7,0.042396,18.755737,15.000000,0.596440,0.446654,0.108740
7,0.056321,8.501150,15.000000,0.567960,0.500238,0.129070
7,0.062380,13.594431,13.000000,0.522605,0.461981,0.156378
7,0.059278,18.510529,13.000000,0.551877,0.486020,0.136157
7,0.056231,23.396666,13.000000,0.587894,0.454945,0.075384
7,0.064381,13.540898,12.000000,0.524125,0.460741,0.168783
7,0.069510,18.476791,11.000000,0.515382,0.455486,0.211696
7,0.062576,8.025179,11.000000,0.618493,0.508752,0.158949
7,0.063716,23.302818,10.000000,0.568216,0.434056,0.131351
7,0.054349,8.730481,9.000000,0.532108,0.479991,0.125589
7,0.058351,8.615391,9.000000,0.536302,0.523686,0.174721
7,0.050494,13.885099,9.000000,0.517330,0.528043,0.178980
7,0.050202,23.476805,9.000000,0.606443,0.483197,0.090866
7,0.060515,8.259954,9.000000,0.590363,0.438514,0.095897
7,0.060793,18.477543,9.000000,0.550963,0.454245,0.124274
7,0.065489,8.521732,8.000000,0.523078,0.422673,0.167849
7,0.071990,13.854635,8.000000,0.439144,0.477222,0.282750
7,0.052005,13.450607,8.000000,0.600944,0.578450,0.207572
7,0.055776,13.142724,8.000000,0.635316,0.546017,0.170318
7,0.060993,8.249821,7.000000,0.589756,0.540000,0.184758
7,0.061079,13.607303,7.000000,0.525721,0.489506,0.163370
7,0.055825,19.050436,7.000000,0.454071,0.417984,0.173445
7,0.056000,13.935548,6.000000,0.480000,0.480000,0.170348
7,0.060354,8.660741,6.000000,0.518625,0.554553,0.221272
7,0.070634,8.556036,6.000000,0.497785,0.488597,0.242988
7,0.046752,13.757011,5.000000,0.567688,0.466964,0.102075
7,0.048003,8.794431,5.000000,0.551744,0.485370,0.122001
7,0.061220,8.596728,5.000000,0.527108,0.420546,0.133032
7,0.069722,13.757452,5.000000,0.464778,0.467311,0.246614
7,0.074079,8.683306,4.000000,0.464160,0.523115,0.304247
7,0.040000,8.737562,4.000000,0.618515,0.430316,0.122703
7,0.040000,13.966358,4.000000,0.559668,0.400000,0.137529
7,0.063761,8.973345,4.000000,0.441786,0.441798,0.218792
7,0.056000,8.935548,4.000000,0.480000,0.480000,0.170348
7,0.057104,8.747727,4.000000,0.515568,0.424382,0.119700
7,0.079150,18.487940,4.000000,0.481205,0.400000,0.306224
7,0.053601,13.881323,4.000000,0.502971,0.525309,0.185197
7,0.051182,8.974446,3.000000,0.492825,0.586255,0.252617
7,0.056198,8.436319,3.000000,0.580747,0.458087,0.081465
7,0.049681,13.813723,3.000000,0.537982,0.426802,0.090213
7,0.064591,8.451520,3.000000,0.539067,0.554422,0.232056
7,0.051721,8.826783,3.000000,0.524359,0.549271,0.196640
7,0.056000,13.935548,3.000000,0.480000,0.480000,0.170348
7,0.045790,8.644691,3.000000,0.598973,0.400000,0.069449
7,0.052984,8.779104,3.000000,0.528493,0.488763,0.134007
7,0.048982,18.961637,2.000000,0.506912,0.546148,0.205082
7,0.052591,8.934855,2.000000,0.495473,0.433867,0.130491
7,0.052780,9.020678,2.000000,0.474246,0.545180,0.222312
7,0.048081,8.701087,2.000000,0.572240,0.435082,0.070306
7,0.055765,8.422661,2.000000,0.585540,0.470292,0.088610
7,0.065341,8.899608,2.000000,0.451809,0.453214,0.222468
7,0.060760,8.842173,2.000000,0.480601,0.416840,0.167114
7,0.056000,8.935548,2.000000,0.480000,0.480000,0.170348
7,0.045779,8.814321,2.000000,0.560309,0.400000,0.090638
7,0.053080,8.577846,1.000000,0.569876,0.487672,0.107635
7,0.050627,9.026940,1.000000,0.482677,0.449704,0.148506
7,0.058446,8.908766,1.000000,0.475725,0.516613,0.206152
7,0.056000,13.935548,1.000000,0.480000,0.480000,0.170348
7,0.056000,8.935548,1.000000,0.480000,0.480000,0.170348
7,0.056049,8.915752,1.000000,0.484232,0.522165,0.198547
7,0.064546,8.624329,1.000000,0.508274,0.421193,0.169942
7,0.071270,8.538255,1.000000,0.498603,0.400000,0.229506
7,0.056000,8.935548,1.000000,0.480000,0.480000,0.170348
7,0.051088,9.155437,1.000000,0.447638,0.504317,0.209494
7,0.063166,8.943164,1.000000,0.450335,0.480919,0.222157
7,0.056000,8.935548,1.000000,0.480000,0.480000,0.170348
7,0.054659,8.808278,0.000000,0.514081,0.430188,0.114202
7,0.052133,8.990780,0.000000,0.484406,0.451930,0.147042
7,0.071448,8.466815,0.000000,0.510008,0.403172,0.224783
7,0.053329,8.795249,0.000000,0.523285,0.527752,0.174955
7,0.056000,8.935548,0.000000,0.480000,0.480000,0.170348
7,0.041326,9.069175,0.000000,0.522512,0.405855,0.147669
7,0.047024,8.975831,0.000000,0.513807,0.466724,0.137822
7,0.056000,8.935548,0.000000,0.480000,0.480000,0.170348
7,0.050187,9.264926,0.000000,0.421345,0.401567,0.203390
7,0.051597,9.288687,0.000000,0.408776,0.467181,0.224895
7,0.053805,9.169033,0.000000,0.432667,0.527743,0.238934
7,0.058986,9.187381,0.000000,0.408644,0.491998,0.246010
7,0.062135,8.670025,0.000000,0.509364,0.487867,0.178261
7,0.050366,8.905524,0.000000,0.513229,0.475606,0.135890
7,0.055322,9.006106,0.000000,0.466653,0.515827,0.204944
7,0.055115,9.171991,0.000000,0.426738,0.427135,0.199658
7,0.056597,9.309112,0.000000,0.384660,0.459181,0.249564
7,0.045736,9.165068,0.000000,0.470401,0.492934,0.193125
7,0.047428,9.112416,0.000000,0.476282,0.452413,0.161751
8,0.052076,18.330765,34.000000,0.623319,0.413361,0.000000
8,0.041933,18.480076,21.000000,0.662834,0.496115,0.150168
8,0.055776,18.142721,20.000000,0.635316,0.546017,0.170318
8,0.066033,27.898727,16.000000,0.621060,0.439607,0.143390
8,0.062576,23.025179,16.000000,0.618493,0.508752,0.158949
8,0.070840,23.249626,15.000000,0.547270,0.416681,0.202502
8,0.063716,23.302818,15.000000,0.568216,0.434056,0.131351
8,0.056231,8.396666,15.000000,0.587894,0.454945,0.075384
8,0.054923,7.887995,14.000000,0.682725,0.416130,0.065964
8,0.047727,8.287460,13.000000,0.659498,0.478135,0.098775
8,0.052005,8.450607,12.000000,0.600944,0.578450,0.207572
8,0.060515,18.259954,12.000000,0.590363,0.438514,0.095897
8,0.059632,32.883129,12.000000,0.655965,0.486539,0.123049
8,0.051427,13.232039,12.000000,0.645527,0.449531,0.050789
8,0.052404,18.737017,10.000000,0.540495,0.521130,0.158170
8,0.069510,13.476791,9.000000,0.515382,0.455486,0.211696
8,0.060793,8.477515,9.000000,0.550963,0.454245,0.124274
8,0.048344,8.338098,8.000000,0.645511,0.404034,0.044957
8,0.048003,13.794431,8.000000,0.551744,0.485370,0.122001
8,0.040000,8.737562,8.000000,0.618515,0.430316,0.122703
8,0.042396,18.755745,8.000000,0.596440,0.446654,0.108740
8,0.065489,13.521732,8.000000,0.523078,0.422673,0.167849
8,0.046752,8.757011,7.000000,0.567688,0.466964,0.102075
8,0.050494,13.885099,7.000000,0.517330,0.528043,0.178980
8,0.056321,13.501150,7.000000,0.567960,0.500238,0.129070
8,0.061220,13.596728,6.000000,0.527108,0.420546,0.133032
8,0.054349,8.730481,6.000000,0.532108,0.479991,0.125589
8,0.056198,13.436319,6.000000,0.580747,0.458087,0.081465
8,0.069722,8.757452,5.000000,0.464778,0.467311,0.246614
8,0.065020,13.228546,5.000000,0.574664,0.400000,0.139282
8,0.047719,13.606705,5.000000,0.594906,0.512304,0.134172
8,0.070634,8.556036,5.000000,0.497785,0.488597,0.242988
8,0.058351,8.615391,5.000000,0.536302,0.523686,0.174721
8,0.062380,8.594431,5.000000,0.522605,0.461981,0.156378
8,0.060354,8.660741,4.000000,0.518625,0.554553,0.221272
8,0.050202,8.476823,4.000000,0.606443,0.483197,0.090866
8,0.055765,8.422661,4.000000,0.585540,0.470292,0.088610
8,0.059278,13.510529,4.000000,0.551877,0.486020,0.136157
8,0.079150,13.487964,4.000000,0.481205,0.400000,0.306224
8,0.055115,9.171991,3.000000,0.426738,0.427135,0.199658
8,0.071270,8.538255,3.000000,0.498603,0.400000,0.229506
8,0.048081,8.701087,3.000000,0.572240,0.435082,0.070306
8,0.057104,8.747727,3.000000,0.515568,0.424382,0.119700
8,0.055609,8.321607,3.000000,0.604850,0.419335,0.040556
8,0.067215,13.539262,3.000000,0.513246,0.466421,0.198573
8,0.056000,13.935548,3.000000,0.480000,0.480000,0.170348
8,0.063839,8.863038,3.000000,0.464626,0.437729,0.199868
8,0.060993,13.249821,3.000000,0.589756,0.540000,0.184758
8,0.071990,8.854635,3.000000,0.439144,0.477222,0.282750
8,0.064381,8.540898,3.000000,0.524125,0.460741,0.168783
8,0.074780,13.464046,2.000000,0.498963,0.459972,0.265338
8,0.058560,13.760851,2.000000,0.506448,0.400000,0.134688
8,0.053329,8.795249,2.000000,0.523285,0.527752,0.174955
8,0.051088,9.155437,2.000000,0.447638,0.504317,0.209494
8,0.073512,8.527334,2.000000,0.492775,0.493163,0.270072
8,0.061079,8.607303,2.000000,0.525721,0.489506,0.163370
8,0.064591,8.451520,2.000000,0.539067,0.554422,0.232056
8,0.053601,13.881323,1.000000,0.502971,0.525309,0.185197
8,0.051182,8.974446,1.000000,0.492825,0.586255,0.252617
8,0.063876,8.747790,1.000000,0.487467,0.413277,0.179940
8,0.049681,8.813723,1.000000,0.537982,0.426802,0.090213
8,0.051721,8.826783,1.000000,0.524359,0.549271,0.196640
8,0.056000,8.935548,1.000000,0.480000,0.480000,0.170348
8,0.045736,14.165068,1.000000,0.470401,0.492934,0.193125
8,0.045790,8.644691,1.000000,0.598973,0.400000,0.069449
8,0.061986,8.791158,1.000000,0.486196,0.496579,0.198606
8,0.058279,8.701056,1.000000,0.519773,0.400000,0.121853
8,0.048037,8.576461,1.000000,0.599337,0.561496,0.191034
8,0.060760,8.842173,1.000000,0.480601,0.416840,0.167114
8,0.052591,8.934855,1.000000,0.495473,0.433867,0.130491
8,0.056000,13.935548,1.000000,0.480000,0.480000,0.170348
8,0.055825,9.050418,1.000000,0.454071,0.417984,0.173445
8,0.074079,8.683306,1.000000,0.464160,0.523115,0.304247
8,0.056000,8.935548,1.000000,0.480000,0.480000,0.170348
8,0.056049,8.915752,1.000000,0.484232,0.522165,0.198547
8,0.067516,8.640725,1.000000,0.493997,0.501807,0.229749
8,0.056000,8.935548,0.000000,0.480000,0.480000,0.170348
8,0.058418,9.270308,0.000000,0.389104,0.477880,0.255700
8,0.050484,8.600914,0.000000,0.579586,0.535184,0.159232
8,0.040869,8.768939,0.000000,0.604253,0.457990,0.126636
8,0.050055,8.685603,0.000000,0.564171,0.442269,0.072198
8,0.063761,8.973345,0.000000,0.441786,0.441798,0.218792
8,0.040000,8.966358,0.000000,0.559668,0.400000,0.137529
8,0.059344,9.012527,0.000000,0.449105,0.463644,0.198953
8,0.070099,9.228168,0.000000,0.365325,0.543499,0.354264
8,0.056948,8.650324,0.000000,0.535980,0.563126,0.212243
8,0.054798,8.727019,0.000000,0.530642,0.546187,0.192085
8,0.060768,8.672920,0.000000,0.514500,0.451850,0.147346
8,0.063166,8.943164,0.000000,0.450335,0.480919,0.222157
8,0.065341,8.899608,0.000000,0.451809,0.453214,0.222468
8,0.045779,8.814321,0.000000,0.560309,0.400000,0.090638
8,0.053080,8.577846,0.000000,0.569876,0.487672,0.107635
8,0.050627,9.026940,0.000000,0.482677,0.449704,0.148506
8,0.058446,8.908766,0.000000,0.475725,0.516613,0.206152
8,0.056000,8.935548,0.000000,0.480000,0.480000,0.170348
8,0.064546,8.624329,0.000000,0.508274,0.421193,0.169942
8,0.056000,8.935548,0.000000,0.480000,0.480000,0.170348
8,0.048982,8.961637,0.000000,0.506912,0.546148,0.205082
8,0.052780,9.020678,0.000000,0.474246,0.545180,0.222312
8,0.056000,8.935548,0.000000,0.480000,0.480000,0.170348
8,0.052133,8.990780,0.000000,0.484406,0.451930,0.147042
8,0.052984,8.779104,0.000000,0.528493,0.488763,0.134007
8,0.041326,9.069175,0.000000,0.522512,0.405855,0.147669
8,0.056000,8.935548,0.000000,0.480000,0.480000,0.170348
8,0.051597,9.288687,0.000000,0.408776,0.467181,0.224895
8,0.058986,9.187381,0.000000,0.408644,0.491998,0.246010
8,0.050366,8.905524,0.000000,0.513229,0.475606,0.135890
9,0.054923,8.207996,27.000000,0.682725,0.416130,0.000000
9,0.070840,23.514826,21.000000,0.547270,0.416681,0.209007
9,0.051427,28.499895,21.000000,0.645527,0.449531,0.065946
9,0.062576,18.324394,20.000000,0.618493,0.508752,0.152928
9,0.055765,18.661652,20.000000,0.585540,0.470292,0.118740
9,0.052076,8.583679,15.000000,0.623319,0.413361,0.065964
9,0.060997,27.855591,14.000000,0.708685,0.419567,0.066195
9,0.059632,13.203884,13.000000,0.655965,0.486539,0.103341
9,0.062380,8.807396,12.000000,0.522605,0.461981,0.185701
9,0.065020,13.496948,12.000000,0.574664,0.400000,0.149261
9,0.047727,23.546936,12.000000,0.659498,0.478135,0.108281
9,0.050269,23.045219,12.000000,0.745329,0.400000,0.080568
9,0.055776,23.424122,11.000000,0.635316,0.546017,0.169353
9,0.070634,13.774818,11.000000,0.497785,0.488597,0.259025
9,0.048344,13.589901,10.000000,0.645511,0.404034,0.077077
9,0.066033,18.217102,10.000000,0.621060,0.439607,0.130415
9,0.063716,13.559967,9.000000,0.568216,0.434056,0.146104
9,0.041933,13.710384,8.000000,0.662834,0.496115,0.165121
9,0.069722,8.945717,8.000000,0.464778,0.467311,0.271099
9,0.050202,13.707607,8.000000,0.606443,0.483197,0.122784
9,0.060354,8.863659,7.000000,0.518625,0.554553,0.244577
9,0.048003,13.977093,7.000000,0.551744,0.485370,0.171567
9,0.040000,8.928841,7.000000,0.618515,0.430316,0.163420
9,0.048037,13.792149,7.000000,0.599337,0.561496,0.211453
9,0.056198,8.673241,7.000000,0.580747,0.458087,0.115381
9,0.058853,13.168610,7.000000,0.666741,0.540043,0.160598
9,0.055609,8.575909,6.000000,0.604850,0.419335,0.078279
9,0.052404,13.928387,6.000000,0.540495,0.521130,0.195168
9,0.065489,13.745712,6.000000,0.523078,0.422673,0.191621
9,0.042396,13.944248,6.000000,0.596440,0.446654,0.156817
9,0.060793,8.708195,6.000000,0.550963,0.454245,0.151910
9,0.047719,13.817810,5.000000,0.594906,0.512304,0.165389
9,0.063761,9.128899,4.000000,0.441786,0.441798,0.258635
9,0.061079,8.818317,4.000000,0.525721,0.489506,0.191971
9,0.061220,8.809345,4.000000,0.527108,0.420546,0.167965
9,0.056231,8.639595,4.000000,0.587894,0.454945,0.107322
9,0.069510,8.707581,4.000000,0.515382,0.455486,0.227381
9,0.054349,8.922832,3.000000,0.532108,0.479991,0.170560
9,0.075944,8.568913,3.000000,0.518848,0.406762,0.266797
9,0.059239,8.472061,3.000000,0.607020,0.511077,0.147240
9,0.052005,8.685364,3.000000,0.600944,0.578450,0.220699
9,0.050897,8.480606,3.000000,0.653043,0.400000,0.053928
9,0.056948,13.854820,3.000000,0.535980,0.563126,0.236021
9,0.074079,13.882805,3.000000,0.464160,0.523115,0.319925
9,0.073512,13.750465,3.000000,0.492775,0.493163,0.282679
9,0.074780,8.696766,3.000000,0.498963,0.459972,0.276049
9,0.058351,8.825180,3.000000,0.536302,0.523686,0.201719
9,0.067215,8.760586,3.000000,0.513246,0.466421,0.218595
9,0.060993,18.514999,2.000000,0.589756,0.540000,0.190533
9,0.048653,14.188099,2.000000,0.488251,0.498317,0.228703
9,0.047874,8.845821,2.000000,0.586865,0.483745,0.145947
9,0.059278,8.736206,2.000000,0.551877,0.486020,0.163248
9,0.079150,8.717060,2.000000,0.481205,0.400000,0.315774
9,0.071270,8.759731,2.000000,0.498603,0.400000,0.247045
9,0.060768,8.873993,2.000000,0.514500,0.451850,0.183603
9,0.059344,9.162144,2.000000,0.449105,0.463644,0.245072
9,0.057104,13.937466,2.000000,0.515568,0.424382,0.168890
9,0.058418,9.380867,2.000000,0.389104,0.477880,0.305602
9,0.056321,8.728249,2.000000,0.567960,0.500238,0.156268
9,0.046752,13.945343,2.000000,0.567688,0.466964,0.154750
9,0.064591,13.686138,2.000000,0.539067,0.554422,0.244677
9,0.053601,14.050819,2.000000,0.502971,0.525309,0.226079
9,0.063876,8.937519,2.000000,0.487467,0.413277,0.214835
9,0.063839,9.035305,2.000000,0.464626,0.437729,0.237162
9,0.064381,8.761974,1.000000,0.524125,0.460741,0.192898
9,0.051088,9.283401,1.000000,0.447638,0.504317,0.262464
9,0.065341,9.066334,1.000000,0.451809,0.453214,0.257536
9,0.056000,9.096828,1.000000,0.480000,0.480000,0.218145
9,0.062109,8.821148,1.000000,0.520715,0.520519,0.220088
9,0.063466,8.397560,1.000000,0.600577,0.497684,0.156332
9,0.056000,9.096828,1.000000,0.480000,0.480000,0.218145
9,0.057835,8.511688,1.000000,0.606320,0.508029,0.141003
9,0.053878,8.576256,1.000000,0.614417,0.464797,0.092065
9,0.060515,8.523598,1.000000,0.590363,0.438514,0.111541
9,0.048226,8.622986,1.000000,0.638674,0.561688,0.198821
9,0.061986,8.974316,1.000000,0.486196,0.496579,0.231788
9,0.074583,8.439964,1.000000,0.546633,0.413909,0.239129
9,0.056000,9.096828,1.000000,0.480000,0.480000,0.218145
9,0.042458,9.081608,0.000000,0.555882,0.551890,0.245811
9,0.055115,9.297447,0.000000,0.426738,0.427135,0.256363
9,0.053329,8.977787,0.000000,0.523285,0.527752,0.212469
9,0.058986,9.310505,0.000000,0.408644,0.491998,0.292856
9,0.058560,8.948601,0.000000,0.506448,0.400000,0.181115
9,0.050030,9.010712,0.000000,0.531491,0.551953,0.232574
9,0.064546,8.832764,0.000000,0.508274,0.421193,0.199334
9,0.044713,9.049965,0.000000,0.550942,0.435005,0.168369
9,0.071990,9.028175,0.000000,0.439144,0.477222,0.307071
9,0.054851,8.933914,0.000000,0.526932,0.533620,0.214104
9,0.069867,8.786407,0.000000,0.498141,0.534257,0.279657
9,0.067516,8.846676,0.000000,0.493997,0.501807,0.250891
9,0.051721,9.004543,0.000000,0.524359,0.549271,0.231954
9,0.045736,9.291573,0.000000,0.470401,0.492934,0.250475
9,0.045790,8.850040,0.000000,0.598973,0.400000,0.125543
9,0.058279,8.897865,0.000000,0.519773,0.400000,0.167591
9,0.060760,9.017601,0.000000,0.480601,0.416840,0.210384
9,0.052591,9.096241,0.000000,0.495473,0.433867,0.189996
9,0.056000,9.096828,0.000000,0.480000,0.480000,0.218145
9,0.055825,9.194294,0.000000,0.454071,0.417984,0.228843
9,0.051182,9.129833,0.000000,0.492825,0.586255,0.287549
9,0.056049,9.080032,0.000000,0.484232,0.522165,0.238944
9,0.056000,9.096828,0.000000,0.480000,0.480000,0.218145
9,0.040869,8.955463,0.000000,0.604253,0.457990,0.169255
9,0.050494,9.054024,0.000000,0.517330,0.528043,0.221102
9,0.048081,8.897892,0.000000,0.572240,0.435082,0.132097
9,0.053080,8.793324,0.000000,0.569876,0.487672,0.145160
9,0.058446,9.074104,0.000000,0.475725,0.516613,0.244676
9,0.049681,8.993462,0.000000,0.537982,0.426802,0.154518
9,0.048982,9.118965,0.000000,0.506912,0.546148,0.246685
9,0.056000,9.096828,0.000000,0.480000,0.480000,0.218145
9,0.052984,8.964088,0.000000,0.528493,0.488763,0.180017
10,0.050269,23.045219,23.000000,0.745329,0.400000,0.000000
10,0.051455,23.083694,21.000000,0.729407,0.520790,0.152287
10,0.060997,12.855572,21.000000,0.708685,0.419567,0.115969
10,0.059632,8.203884,17.000000,0.655965,0.486539,0.168680
10,0.054923,28.207975,16.000000,0.682725,0.416130,0.080568
10,0.052076,13.583679,15.000000,0.623319,0.413361,0.124467
10,0.051653,22.667969,14.000000,0.803103,0.456132,0.091937
10,0.040000,18.928841,13.000000,0.618515,0.430316,0.167522
10,0.058853,18.168610,11.000000,0.666741,0.540043,0.210210
10,0.062380,13.807396,11.000000,0.522605,0.461981,0.265097
10,0.065020,18.496948,11.000000,0.574664,0.400000,0.225576
10,0.070840,13.514812,10.000000,0.547270,0.416681,0.286316
10,0.060793,18.708210,10.000000,0.550963,0.454245,0.231192
10,0.051427,23.499897,10.000000,0.645527,0.449531,0.118015
10,0.047719,13.817810,9.000000,0.594906,0.512304,0.207326
10,0.048344,8.589901,9.000000,0.645511,0.404034,0.101782
10,0.069722,13.945717,9.000000,0.464778,0.467311,0.351607
10,0.072985,8.232830,8.000000,0.588130,0.434403,0.279569
10,0.063716,8.559967,8.000000,0.568216,0.434056,0.226412
10,0.066033,8.217102,7.000000,0.621060,0.439607,0.206746
10,0.055776,13.424129,7.000000,0.635316,0.546017,0.220110
10,0.062582,12.897550,7.000000,0.692771,0.473878,0.162633
10,0.042396,13.944248,7.000000,0.596440,0.446654,0.178233
10,0.062576,8.324394,7.000000,0.618493,0.508752,0.222962
10,0.055609,13.575909,7.000000,0.604850,0.419335,0.152216
10,0.052404,8.928387,6.000000,0.540495,0.521130,0.255614
10,0.046204,8.447441,6.000000,0.692847,0.532353,0.178263
10,0.065489,8.745712,6.000000,0.523078,0.422673,0.270855
10,0.056198,18.673241,6.000000,0.580747,0.458087,0.189404
10,0.047727,13.546936,6.000000,0.659498,0.478135,0.132486
10,0.041933,8.710384,6.000000,0.662834,0.496115,0.167896
10,0.070634,8.774818,5.000000,0.497785,0.488597,0.339141
10,0.056321,8.728249,5.000000,0.567960,0.500238,0.225435
10,0.055765,13.661652,5.000000,0.585540,0.470292,0.190454
10,0.063466,13.397560,5.000000,0.600577,0.497684,0.230822
10,0.055115,24.297447,5.000000,0.426738,0.427135,0.324035
10,0.050202,18.707600,5.000000,0.606443,0.483197,0.173508
10,0.056231,8.639595,5.000000,0.587894,0.454945,0.181815
10,0.061079,8.818317,5.000000,0.525721,0.489506,0.269129
10,0.069510,18.707581,4.000000,0.515382,0.455486,0.307743
10,0.061220,8.809345,4.000000,0.527108,0.420546,0.245502
10,0.060515,8.523598,4.000000,0.590363,0.438514,0.191913
10,0.053878,8.576256,4.000000,0.614417,0.464797,0.158115
10,0.074780,8.696766,4.000000,0.498963,0.459972,0.355519
10,0.077745,8.436787,4.000000,0.535950,0.400000,0.345447
10,0.044444,9.144093,3.000000,0.524514,0.508060,0.265325
10,0.055788,8.563625,3.000000,0.606477,0.606754,0.298527
10,0.047874,13.845821,3.000000,0.586865,0.483745,0.191423
10,0.048003,8.977093,3.000000,0.551744,0.485370,0.222208
10,0.057835,8.511688,3.000000,0.606320,0.508029,0.208044
10,0.048226,8.622986,3.000000,0.638674,0.561688,0.229437
10,0.056000,9.096828,3.000000,0.480000,0.480000,0.289281
10,0.040869,8.955463,2.000000,0.604253,0.457990,0.184374
10,0.052046,8.664402,2.000000,0.605475,0.426110,0.144706
10,0.058418,14.380867,2.000000,0.389104,0.477880,0.378171
10,0.060768,8.873993,2.000000,0.514500,0.451850,0.261735
10,0.079150,8.717060,2.000000,0.481205,0.400000,0.391371
10,0.060354,8.863659,2.000000,0.518625,0.554553,0.314465
10,0.048037,8.792149,2.000000,0.599337,0.561496,0.250127
10,0.051335,8.667259,2.000000,0.609001,0.556465,0.238644
10,0.059239,8.472061,2.000000,0.607020,0.511077,0.215528
10,0.050897,8.480606,2.000000,0.653043,0.400000,0.092499
10,0.074079,8.882805,2.000000,0.464160,0.523115,0.399288
10,0.057104,8.937466,1.000000,0.515568,0.424382,0.241642
10,0.048081,8.897892,1.000000,0.572240,0.435082,0.179894
10,0.063761,9.128899,1.000000,0.441786,0.441798,0.336259
10,0.058986,14.310505,1.000000,0.408644,0.491998,0.366304
10,0.075944,8.568913,1.000000,0.518848,0.406762,0.342465
10,0.056948,8.854820,1.000000,0.535980,0.563126,0.299775
10,0.073512,8.750465,1.000000,0.492775,0.493163,0.362444
10,0.058351,8.825180,1.000000,0.536302,0.523686,0.272264
10,0.067215,8.760586,1.000000,0.513246,0.466421,0.299115
10,0.071270,8.759731,1.000000,0.498603,0.400000,0.324002
10,0.046752,8.945343,1.000000,0.567688,0.466964,0.199500
10,0.044801,13.866703,1.000000,0.601142,0.533230,0.226968
10,0.058663,8.169357,1.000000,0.667685,0.511200,0.179985
10,0.063876,8.937519,1.000000,0.487467,0.413277,0.292031
10,0.064381,8.761974,1.000000,0.524125,0.460741,0.273149
10,0.065341,9.066334,1.000000,0.451809,0.453214,0.336592
10,0.056000,9.096828,1.000000,0.480000,0.480000,0.289281
10,0.062109,8.821148,1.000000,0.520715,0.520519,0.295238
10,0.056000,9.096828,1.000000,0.480000,0.480000,0.289281
10,0.064454,9.103531,0.000000,0.445749,0.420675,0.332472
10,0.048947,8.675510,0.000000,0.621743,0.470751,0.152544
10,0.068967,8.529232,0.000000,0.551950,0.492546,0.292813
10,0.052984,8.964088,0.000000,0.528493,0.488763,0.245083
10,0.048982,9.118965,0.000000,0.506912,0.546148,0.300636
10,0.058446,9.074104,0.000000,0.475725,0.516613,0.317206
10,0.052676,8.765018,0.000000,0.578728,0.548079,0.250193
10,0.061986,8.974316,0.000000,0.486196,0.496579,0.308955
10,0.054349,8.922832,0.000000,0.532108,0.479991,0.239009
10,0.052005,8.685364,0.000000,0.600944,0.578450,0.266280
10,0.060993,8.514999,0.000000,0.589756,0.540000,0.257542
10,0.048653,9.188099,0.000000,0.488251,0.498317,0.285402
10,0.059278,8.736206,0.000000,0.551877,0.486020,0.238957
10,0.059344,9.162144,0.000000,0.449105,0.463644,0.319862
10,0.064591,8.686138,0.000000,0.539067,0.554422,0.316724
10,0.053601,9.050819,0.000000,0.502971,0.525309,0.290487
10,0.063839,9.035305,0.000000,0.464626,0.437729,0.315329
10,0.051088,9.283401,0.000000,0.447638,0.504317,0.325100
10,0.056049,9.080032,0.000000,0.484232,0.522165,0.307948
10,0.074583,8.439964,0.000000,0.546633,0.413909,0.314483
10,0.050030,9.010712,0.000000,0.531491,0.551953,0.286025
10,0.044713,9.049965,0.000000,0.550942,0.435005,0.206854
10,0.054851,8.933914,0.000000,0.526932,0.533620,0.278736
10,0.067516,8.846676,0.000000,0.493997,0.501807,0.330313
10,0.045736,9.291573,0.000000,0.470401,0.492934,0.301886
10,0.058279,8.897865,0.000000,0.519773,0.400000,0.239357
10,0.052591,9.096241,0.000000,0.495473,0.433867,0.254478
10,0.055825,9.194294,0.000000,0.454071,0.417984,0.297360
11,0.058396,26.963310,32.000000,0.912153,0.581941,0.000000
11,0.051653,27.917835,26.000000,0.803103,0.456132,0.202905
11,0.096321,30.009092,25.000000,0.910519,0.400054,0.442179
11,0.096365,15.096684,24.000000,0.902288,0.722554,0.418516
11,0.062582,23.122826,17.000000,0.692771,0.473878,0.261010
11,0.072442,22.306887,16.000000,0.771247,0.763668,0.301965
11,0.045752,22.969294,15.000000,0.842715,0.479474,0.192914
11,0.058134,8.422694,15.000000,0.658870,0.524487,0.263281
11,0.051441,8.437476,14.000000,0.697134,0.440455,0.286965
11,0.051455,8.289013,14.000000,0.729407,0.520790,0.209899
11,0.048344,13.740983,11.000000,0.645511,0.404034,0.361465
11,0.067574,13.674107,11.000000,0.560305,0.489784,0.381430
11,0.062598,13.166513,10.000000,0.684569,0.480769,0.263730
11,0.059632,13.396325,10.000000,0.655965,0.486539,0.282854
11,0.072985,18.422194,9.000000,0.588130,0.434403,0.400355
11,0.054923,13.399997,9.000000,0.682725,0.416130,0.311131
11,0.051427,13.660636,8.000000,0.645527,0.449531,0.321467
11,0.054867,17.530937,8.000000,0.848531,0.552677,0.081432
11,0.067259,8.275447,8.000000,0.640505,0.729547,0.340133
11,0.066033,13.408127,8.000000,0.621060,0.439607,0.349602
11,0.055765,8.805046,7.000000,0.585540,0.470292,0.356155
11,0.058853,8.364830,7.000000,0.666741,0.540043,0.250980
11,0.080119,6.782351,6.000000,0.801608,0.590416,0.243965
11,0.050269,8.254657,6.000000,0.745329,0.400000,0.293527
11,0.047960,12.999334,6.000000,0.816969,0.509500,0.167781
11,0.046236,13.500967,6.000000,0.720237,0.414239,0.309131
11,0.077745,8.604274,5.000000,0.535950,0.400000,0.480303
11,0.069864,8.598146,5.000000,0.566609,0.441246,0.404329
11,0.047727,8.702621,5.000000,0.659498,0.478135,0.303406
11,0.055788,18.717514,5.000000,0.606477,0.606754,0.308351
11,0.069722,9.058676,4.000000,0.464778,0.467311,0.483221
11,0.066938,13.495507,4.000000,0.599679,0.537472,0.328672
11,0.060997,13.085332,4.000000,0.708685,0.419567,0.288568
11,0.092797,8.106861,4.000000,0.571327,0.664480,0.495124
11,0.048751,8.533893,4.000000,0.693670,0.474339,0.274098
11,0.059373,7.892618,4.000000,0.753591,0.424296,0.253118
11,0.063716,8.714256,3.000000,0.568216,0.434056,0.394075
11,0.040869,14.067378,3.000000,0.604253,0.457990,0.386691
11,0.055776,8.592973,3.000000,0.635316,0.546017,0.281678
11,0.040000,9.043608,3.000000,0.618515,0.430316,0.394954
11,0.040594,9.032903,3.000000,0.617391,0.400000,0.412673
11,0.070634,8.906088,3.000000,0.497785,0.488597,0.447541
11,0.070840,8.673940,2.000000,0.547270,0.416681,0.437376
11,0.074583,8.607111,2.000000,0.546633,0.413909,0.451579
11,0.094241,9.667549,2.000000,0.237581,0.492288,0.772069
11,0.056321,8.864508,2.000000,0.567960,0.500238,0.359625
11,0.075042,9.142694,2.000000,0.427540,0.662668,0.522246
11,0.055923,8.682547,2.000000,0.613949,0.418018,0.362661
11,0.057835,8.671150,2.000000,0.606320,0.508029,0.319534
11,0.081956,8.510766,2.000000,0.539202,0.627533,0.444800
11,0.052076,13.735428,2.000000,0.623319,0.413361,0.363076
11,0.056198,13.815393,2.000000,0.580747,0.458087,0.366446
11,0.062576,8.503923,2.000000,0.618493,0.508752,0.310408
11,0.051335,13.810053,2.000000,0.609001,0.556465,0.312893
11,0.070452,8.002458,2.000000,0.673537,0.490194,0.290903
11,0.057104,14.051309,2.000000,0.515568,0.424382,0.442985
11,0.050202,13.846078,2.000000,0.606443,0.483197,0.339719
11,0.041933,13.848557,2.000000,0.662834,0.496115,0.317448
11,0.056867,8.629212,2.000000,0.621035,0.496695,0.310384
11,0.065020,13.657990,2.000000,0.574664,0.400000,0.412322
11,0.052005,8.826218,1.000000,0.600944,0.578450,0.317735
11,0.046121,9.646115,1.000000,0.350378,0.401256,0.617795
11,0.060354,8.985410,1.000000,0.518625,0.554553,0.395500
11,0.048003,14.086690,1.000000,0.551744,0.485370,0.394042
11,0.061079,8.944926,1.000000,0.525721,0.489506,0.404228
11,0.075944,8.722243,1.000000,0.518848,0.406762,0.483145
11,0.060793,8.846602,1.000000,0.550963,0.454245,0.395615
11,0.052404,9.043202,1.000000,0.540495,0.521130,0.384057
11,0.074087,8.899865,1.000000,0.487427,0.400000,0.506691
11,0.062380,8.935175,1.000000,0.522605,0.461981,0.419309
11,0.047719,8.944473,1.000000,0.594906,0.512304,0.345865
11,0.069510,8.846054,1.000000,0.515382,0.455486,0.441321
11,0.048947,8.817420,1.000000,0.621743,0.470751,0.335536
11,0.065489,8.880100,1.000000,0.523078,0.422673,0.442770
11,0.087447,9.593711,1.000000,0.272648,0.638437,0.705939
11,0.052046,8.807502,1.000000,0.605475,0.426110,0.368818
11,0.060408,9.495912,1.000000,0.365403,0.770922,0.595939
11,0.047704,8.664999,1.000000,0.669149,0.554038,0.267770
11,0.071270,8.892617,1.000000,0.498603,0.400000,0.489204
11,0.088686,9.258137,1.000000,0.365841,0.563160,0.625105
11,0.069471,9.256659,1.000000,0.413764,0.654607,0.518564
11,0.089325,9.635506,1.000000,0.255515,0.740483,0.752401
11,0.079150,8.854518,1.000000,0.481205,0.400000,0.529633
11,0.077320,8.909569,1.000000,0.475021,0.408486,0.523362
11,0.051200,9.425936,0.000000,0.423547,0.746932,0.535209
11,0.041391,9.650335,0.000000,0.367650,0.719301,0.595721
11,0.066125,9.380159,0.000000,0.387271,0.704310,0.552153
11,0.050093,9.806786,0.000000,0.248416,0.424009,0.697434
11,0.047968,9.854088,0.000000,0.220609,0.643486,0.703582
11,0.043785,9.354434,0.000000,0.485695,0.526617,0.456067
11,0.082045,9.762702,0.000000,0.215115,0.469427,0.749379
11,0.051228,8.940825,0.000000,0.575162,0.645335,0.353526
11,0.049058,9.034405,0.000000,0.561181,0.705475,0.394647
11,0.048579,8.845100,0.000000,0.616753,0.535290,0.316703
11,0.072223,8.916769,0.000000,0.489871,0.700676,0.468474
11,0.056000,9.193597,0.000000,0.480000,0.480000,0.451185
11,0.061297,8.482990,0.000000,0.629265,0.564529,0.285203
11,0.063466,8.569250,0.000000,0.600577,0.497684,0.332781
11,0.058663,8.365498,0.000000,0.667685,0.511200,0.259983
11,0.055609,8.728490,0.000000,0.604850,0.419335,0.369494
11,0.048226,8.770523,0.000000,0.638674,0.561688,0.292874
11,0.060768,8.994637,0.000000,0.514500,0.451850,0.430272
11,0.048081,9.015975,0.000000,0.572240,0.435082,0.399853
11,0.073512,8.884344,0.000000,0.492775,0.493163,0.459392
11,0.046204,8.613787,0.000000,0.692847,0.532353,0.258463
11,0.060515,8.681784,0.000000,0.590363,0.438514,0.368973
11,0.053878,8.728800,0.000000,0.614417,0.464797,0.334858
11,0.074780,8.836398,0.000000,0.498963,0.459972,0.469908
11,0.097867,9.467349,0.000000,0.295095,0.761660,0.766171
11,0.056000,9.193597,0.000000,0.480000,0.480000,0.451185
11,0.056000,9.193597,0.000000,0.480000,0.480000,0.451185
11,0.065341,9.166369,0.000000,0.451809,0.453214,0.492576
11,0.058279,9.015951,0.000000,0.519773,0.400000,0.453527
11,0.058323,8.961496,0.000000,0.533758,0.454569,0.410528
11,0.056561,9.535131,0.000000,0.362636,0.421115,0.585424
11,0.050897,8.643398,0.000000,0.653043,0.400000,0.352825
11,0.042396,9.057364,0.000000,0.596440,0.446654,0.392265
11,0.057918,9.245596,0.000000,0.456514,0.726588,0.490226
11,0.045480,9.748302,0.000000,0.297566,0.688243,0.641918
11,0.054765,9.684644,0.000000,0.303533,0.407771,0.647407
11,0.040685,9.083209,0.000000,0.600449,0.460776,0.389188
12,0.058396,27.206245,39.000000,0.912153,0.581941,0.000000
12,0.096321,25.408367,35.000000,0.910519,0.400054,0.442179
12,0.096365,25.488949,24.000000,0.902288,0.722554,0.418516
12,0.100000,9.935629,20.000000,0.938488,0.444977,0.450657
12,0.051653,23.084400,19.000000,0.803103,0.456132,0.202905
12,0.072442,17.522324,16.000000,0.771247,0.763668,0.301965
12,0.040000,23.179918,15.000000,0.889575,0.507446,0.207421
12,0.045752,23.131750,13.000000,0.842715,0.479474,0.192914
12,0.051455,18.425892,13.000000,0.729407,0.520790,0.209899
12,0.046236,13.620890,13.000000,0.720237,0.414239,0.309131
12,0.062554,11.819694,12.000000,0.940312,0.512953,0.099791
12,0.054867,22.728462,12.000000,0.848531,0.552677,0.081432
12,0.051441,13.562478,11.000000,0.697134,0.440455,0.286965
12,0.062582,13.272986,9.000000,0.692771,0.473878,0.261010
12,0.055765,8.900642,9.000000,0.585540,0.470292,0.356155
12,0.060997,13.238505,8.000000,0.708685,0.419567,0.288568
12,0.069864,13.710295,8.000000,0.566609,0.441246,0.404329
12,0.066938,8.615867,8.000000,0.599679,0.537472,0.328672
12,0.077745,8.715932,8.000000,0.535950,0.400000,0.480303
12,0.047960,8.159388,8.000000,0.816969,0.509500,0.167781
12,0.067259,8.413411,7.000000,0.640505,0.729547,0.340133
12,0.058853,13.495644,7.000000,0.666741,0.540043,0.250980
12,0.064897,8.253267,7.000000,0.684176,0.490703,0.263072
12,0.062598,13.313192,7.000000,0.684569,0.480769,0.263730
12,0.048751,8.651181,6.000000,0.693670,0.474339,0.274098
12,0.072985,8.548396,5.000000,0.588130,0.434403,0.400355
12,0.059373,23.061209,5.000000,0.753591,0.424296,0.253118
12,0.063716,8.817116,4.000000,0.568216,0.434056,0.394075
12,0.074583,8.718542,4.000000,0.546633,0.413909,0.451579
12,0.068732,13.324576,4.000000,0.651102,0.416411,0.348774
12,0.060354,9.066577,4.000000,0.518625,0.554553,0.395500
12,0.092797,8.258312,4.000000,0.571327,0.664480,0.495124
12,0.080119,7.039762,4.000000,0.801608,0.590416,0.243965
12,0.066033,8.535477,4.000000,0.621060,0.439607,0.349602
12,0.075944,8.824464,3.000000,0.518848,0.406762,0.483145
12,0.060515,8.787241,3.000000,0.590363,0.438514,0.368973
12,0.069722,9.133982,3.000000,0.464778,0.467311,0.483221
12,0.071270,8.981208,3.000000,0.498603,0.400000,0.489204
12,0.067574,8.780178,3.000000,0.560305,0.489784,0.381430
12,0.059632,13.524619,3.000000,0.655965,0.486539,0.282854
12,0.094241,9.694145,3.000000,0.237581,0.492288,0.772069
12,0.051427,8.767785,3.000000,0.645527,0.449531,0.321467
12,0.060408,14.536239,3.000000,0.365403,0.770922,0.595939
12,0.048344,13.841704,3.000000,0.645511,0.404034,0.361465
12,0.078372,7.258340,3.000000,0.779997,0.598471,0.240403
12,0.058134,8.548879,3.000000,0.658870,0.524487,0.263281
12,0.050269,8.394284,3.000000,0.745329,0.400000,0.293527
12,0.065691,7.731950,3.000000,0.774887,0.491759,0.192020
12,0.056867,13.738875,2.000000,0.621035,0.496695,0.310384
12,0.074087,13.987876,2.000000,0.487427,0.400000,0.506691
12,0.081956,13.629905,2.000000,0.539202,0.627533,0.444800
12,0.050202,8.938392,2.000000,0.606443,0.483197,0.339719
12,0.077320,8.996803,2.000000,0.475021,0.408486,0.523362
12,0.063466,8.683710,2.000000,0.600577,0.497684,0.332781
12,0.054923,8.527997,2.000000,0.682725,0.416130,0.311131
12,0.070840,13.780025,2.000000,0.547270,0.416681,0.437376
12,0.060191,9.095662,2.000000,0.511174,0.419684,0.449714
12,0.075242,8.677327,2.000000,0.552922,0.442827,0.433200
12,0.079150,8.946157,1.000000,0.481205,0.400000,0.529633
12,0.088686,9.317486,1.000000,0.365841,0.563160,0.625105
12,0.073512,13.973597,1.000000,0.492775,0.493163,0.459392
12,0.065341,9.233060,1.000000,0.451809,0.453214,0.492576
12,0.065489,8.969692,1.000000,0.523078,0.422673,0.442770
12,0.078023,9.052451,1.000000,0.459576,0.524136,0.498564
12,0.060793,8.938874,1.000000,0.550963,0.454245,0.395615
12,0.052005,8.920120,1.000000,0.600944,0.578450,0.317735
12,0.056321,8.955347,1.000000,0.567960,0.500238,0.359625
12,0.056198,8.910162,1.000000,0.580747,0.458087,0.366446
12,0.055788,8.820121,1.000000,0.606477,0.606754,0.308351
12,0.070452,8.162261,1.000000,0.673537,0.490194,0.290903
12,0.040869,9.141988,1.000000,0.604253,0.457990,0.386691
12,0.070634,8.993601,1.000000,0.497785,0.488597,0.447541
12,0.055776,13.705535,1.000000,0.635316,0.546017,0.281678
12,0.062576,8.623610,1.000000,0.618493,0.508752,0.310408
12,0.058323,9.044577,0.000000,0.533758,0.454569,0.410528
12,0.075042,9.211279,0.000000,0.427540,0.662668,0.522246
12,0.055923,8.787943,0.000000,0.613949,0.418018,0.362661
12,0.054765,9.709872,0.000000,0.303533,0.407771,0.647407
12,0.057918,9.305948,0.000000,0.456514,0.726588,0.490226
12,0.050897,8.751926,0.000000,0.653043,0.400000,0.352825
12,0.044605,8.904415,0.000000,0.653577,0.417454,0.357989
12,0.057835,8.777458,0.000000,0.606320,0.508029,0.319534
12,0.056000,9.258109,0.000000,0.480000,0.480000,0.451185
12,0.074780,8.929486,0.000000,0.498963,0.459972,0.469908
12,0.046608,8.707619,0.000000,0.694433,0.425022,0.315868
12,0.040854,8.806061,0.000000,0.712916,0.400000,0.349557
12,0.040594,9.110271,0.000000,0.617391,0.400000,0.412673
12,0.078597,8.427405,0.000000,0.589890,0.471737,0.404519
12,0.043559,9.078948,0.000000,0.606419,0.431153,0.388608
12,0.069604,8.406502,0.000000,0.630994,0.782669,0.393151
12,0.040000,9.120119,0.000000,0.618515,0.430316,0.394954
12,0.044327,8.595533,0.000000,0.742309,0.538333,0.227183
12,0.050984,8.886473,0.000000,0.616310,0.445481,0.349447
12,0.047727,8.806412,0.000000,0.659498,0.478135,0.303406
12,0.061079,9.029332,0.000000,0.525721,0.489506,0.404228
12,0.057104,9.127204,0.000000,0.515568,0.424382,0.442985
12,0.052404,9.119746,0.000000,0.540495,0.521130,0.384057
12,0.048003,9.159755,0.000000,0.551744,0.485370,0.394042
12,0.062380,9.020361,0.000000,0.522605,0.461981,0.419309
12,0.047719,9.028915,0.000000,0.594906,0.512304,0.345865
12,0.069510,8.938370,0.000000,0.515382,0.455486,0.441321
12,0.048947,8.912026,0.000000,0.621743,0.470751,0.335536
12,0.046121,9.674426,0.000000,0.350378,0.401256,0.617795
12,0.087447,9.626214,0.000000,0.272648,0.638437,0.705939
12,0.052046,8.902902,0.000000,0.605475,0.426110,0.368818
12,0.065020,8.765350,0.000000,0.574664,0.400000,0.412322
12,0.047704,8.771799,0.000000,0.669149,0.554038,0.267770
12,0.041933,8.940673,0.000000,0.662834,0.496115,0.317448
12,0.052076,8.836594,0.000000,0.623319,0.413361,0.363076
12,0.069471,9.316126,0.000000,0.413764,0.654607,0.518564
12,0.089325,9.664665,0.000000,0.255515,0.740483,0.752401
12,0.051335,8.905249,0.000000,0.609001,0.556465,0.312893
12,0.041391,9.678308,0.000000,0.367650,0.719301,0.595721
12,0.050093,9.822243,0.000000,0.248416,0.424009,0.697434
12,0.043785,9.406079,0.000000,0.485695,0.526617,0.456067
12,0.051228,9.025559,0.000000,0.575162,0.645335,0.353526
12,0.048579,8.937492,0.000000,0.616753,0.535290,0.316703
12,0.056000,9.258109,0.000000,0.480000,0.480000,0.451185
12,0.055609,8.830211,0.000000,0.604850,0.419335,0.369494
12,0.060768,9.075066,0.000000,0.514500,0.451850,0.430272
1,0.056000,46.451778,8.000000,0.480000,0.480000,0.000000
1,0.056000,41.451775,7.000000,0.480000,0.480000,0.000000
1,0.056000,36.451752,6.000000,0.480000,0.480000,0.000000
1,0.056000,36.451797,6.000000,0.480000,0.480000,0.000000
1,0.056000,36.451752,6.000000,0.480000,0.480000,0.000000
1,0.056000,36.451775,6.000000,0.480000,0.480000,0.000000
1,0.056000,31.451830,5.000000,0.480000,0.480000,0.000000
1,0.056000,21.451916,3.000000,0.480000,0.480000,0.000000
1,0.056000,21.451929,3.000000,0.480000,0.480000,0.000000
1,0.056000,6.451826,0.000000,0.480000,0.480000,0.000000
2,0.052680,47.094696,8.000000,0.538763,0.458463,0.000000
2,0.056000,42.548500,7.000000,0.480000,0.480000,0.072663
2,0.050652,42.284599,7.000000,0.531181,0.533032,0.095693
2,0.056000,37.548527,6.000000,0.480000,0.480000,0.072663
2,0.056000,37.548485,6.000000,0.480000,0.480000,0.072663
2,0.056000,27.548586,4.000000,0.480000,0.480000,0.072663
2,0.054868,27.414375,4.000000,0.498019,0.547507,0.120531
2,0.056000,17.548592,2.000000,0.480000,0.480000,0.072663
2,0.056000,17.548578,2.000000,0.480000,0.480000,0.072663
2,0.056000,17.548601,2.000000,0.480000,0.480000,0.072663
2,0.056000,12.548534,1.000000,0.480000,0.480000,0.072663
2,0.061628,12.120689,1.000000,0.495884,0.467379,0.099844
2,0.063883,7.841496,0.000000,0.421704,0.482309,0.164746
2,0.056892,7.936659,0.000000,0.436903,0.514160,0.130369
3,0.056000,52.258186,9.000000,0.480000,0.480000,0.000000
3,0.056000,47.258186,8.000000,0.480000,0.480000,0.000000
3,0.056780,36.400146,6.000000,0.546227,0.585951,0.148279
3,0.052680,26.750561,4.000000,0.538763,0.458463,0.072663
3,0.056000,27.258297,4.000000,0.480000,0.480000,0.000000
3,0.050652,21.962925,3.000000,0.531181,0.533032,0.099366
3,0.056000,22.258289,3.000000,0.480000,0.480000,0.000000
3,0.053898,21.770657,3.000000,0.530992,0.579312,0.135841
3,0.053632,21.546745,3.000000,0.550451,0.407212,0.117483
3,0.054868,17.108183,2.000000,0.498019,0.547507,0.087025
3,0.063883,17.585815,2.000000,0.421704,0.482309,0.098086
3,0.058167,17.263823,2.000000,0.470496,0.422383,0.075810
3,0.056000,12.258229,1.000000,0.480000,0.480000,0.000000
3,0.056000,7.258229,0.000000,0.480000,0.480000,0.000000
1,0.056000,57.548508,10.000000,0.480000,0.480000,0.000000
1,0.056000,47.548546,8.000000,0.480000,0.480000,0.000000
1,0.056000,47.548515,8.000000,0.480000,0.480000,0.000000
1,0.056000,37.548485,6.000000,0.480000,0.480000,0.000000
1,0.056000,27.548594,4.000000,0.480000,0.480000,0.000000
1,0.056000,27.548594,4.000000,0.480000,0.480000,0.000000
1,0.056000,22.548594,3.000000,0.480000,0.480000,0.000000
1,0.056000,22.548605,3.000000,0.480000,0.480000,0.000000
1,0.056000,17.548595,2.000000,0.480000,0.480000,0.000000
1,0.056000,17.548590,2.000000,0.480000,0.480000,0.000000
1,0.056000,68.258148,12.000000,0.480000,0.480000,0.000000
1,0.056000,43.258186,7.000000,0.480000,0.480000,0.000000
1,0.056000,38.258141,6.000000,0.480000,0.480000,0.000000
1,0.056000,33.258179,5.000000,0.480000,0.480000,0.000000
1,0.056000,33.258163,5.000000,0.480000,0.480000,0.000000
1,0.056000,28.258204,4.000000,0.480000,0.480000,0.000000
1,0.056000,28.258196,4.000000,0.480000,0.480000,0.000000
1,0.056000,23.258196,3.000000,0.480000,0.480000,0.000000
1,0.056000,18.258204,2.000000,0.480000,0.480000,0.000000
1,0.056000,18.258188,2.000000,0.480000,0.480000,0.000000
2,0.056000,84.548615,16.000000,0.480000,0.480000,0.000000
2,0.056000,59.548599,11.000000,0.480000,0.480000,0.000000
2,0.056000,54.548599,10.000000,0.480000,0.480000,0.000000
2,0.056000,44.548615,8.000000,0.480000,0.480000,0.000000
2,0.056000,29.548872,5.000000,0.480000,0.480000,0.000000
3,0.056000,121.645470,24.000000,0.480000,0.480000,0.000000
3,0.056000,101.645500,20.000000,0.480000,0.480000,0.000000
3,0.056000,31.645874,6.000000,0.480000,0.480000,0.000000
4,0.056000,130.645538,26.000000,0.480000,0.480000,0.000000
4,0.056000,120.645485,24.000000,0.480000,0.480000,0.000000
5,0.056000,237.903961,50.000000,0.480000,0.480000,0.000000
6,0.056000,132.645447,26.000000,0.480000,0.480000,0.000000
6,0.051667,121.906082,24.000000,0.524251,0.547943,0.105112
7,0.056000,244.936005,50.000000,0.480000,0.480000,0.000000
8,0.048944,134.888092,27.000000,0.457971,0.513377,0.000000
8,0.056000,112.290771,23.000000,0.480000,0.480000,0.084881
9,0.048944,237.748413,50.000000,0.457971,0.513377,0.000000
10,0.048352,154.838577,31.000000,0.512556,0.573298,0.000000
10,0.048944,96.787491,19.000000,0.457971,0.513377,0.092870
1,0.056000,57.871078,10.000000,0.480000,0.480000,0.000000
1,0.056000,57.871063,10.000000,0.480000,0.480000,0.000000
1,0.056000,42.871086,7.000000,0.480000,0.480000,0.000000
1,0.056000,32.871071,5.000000,0.480000,0.480000,0.000000
1,0.056000,32.871094,5.000000,0.480000,0.480000,0.000000
1,0.056000,27.871151,4.000000,0.480000,0.480000,0.000000
1,0.056000,27.871153,4.000000,0.480000,0.480000,0.000000
1,0.056000,17.871147,2.000000,0.480000,0.480000,0.000000
1,0.056000,17.871149,2.000000,0.480000,0.480000,0.000000
1,0.056000,12.871096,1.000000,0.480000,0.480000,0.000000
2,0.056000,42.483986,7.000000,0.480000,0.480000,0.000000
2,0.056174,42.224495,7.000000,0.503366,0.503085,0.037171
2,0.056000,37.483982,6.000000,0.480000,0.480000,0.000000
2,0.056000,27.484083,4.000000,0.480000,0.480000,0.000000
2,0.056000,27.484085,4.000000,0.480000,0.480000,0.000000
2,0.056000,27.484087,4.000000,0.480000,0.480000,0.000000
2,0.056000,27.484085,4.000000,0.480000,0.480000,0.000000
2,0.053981,22.128473,3.000000,0.522298,0.427833,0.080305
2,0.056000,17.484060,2.000000,0.480000,0.480000,0.000000
2,0.056000,17.484089,2.000000,0.480000,0.480000,0.000000
2,0.056000,17.484083,2.000000,0.480000,0.480000,0.000000
2,0.052079,17.396320,2.000000,0.506343,0.454662,0.056872
2,0.059628,18.042740,2.000000,0.410282,0.536199,0.105411
2,0.057001,12.678469,1.000000,0.457017,0.538357,0.077134
2,0.056000,7.484022,0.000000,0.480000,0.480000,0.000000
3,0.056000,58.129128,10.000000,0.480000,0.480000,0.000000
3,0.056174,37.936176,6.000000,0.503366,0.503085,0.037171
3,0.056000,33.129181,5.000000,0.480000,0.480000,0.000000
3,0.056000,33.129189,5.000000,0.480000,0.480000,0.000000
3,0.057001,33.273735,5.000000,0.457017,0.538357,0.077134
3,0.053981,27.864794,4.000000,0.522298,0.427833,0.080305
3,0.056000,23.129189,3.000000,0.480000,0.480000,0.000000
3,0.056000,23.129192,3.000000,0.480000,0.480000,0.000000
3,0.056000,18.129194,2.000000,0.480000,0.480000,0.000000
3,0.056000,18.129190,2.000000,0.480000,0.480000,0.000000
3,0.056000,18.129194,2.000000,0.480000,0.480000,0.000000
3,0.056000,18.129175,2.000000,0.480000,0.480000,0.000000
3,0.059628,13.544601,1.000000,0.410282,0.536199,0.105411
3,0.052079,8.063931,0.000000,0.506343,0.454662,0.056872
4,0.056000,51.677567,9.000000,0.480000,0.480000,0.000000
4,0.057001,46.934452,8.000000,0.457017,0.538357,0.077134
4,0.056000,46.677559,8.000000,0.480000,0.480000,0.000000
4,0.053981,41.208031,7.000000,0.522298,0.427833,0.080305
4,0.056000,31.677704,5.000000,0.480000,0.480000,0.000000
4,0.056000,26.677708,4.000000,0.480000,0.480000,0.000000
4,0.056000,21.677704,3.000000,0.480000,0.480000,0.000000
4,0.056000,16.677696,2.000000,0.480000,0.480000,0.000000
4,0.056000,16.677704,2.000000,0.480000,0.480000,0.000000
4,0.056174,11.334998,1.000000,0.503366,0.503085,0.037171
4,0.056000,11.677619,1.000000,0.480000,0.480000,0.000000
4,0.056000,6.677619,0.000000,0.480000,0.480000,0.000000
4,0.059628,7.415413,0.000000,0.410282,0.536199,0.105411
5,0.056000,56.225960,10.000000,0.480000,0.480000,0.000000
5,0.056000,41.225998,7.000000,0.480000,0.480000,0.000000
5,0.053981,40.692608,7.000000,0.522298,0.427833,0.080305
5,0.056000,41.225990,7.000000,0.480000,0.480000,0.000000
5,0.056000,36.226021,6.000000,0.480000,0.480000,0.000000
5,0.056000,26.226139,4.000000,0.480000,0.480000,0.000000
5,0.057001,21.517609,3.000000,0.457017,0.538357,0.077134
5,0.056000,21.226120,3.000000,0.480000,0.480000,0.000000
5,0.056000,11.226033,1.000000,0.480000,0.480000,0.000000
5,0.056174,10.836843,1.000000,0.503366,0.503085,0.037171
5,0.056000,11.226033,1.000000,0.480000,0.480000,0.000000
6,0.056000,41.903358,7.000000,0.480000,0.480000,0.000000
6,0.056000,36.903362,6.000000,0.480000,0.480000,0.000000
6,0.051822,31.904602,5.000000,0.498879,0.490084,0.047549
6,0.057001,27.142645,4.000000,0.457017,0.538357,0.077134
6,0.056174,26.583990,4.000000,0.503366,0.503085,0.037171
6,0.054693,27.651485,4.000000,0.422992,0.550850,0.106132
6,0.062352,25.091125,4.000000,0.572744,0.400000,0.150455
6,0.056000,21.903502,3.000000,0.480000,0.480000,0.000000
6,0.056000,21.903475,3.000000,0.480000,0.480000,0.000000
6,0.056236,21.573547,3.000000,0.503858,0.427772,0.069548
6,0.056000,16.903475,2.000000,0.480000,0.480000,0.000000
6,0.056000,16.903484,2.000000,0.480000,0.480000,0.000000
6,0.056000,16.903486,2.000000,0.480000,0.480000,0.000000
6,0.053981,11.465790,1.000000,0.522298,0.427833,0.080305
6,0.056000,6.903412,0.000000,0.480000,0.480000,0.000000
6,0.049004,7.380768,0.000000,0.471920,0.497528,0.073759
7,0.056000,57.838844,10.000000,0.480000,0.480000,0.000000
7,0.056000,37.838840,6.000000,0.480000,0.480000,0.000000
7,0.053981,37.533394,6.000000,0.522298,0.427833,0.080305
7,0.054693,33.360931,5.000000,0.422992,0.550850,0.106132
7,0.056000,27.838903,4.000000,0.480000,0.480000,0.000000
7,0.056000,22.838871,3.000000,0.480000,0.480000,0.000000
7,0.057001,23.005804,3.000000,0.457017,0.538357,0.077134
7,0.056000,22.838892,3.000000,0.480000,0.480000,0.000000
7,0.056000,22.838898,3.000000,0.480000,0.480000,0.000000
7,0.051822,17.839670,2.000000,0.498879,0.490084,0.047549
7,0.056174,17.615913,2.000000,0.503366,0.503085,0.037171
7,0.062352,11.574015,1.000000,0.572744,0.400000,0.150455
7,0.056236,12.608622,1.000000,0.503858,0.427772,0.069548
7,0.056000,12.838840,1.000000,0.480000,0.480000,0.000000
8,0.062659,38.115330,6.000000,0.472024,0.514028,0.000000
8,0.056000,38.258179,6.000000,0.480000,0.480000,0.079416
8,0.054649,37.601337,6.000000,0.570202,0.435660,0.160160
8,0.056000,28.258219,4.000000,0.480000,0.480000,0.079416
8,0.056174,28.078499,4.000000,0.503366,0.503085,0.073317
8,0.057001,23.392744,3.000000,0.457017,0.538357,0.065967
8,0.056000,23.258207,3.000000,0.480000,0.480000,0.079416
8,0.056000,23.258205,3.000000,0.480000,0.480000,0.079416
8,0.056236,23.072620,3.000000,0.503858,0.427772,0.129478
8,0.050204,18.583879,2.000000,0.457105,0.496715,0.127288
8,0.054693,18.678955,2.000000,0.422992,0.550850,0.104251
8,0.056000,18.258205,2.000000,0.480000,0.480000,0.079416
8,0.056000,18.258204,2.000000,0.480000,0.480000,0.079416
8,0.051822,13.258839,1.000000,0.498879,0.490084,0.115590
8,0.063954,13.368170,1.000000,0.434748,0.434962,0.106420
8,0.060599,13.649454,1.000000,0.406308,0.421805,0.134283
8,0.056000,13.258169,1.000000,0.480000,0.480000,0.079416
8,0.062352,7.238751,0.000000,0.572744,0.400000,0.174557
8,0.053981,8.012007,0.000000,0.522298,0.427833,0.147195
9,0.056236,42.144718,7.000000,0.503858,0.427772,0.000000
9,0.056000,32.419514,5.000000,0.480000,0.480000,0.069548
9,0.051822,32.420578,5.000000,0.498879,0.490084,0.089664
9,0.054649,31.446436,5.000000,0.570202,0.435660,0.068923
9,0.062659,32.207905,5.000000,0.472024,0.514028,0.129478
9,0.056000,27.419579,4.000000,0.480000,0.480000,0.069548
9,0.056000,27.419579,4.000000,0.480000,0.480000,0.069548
9,0.056000,27.419577,4.000000,0.480000,0.480000,0.069548
9,0.057001,22.618891,3.000000,0.457017,0.538357,0.146153
9,0.056000,22.419580,3.000000,0.480000,0.480000,0.069548
9,0.050204,17.902056,2.000000,0.457105,0.496715,0.115109
9,0.056174,12.153397,1.000000,0.503366,0.503085,0.094145
9,0.056000,12.419510,1.000000,0.480000,0.480000,0.069548
9,0.060599,12.999191,1.000000,0.406308,0.421805,0.107126
9,0.054693,8.042831,0.000000,0.422992,0.550850,0.174489
9,0.056000,7.419510,0.000000,0.480000,0.480000,0.069548
9,0.063954,7.582467,0.000000,0.434748,0.434962,0.103995
10,0.057001,62.797539,11.000000,0.457017,0.538357,0.000000
10,0.056000,57.613014,10.000000,0.480000,0.480000,0.077134
10,0.054649,41.713009,7.000000,0.570202,0.435660,0.172752
10,0.056000,32.613068,5.000000,0.480000,0.480000,0.077134
10,0.056000,32.613018,5.000000,0.480000,0.480000,0.077134
10,0.056000,27.613096,4.000000,0.480000,0.480000,0.077134
10,0.056000,22.613115,3.000000,0.480000,0.480000,0.077134
10,0.051822,17.613964,2.000000,0.498879,0.490084,0.089864
10,0.056000,12.613047,1.000000,0.480000,0.480000,0.077134
10,0.050204,13.059343,1.000000,0.457105,0.496715,0.085606
10,0.060599,13.149252,1.000000,0.406308,0.421805,0.158405
10,0.056236,7.358785,0.000000,0.503858,0.427772,0.146153
10,0.062659,7.417218,0.000000,0.472024,0.514028,0.065967
10,0.056174,7.366883,0.000000,0.503366,0.503085,0.064503
11,0.057001,52.559448,9.000000,0.457017,0.538357,0.000000
11,0.056000,52.354965,9.000000,0.480000,0.480000,0.077134
11,0.051822,37.356026,6.000000,0.498879,0.490084,0.089864
11,0.056000,32.355026,5.000000,0.480000,0.480000,0.077134
11,0.056000,32.355049,5.000000,0.480000,0.480000,0.077134
11,0.060599,32.949116,5.000000,0.406308,0.421805,0.158405
11,0.050204,27.849607,4.000000,0.457105,0.496715,0.085606
11,0.056000,17.355066,2.000000,0.480000,0.480000,0.077134
11,0.054649,16.357540,2.000000,0.570202,0.435660,0.172752
11,0.056000,17.355059,2.000000,0.480000,0.480000,0.077134
11,0.056000,12.354998,1.000000,0.480000,0.480000,0.077134
12,0.054649,57.246021,10.000000,0.570202,0.435660,0.000000
12,0.056102,38.572842,6.000000,0.405121,0.446339,0.166256
12,0.056000,28.000179,4.000000,0.480000,0.480000,0.106728
12,0.044116,28.250036,4.000000,0.505888,0.455853,0.125968
12,0.057511,27.715427,4.000000,0.506241,0.537411,0.145215
12,0.057001,28.154640,4.000000,0.457017,0.538357,0.172752
12,0.056000,23.000175,3.000000,0.480000,0.480000,0.106728
12,0.056000,23.000143,3.000000,0.480000,0.480000,0.106728
12,0.060815,22.799248,3.000000,0.483186,0.467124,0.113671
12,0.056000,18.000177,2.000000,0.480000,0.480000,0.106728
12,0.050204,18.374094,2.000000,0.457105,0.496715,0.143494
12,0.056000,18.000143,2.000000,0.480000,0.480000,0.106728
12,0.051822,13.000889,1.000000,0.498879,0.490084,0.102538
12,0.060599,13.449373,1.000000,0.406308,0.421805,0.175219
12,0.056000,13.000120,1.000000,0.480000,0.480000,0.106728
12,0.057705,8.494488,0.000000,0.410274,0.592539,0.254883
12,0.056810,8.126595,0.000000,0.461250,0.492669,0.131970
13,0.056000,48.387161,8.000000,0.480000,0.480000,0.000000
13,0.054649,37.779007,6.000000,0.570202,0.435660,0.106728
13,0.057511,38.157642,6.000000,0.506241,0.537411,0.077892
13,0.057001,38.511826,6.000000,0.457017,0.538357,0.077134
13,0.044116,33.588749,5.000000,0.505888,0.455853,0.125320
13,0.056000,33.387169,5.000000,0.480000,0.480000,0.000000
13,0.051822,33.387878,5.000000,0.498879,0.490084,0.047549
13,0.050204,28.688774,4.000000,0.457105,0.496715,0.065723
13,0.060599,18.749464,2.000000,0.406308,0.421805,0.113303
13,0.056102,13.849058,1.000000,0.405121,0.446339,0.085898
13,0.060815,13.225164,1.000000,0.483186,0.467124,0.050873
13,0.056000,13.387194,1.000000,0.480000,0.480000,0.000000
13,0.056000,8.387194,0.000000,0.480000,0.480000,0.000000
13,0.056000,8.387194,0.000000,0.480000,0.480000,0.000000
13,0.056000,8.387194,0.000000,0.480000,0.480000,0.000000
14,0.060599,58.374336,10.000000,0.406308,0.421805,0.000000
14,0.044116,43.165367,7.000000,0.505888,0.455853,0.197227
14,0.060815,42.692760,7.000000,0.483186,0.467124,0.095520
14,0.057511,32.604931,5.000000,0.506241,0.537411,0.178389
14,0.056000,27.903400,4.000000,0.480000,0.480000,0.113303
14,0.056102,28.503723,4.000000,0.405121,0.446339,0.054448
14,0.057001,23.065338,3.000000,0.457017,0.538357,0.158405
14,0.051822,22.904158,3.000000,0.498879,0.490084,0.153486
14,0.050204,23.295403,3.000000,0.457105,0.496715,0.148840
14,0.054649,17.112684,2.000000,0.570202,0.435660,0.175219
14,0.056000,17.903378,2.000000,0.480000,0.480000,0.113303
14,0.056000,7.903352,0.000000,0.480000,0.480000,0.113303
15,0.044116,57.685551,10.000000,0.505888,0.455853,0.000000
15,0.057511,51.978554,9.000000,0.506241,0.537411,0.168339
15,0.051822,52.356113,9.000000,0.498879,0.490084,0.088423
15,0.050204,42.849487,7.000000,0.457105,0.496715,0.093253
15,0.056000,27.355068,4.000000,0.480000,0.480000,0.125320
15,0.056102,28.112383,4.000000,0.405121,0.446339,0.157043
15,0.054649,21.357540,3.000000,0.570202,0.435660,0.125968
15,0.060815,17.089314,2.000000,0.483186,0.467124,0.169121
15,0.057001,12.559416,1.000000,0.457017,0.538357,0.172124
15,0.056000,12.354998,1.000000,0.480000,0.480000,0.125320
15,0.060599,7.949171,0.000000,0.406308,0.421805,0.197227
16,0.050204,58.190434,10.000000,0.457105,0.496715,0.000000
16,0.057001,47.946358,8.000000,0.457017,0.538357,0.085606
16,0.057511,42.457581,7.000000,0.506241,0.537411,0.101692
16,0.056000,32.774300,5.000000,0.480000,0.480000,0.065723
16,0.054649,31.935078,5.000000,0.570202,0.435660,0.143494
16,0.051822,27.775183,4.000000,0.498879,0.490084,0.045557
16,0.056000,27.774387,4.000000,0.480000,0.480000,0.065723
16,0.044116,23.052460,3.000000,0.505888,0.455853,0.093253
16,0.056102,23.411652,3.000000,0.405121,0.446339,0.100725
16,0.060815,12.550727,1.000000,0.483186,0.467124,0.115359
17,0.061996,61.031864,11.000000,0.548815,0.534205,0.000000
17,0.055086,50.299404,9.000000,0.633685,0.400000,0.200299
17,0.056000,42.258186,7.000000,0.480000,0.480000,0.113672
17,0.056000,32.258194,5.000000,0.480000,0.480000,0.113672
17,0.054649,26.224279,4.000000,0.570202,0.435660,0.145013
17,0.051822,27.259283,4.000000,0.498879,0.490084,0.126040
17,0.056102,23.043346,3.000000,0.405121,0.446339,0.190224
17,0.050204,17.770935,2.000000,0.457105,0.496715,0.156558
17,0.044116,17.600872,2.000000,0.505888,0.455853,0.208339
17,0.060815,11.982780,1.000000,0.483186,0.467124,0.107133
17,0.042593,13.197255,1.000000,0.446290,0.427958,0.256506
17,0.061153,11.822195,1.000000,0.494512,0.487256,0.080399
17,0.057001,7.470118,0.000000,0.457017,0.538357,0.104637
17,0.057511,6.867980,0.000000,0.506241,0.537411,0.061965
17,0.051292,7.766324,0.000000,0.452700,0.496053,0.151560
18,0.061996,61.171928,11.000000,0.548815,0.534205,0.000000
18,0.055086,50.465313,9.000000,0.633685,0.400000,0.200299
18,0.054649,36.357643,6.000000,0.570202,0.435660,0.145013
18,0.044116,32.685543,5.000000,0.505888,0.455853,0.208339
18,0.060815,32.089344,5.000000,0.483186,0.467124,0.107133
18,0.051822,27.356014,4.000000,0.498879,0.490084,0.126040
18,0.056000,22.355062,3.000000,0.480000,0.480000,0.113672
18,0.050204,22.849611,3.000000,0.457105,0.496715,0.156558
18,0.056000,17.355047,2.000000,0.480000,0.480000,0.113672
18,0.056102,13.112455,1.000000,0.405121,0.446339,0.190224
18,0.042593,13.260881,1.000000,0.446290,0.427958,0.256506
18,0.061153,6.934353,0.000000,0.494512,0.487256,0.080399
19,0.060815,52.124832,9.000000,0.483186,0.467124,0.000000
19,0.056000,42.387211,7.000000,0.480000,0.480000,0.050873
19,0.055086,35.520607,6.000000,0.633685,0.400000,0.181583
19,0.054649,36.402058,6.000000,0.570202,0.435660,0.113671
19,0.061996,26.218729,4.000000,0.548815,0.534205,0.107133
19,0.051822,27.388258,4.000000,0.498879,0.490084,0.095698
19,0.056000,27.387318,4.000000,0.480000,0.480000,0.050873
19,0.050204,27.875832,4.000000,0.457105,0.496715,0.115359
19,0.056102,28.135401,4.000000,0.405121,0.446339,0.094821
19,0.044116,17.713770,2.000000,0.505888,0.455853,0.169121
19,0.042593,8.282090,0.000000,0.446290,0.427958,0.192258
20,0.061996,51.685448,9.000000,0.548815,0.534205,0.000000
20,0.051822,47.710766,8.000000,0.498879,0.490084,0.126040
20,0.056000,37.709782,6.000000,0.480000,0.480000,0.113672
20,0.056000,32.709835,5.000000,0.480000,0.480000,0.113672
20,0.054649,31.846163,5.000000,0.570202,0.435660,0.145013
20,0.056102,33.365654,5.000000,0.405121,0.446339,0.190224
20,0.060815,27.479786,4.000000,0.483186,0.467124,0.107133
20,0.050204,28.138083,4.000000,0.457105,0.496715,0.156558
20,0.055086,21.073689,3.000000,0.633685,0.400000,0.200299
20,0.044116,12.995961,1.000000,0.505888,0.455853,0.208339
21,0.044116,43.278263,7.000000,0.505888,0.455853,0.000000
21,0.058366,42.484085,7.000000,0.531658,0.415146,0.153493
21,0.061996,32.152313,5.000000,0.548815,0.534205,0.208339
21,0.056102,28.595798,4.000000,0.405121,0.446339,0.157043
21,0.055086,26.626703,4.000000,0.633685,0.400000,0.182321
21,0.051822,23.033133,3.000000,0.498879,0.490084,0.088423
21,0.056000,23.032421,3.000000,0.480000,0.480000,0.125320
21,0.060815,22.834759,3.000000,0.483186,0.467124,0.169121
21,0.051819,22.969141,3.000000,0.506943,0.449273,0.077482
21,0.061718,23.522144,3.000000,0.396255,0.404891,0.216939
21,0.056000,18.032419,2.000000,0.480000,0.480000,0.125320
21,0.056783,17.506920,2.000000,0.536564,0.511475,0.147723
21,0.057788,17.786009,2.000000,0.501224,0.513817,0.154804
21,0.050204,13.400270,1.000000,0.457105,0.496715,0.093253
21,0.047371,13.019462,1.000000,0.523605,0.487828,0.054508
21,0.054649,7.290373,0.000000,0.570202,0.435660,0.125968
22,0.055086,37.069073,6.000000,0.633685,0.400000,0.000000
22,0.047371,38.279190,6.000000,0.523605,0.487828,0.173559
22,0.051822,33.291096,5.000000,0.498879,0.490084,0.178656
22,0.050204,33.610111,5.000000,0.457105,0.496715,0.219497
22,0.058366,27.814041,4.000000,0.531658,0.415146,0.108830
22,0.061996,27.525835,4.000000,0.548815,0.534205,0.200299
22,0.060815,28.118719,4.000000,0.483186,0.467124,0.181583
22,0.051819,28.235483,4.000000,0.506943,0.449273,0.144651
22,0.056102,23.779963,3.000000,0.405121,0.446339,0.236009
22,0.044116,18.504055,2.000000,0.505888,0.455853,0.182321
22,0.056000,18.290472,2.000000,0.480000,0.480000,0.183583
22,0.057788,18.076368,2.000000,0.501224,0.513817,0.196257
22,0.056000,13.290425,1.000000,0.480000,0.480000,0.183583
22,0.061718,13.715961,1.000000,0.396255,0.404891,0.246595
22,0.056783,12.833905,1.000000,0.536564,0.511475,0.170696
23,0.061996,38.085983,6.000000,0.548815,0.534205,0.000000
23,0.051819,38.634964,6.000000,0.506943,0.449273,0.152905
23,0.047371,28.668800,4.000000,0.523605,0.487828,0.159326
23,0.056967,27.430988,4.000000,0.663300,0.400000,0.209232
23,0.055086,22.732700,3.000000,0.633685,0.400000,0.200299
23,0.050204,23.924803,3.000000,0.457105,0.496715,0.156558
23,0.060815,23.544670,3.000000,0.483186,0.467124,0.107133
23,0.056783,23.324310,3.000000,0.536564,0.511475,0.060616
23,0.053363,18.666121,2.000000,0.493831,0.436155,0.159678
23,0.062745,18.184526,2.000000,0.531305,0.438229,0.121472
23,0.061708,17.619249,2.000000,0.613511,0.521707,0.066618
23,0.056102,19.056190,2.000000,0.405121,0.446339,0.190224
23,0.051822,18.678007,2.000000,0.498879,0.490084,0.126040
23,0.057788,13.511908,1.000000,0.501224,0.513817,0.068447
23,0.056000,13.677499,1.000000,0.480000,0.480000,0.113672
23,0.061718,14.006687,1.000000,0.396255,0.404891,0.222285
23,0.044116,13.842738,1.000000,0.505888,0.455853,0.208339
23,0.051711,13.710304,1.000000,0.493273,0.474893,0.138417
23,0.053818,13.579395,1.000000,0.507475,0.538737,0.091811
23,0.061627,13.178653,1.000000,0.536968,0.407633,0.158700
23,0.058366,13.308975,1.000000,0.531658,0.415146,0.154144
23,0.056000,8.677499,0.000000,0.480000,0.480000,0.113672
23,0.059180,8.164850,0.000000,0.550028,0.538750,0.028750
24,0.061996,47.945946,8.000000,0.548815,0.534205,0.000000
24,0.057788,48.403061,8.000000,0.501224,0.513817,0.068447
24,0.056967,32.243004,5.000000,0.663300,0.400000,0.209232
24,0.061708,32.445045,5.000000,0.613511,0.521707,0.066618
24,0.053363,28.568520,4.000000,0.493831,0.436155,0.159678
24,0.047371,23.571383,3.000000,0.523605,0.487828,0.159326
24,0.061627,23.045408,3.000000,0.536968,0.407633,0.158700
24,0.058366,18.185242,2.000000,0.531658,0.415146,0.154144
24,0.051711,18.615936,2.000000,0.493273,0.474893,0.138417
24,0.044116,18.758091,2.000000,0.505888,0.455853,0.208339
24,0.056783,18.201700,2.000000,0.536564,0.511475,0.060616
24,0.051822,13.581276,1.000000,0.498879,0.490084,0.126040
24,0.056000,13.580730,1.000000,0.480000,0.480000,0.113672
24,0.060815,13.438145,1.000000,0.483186,0.467124,0.107133
24,0.050204,13.846096,1.000000,0.457105,0.496715,0.156558
24,0.053818,13.475449,1.000000,0.507475,0.538737,0.091811
24,0.055086,12.566769,1.000000,0.633685,0.400000,0.200299
24,0.062745,8.051678,0.000000,0.531305,0.438229,0.121472
24,0.056102,8.987171,0.000000,0.405121,0.446339,0.190224
24,0.061718,8.934006,0.000000,0.396255,0.404891,0.222285
24,0.051819,8.535118,0.000000,0.506943,0.449273,0.152905
25,0.061996,47.385712,8.000000,0.548815,0.534205,0.000000
25,0.057788,37.967537,6.000000,0.501224,0.513817,0.068447
25,0.056967,36.491066,6.000000,0.663300,0.400000,0.209232
25,0.053363,33.178085,5.000000,0.493831,0.436155,0.159678
25,0.060815,28.012230,4.000000,0.483186,0.467124,0.107133
25,0.055086,21.903172,3.000000,0.633685,0.400000,0.200299
25,0.053818,23.059662,3.000000,0.507475,0.538737,0.091811
25,0.061708,21.748257,3.000000,0.613511,0.521707,0.066618
25,0.051711,18.238464,2.000000,0.493273,0.474893,0.138417
25,0.044116,18.419382,2.000000,0.505888,0.455853,0.208339
25,0.061627,17.512352,2.000000,0.536968,0.407633,0.158700
25,0.047371,18.181753,2.000000,0.523605,0.487828,0.159326
25,0.058366,12.690308,1.000000,0.531658,0.415146,0.154144
25,0.056783,12.711296,1.000000,0.536564,0.511475,0.060616
25,0.051822,13.194351,1.000000,0.498879,0.490084,0.126040
25,0.050204,13.531395,1.000000,0.457105,0.496715,0.156558
25,0.056000,8.193657,0.000000,0.480000,0.480000,0.113672
26,0.055086,37.843273,6.000000,0.633685,0.400000,0.000000
26,0.056783,38.406048,6.000000,0.536564,0.511475,0.170696
26,0.057788,33.584526,5.000000,0.501224,0.513817,0.196257
26,0.051711,33.773216,5.000000,0.493273,0.474893,0.172101
26,0.060815,28.615658,4.000000,0.483186,0.467124,0.181583
26,0.061708,27.735386,4.000000,0.613511,0.521707,0.167143
26,0.044116,28.899223,4.000000,0.505888,0.455853,0.182321
26,0.061627,28.267529,4.000000,0.536968,0.407633,0.117147
26,0.061996,23.179388,3.000000,0.548815,0.534205,0.200299
26,0.053818,23.648693,3.000000,0.507475,0.538737,0.214860
26,0.056967,17.556309,2.000000,0.663300,0.400000,0.035083
26,0.053363,18.731188,2.000000,0.493831,0.436155,0.147981
26,0.051822,13.742495,1.000000,0.498879,0.490084,0.178656
26,0.050204,13.977221,1.000000,0.457105,0.496715,0.219497
26,0.047371,8.733754,0.000000,0.523605,0.487828,0.173559
26,0.058366,8.391464,0.000000,0.531658,0.415146,0.108830
27,0.061996,47.339077,8.000000,0.548815,0.534205,0.000000
27,0.060815,42.976734,7.000000,0.483186,0.467124,0.107133
27,0.061708,41.690166,7.000000,0.613511,0.521707,0.066618
27,0.061627,37.467934,6.000000,0.536968,0.407633,0.158700
27,0.056783,32.670391,5.000000,0.536564,0.511475,0.060616
27,0.056967,26.428467,4.000000,0.663300,0.400000,0.209232
27,0.051711,23.207008,3.000000,0.493273,0.474893,0.138417
27,0.055086,16.847893,2.000000,0.633685,0.400000,0.200299
27,0.044116,18.391163,2.000000,0.505888,0.455853,0.208339
27,0.053818,18.025013,2.000000,0.507475,0.538737,0.091811
27,0.050204,18.505199,2.000000,0.457105,0.496715,0.156558
27,0.053363,13.145582,1.000000,0.493831,0.436155,0.159678
27,0.051822,13.162107,1.000000,0.498879,0.490084,0.126040
27,0.057788,7.931190,0.000000,0.501224,0.513817,0.068447
28,0.056783,46.525997,8.000000,0.536564,0.511475,0.000000
28,0.061708,35.064285,6.000000,0.613511,0.521707,0.092249
28,0.056967,34.673931,6.000000,0.663300,0.400000,0.188367
28,0.044116,37.600861,6.000000,0.505888,0.455853,0.147723
28,0.055086,30.299520,5.000000,0.633685,0.400000,0.170696
28,0.061996,26.032000,4.000000,0.548815,0.534205,0.060616
28,0.061627,26.224113,4.000000,0.536968,0.407633,0.138544
28,0.051711,22.326241,3.000000,0.493273,0.474893,0.080857
28,0.053818,22.054844,3.000000,0.507475,0.538737,0.053730
28,0.051822,22.259283,3.000000,0.498879,0.490084,0.067798
28,0.060815,11.982780,1.000000,0.483186,0.467124,0.086881
28,0.050204,12.770867,1.000000,0.457105,0.496715,0.104797
28,0.053363,7.234629,0.000000,0.493831,0.436155,0.108904
29,0.044116,52.572655,9.000000,0.505888,0.455853,0.000000
29,0.051711,52.294785,9.000000,0.493273,0.474893,0.080589
29,0.061996,45.985203,8.000000,0.548815,0.534205,0.208339
29,0.056783,36.485130,6.000000,0.536564,0.511475,0.147723
29,0.056967,24.611376,4.000000,0.663300,0.400000,0.214867
29,0.053818,27.020195,4.000000,0.507475,0.538737,0.141949
29,0.051822,27.227039,4.000000,0.498879,0.490084,0.088423
29,0.061627,21.179688,3.000000,0.536968,0.407633,0.187784
29,0.061708,15.006254,2.000000,0.613511,0.521707,0.222055
29,0.060815,11.947283,1.000000,0.483186,0.467124,0.169121
29,0.055086,5.244163,0.000000,0.633685,0.400000,0.182321
29,0.050204,7.744642,0.000000,0.457105,0.496715,0.093253
30,0.061708,46.632103,8.000000,0.613511,0.521707,0.000000
30,0.053818,42.990364,7.000000,0.507475,0.538737,0.133876
30,0.051711,33.175552,5.000000,0.493273,0.474893,0.166960
30,0.061996,32.292366,5.000000,0.548815,0.534205,0.066618
30,0.056783,32.629520,5.000000,0.536564,0.511475,0.092249
30,0.051822,33.129913,5.000000,0.498879,0.490084,0.156450
30,0.061627,32.423512,5.000000,0.536968,0.407633,0.161839
30,0.044116,28.362949,4.000000,0.505888,0.455853,0.222055
30,0.060815,27.941227,4.000000,0.483186,0.467124,0.147375
30,0.056967,16.365801,2.000000,0.663300,0.400000,0.166948
31,0.061996,48.085999,8.000000,0.548815,0.534205,0.000000
31,0.060815,38.544670,6.000000,0.483186,0.467124,0.107133
31,0.060287,32.770691,5.000000,0.600636,0.400000,0.176408
31,0.049484,33.285690,5.000000,0.581362,0.520551,0.130401
31,0.044116,28.842772,4.000000,0.505888,0.455853,0.208339
31,0.056783,23.324314,3.000000,0.536564,0.511475,0.060616
31,0.056967,22.431004,3.000000,0.663300,0.400000,0.209232
31,0.059542,22.826778,3.000000,0.596737,0.597255,0.095448
31,0.051822,18.678007,2.000000,0.498879,0.490084,0.126040
31,0.061627,18.178680,2.000000,0.536968,0.407633,0.158700
31,0.060560,18.114403,2.000000,0.551150,0.504513,0.039863
31,0.053818,18.579395,2.000000,0.507475,0.538737,0.091811
31,0.050293,19.078163,2.000000,0.422873,0.514451,0.173688
31,0.061708,17.619278,2.000000,0.613511,0.521707,0.066618
31,0.061509,13.190774,1.000000,0.535690,0.450346,0.105754
31,0.051711,8.710304,0.000000,0.493273,0.474893,0.138417
31,0.052988,8.438164,0.000000,0.536253,0.508666,0.096393
32,0.061708,44.715885,8.000000,0.613511,0.521707,0.000000
32,0.060287,30.052010,5.000000,0.600636,0.400000,0.153337
32,0.056783,31.280777,5.000000,0.536564,0.511475,0.092249
32,0.060560,30.814899,5.000000,0.551150,0.504513,0.066952
32,0.049484,26.195028,4.000000,0.581362,0.520551,0.126403
32,0.056967,24.298090,4.000000,0.663300,0.400000,0.166948
32,0.059542,25.176510,4.000000,0.596737,0.597255,0.098330
32,0.051822,22.065821,3.000000,0.498879,0.490084,0.156450
32,0.061509,20.984470,3.000000,0.535690,0.450346,0.118393
32,0.061996,15.751905,2.000000,0.548815,0.534205,0.066618
32,0.061627,15.957570,2.000000,0.536968,0.407633,0.161839
32,0.050293,17.953972,2.000000,0.422873,0.514451,0.222389
32,0.060815,11.769799,1.000000,0.483186,0.467124,0.147375
32,0.044116,12.431443,1.000000,0.505888,0.455853,0.222055
32,0.053818,11.846951,1.000000,0.507475,0.538737,0.133876
33,0.049484,38.285683,6.000000,0.581362,0.520551,0.000000
33,0.060560,33.114403,5.000000,0.551150,0.504513,0.116544
33,0.059542,32.826767,5.000000,0.596737,0.597255,0.139800
33,0.056967,27.430998,4.000000,0.663300,0.400000,0.187135
33,0.048508,27.557392,4.000000,0.700900,0.422987,0.171049
33,0.063003,28.045046,4.000000,0.550207,0.453544,0.162054
33,0.051822,23.678007,3.000000,0.498879,0.490084,0.093809
33,0.050105,22.971611,3.000000,0.628461,0.461003,0.088302
33,0.053818,23.579395,3.000000,0.507475,0.538737,0.088622
33,0.060287,17.770716,2.000000,0.600636,0.400000,0.186407
33,0.054498,17.995466,2.000000,0.599038,0.485309,0.069045
33,0.060815,18.544657,2.000000,0.483186,0.467124,0.164127
33,0.060447,12.527471,1.000000,0.631716,0.619218,0.172527
33,0.061708,12.619279,1.000000,0.613511,0.521707,0.126403
33,0.051878,13.619395,1.000000,0.509544,0.537395,0.078574
33,0.051678,12.767392,1.000000,0.649218,0.400000,0.166712
33,0.044116,13.842738,1.000000,0.505888,0.455853,0.122959
33,0.061996,13.086023,1.000000,0.548815,0.534205,0.130401
33,0.061509,13.190774,1.000000,0.535690,0.450346,0.155713
33,0.050293,9.078163,0.000000,0.422873,0.514451,0.158878
33,0.061627,8.178653,0.000000,0.536968,0.407633,0.191408
33,0.056783,8.324342,0.000000,0.536564,0.511475,0.086390
34,0.048508,57.378727,10.000000,0.700900,0.422987,0.000000
34,0.060287,42.607574,7.000000,0.600636,0.400000,0.157327
34,0.049484,38.160244,6.000000,0.581362,0.520551,0.171049
34,0.061708,22.445061,3.000000,0.613511,0.521707,0.200719
34,0.050105,22.823189,3.000000,0.628461,0.461003,0.088094
34,0.054498,22.848793,3.000000,0.599038,0.485309,0.141538
34,0.061509,18.058422,2.000000,0.535690,0.450346,0.212993
34,0.061996,17.945976,2.000000,0.548815,0.534205,0.246270
34,0.044116,18.758081,2.000000,0.505888,0.455853,0.204075
34,0.051678,17.604000,2.000000,0.649218,0.400000,0.067094
34,0.060447,17.346539,2.000000,0.631716,0.619218,0.281438
34,0.056967,17.243029,2.000000,0.663300,0.400000,0.096923
34,0.053818,13.475449,1.000000,0.507475,0.538737,0.247319
34,0.051822,13.581276,1.000000,0.498879,0.490084,0.221235
34,0.051878,13.518375,1.000000,0.509544,0.537395,0.241255
34,0.063003,12.902000,1.000000,0.550207,0.453544,0.212549
34,0.059542,12.667728,1.000000,0.596737,0.597255,0.265472
34,0.060560,12.976398,1.000000,0.551150,0.504513,0.217568
34,0.060815,8.438145,0.000000,0.483186,0.467124,0.256105
35,0.051678,37.767365,6.000000,0.649218,0.400000,0.000000
35,0.049484,33.285686,5.000000,0.581362,0.520551,0.166712
35,0.050105,32.971603,5.000000,0.628461,0.461003,0.080580
35,0.054498,32.995430,5.000000,0.599038,0.485309,0.121180
35,0.044116,33.842766,5.000000,0.505888,0.455853,0.176456
35,0.061509,28.190811,4.000000,0.535690,0.450346,0.162830
35,0.053818,28.579395,4.000000,0.507475,0.538737,0.224997
35,0.056967,27.431005,4.000000,0.663300,0.400000,0.054729
35,0.060560,18.114401,2.000000,0.551150,0.504513,0.185940
35,0.048508,17.557415,2.000000,0.700900,0.422987,0.067094
35,0.059542,17.826778,2.000000,0.596737,0.597255,0.264071
35,0.061996,18.086023,2.000000,0.548815,0.534205,0.221061
35,0.061708,17.619247,2.000000,0.613511,0.521707,0.185686
35,0.060447,12.527471,1.000000,0.631716,0.619218,0.288243
35,0.051822,13.678007,1.000000,0.498879,0.490084,0.187839
35,0.051878,8.619395,0.000000,0.509544,0.537395,0.221379
35,0.063003,8.045046,0.000000,0.550207,0.453544,0.164644
35,0.060287,7.770713,0.000000,0.600636,0.400000,0.098847
36,0.048508,67.140419,12.000000,0.700900,0.422987,0.000000
36,0.061509,37.881897,6.000000,0.535690,0.450346,0.212993
36,0.056967,36.992359,6.000000,0.663300,0.400000,0.096923
36,0.044116,33.645184,5.000000,0.505888,0.455853,0.204075
36,0.050105,27.625292,4.000000,0.628461,0.461003,0.088094
36,0.060560,22.792477,3.000000,0.551150,0.504513,0.217568
36,0.061708,22.212793,3.000000,0.613511,0.521707,0.200719
36,0.051678,17.386204,2.000000,0.649218,0.400000,0.067094
36,0.060447,17.105328,2.000000,0.631716,0.619218,0.281438
36,0.051822,18.452301,2.000000,0.498879,0.490084,0.221235
36,0.049484,12.993027,1.000000,0.581362,0.520551,0.171049
36,0.054498,12.653229,1.000000,0.599038,0.485309,0.141538
36,0.053818,13.336853,1.000000,0.507475,0.538737,0.247319
36,0.059542,12.455704,1.000000,0.596737,0.597255,0.265472
36,0.061996,12.759247,1.000000,0.548815,0.534205,0.246270
37,0.058377,34.064121,6.000000,0.736409,0.400000,0.000000
37,0.044065,35.326805,6.000000,0.752066,0.400000,0.143971
37,0.048508,30.531858,5.000000,0.700900,0.422987,0.108747
37,0.044116,27.883129,4.000000,0.505888,0.455853,0.279916
37,0.050105,26.289530,4.000000,0.628461,0.461003,0.155919
37,0.060447,25.477016,4.000000,0.631716,0.619218,0.294071
37,0.060560,21.550749,3.000000,0.551150,0.504513,0.227738
37,0.061708,20.644957,3.000000,0.613511,0.521707,0.198388
37,0.061996,21.498823,3.000000,0.548815,0.534205,0.254250
37,0.046745,17.196634,2.000000,0.565547,0.495013,0.238391
37,0.056967,15.300585,2.000000,0.663300,0.400000,0.074456
37,0.051678,15.915903,2.000000,0.649218,0.400000,0.109953
37,0.059542,16.024603,2.000000,0.596737,0.597255,0.283619
37,0.049484,11.864104,1.000000,0.581362,0.520551,0.233783
37,0.040000,12.531080,1.000000,0.573754,0.446010,0.252064
37,0.053818,12.401333,1.000000,0.507475,0.538737,0.290799
37,0.051822,12.581720,1.000000,0.498879,0.490084,0.270919
37,0.058710,7.377292,0.000000,0.488112,0.441139,0.253588
37,0.054498,6.333153,0.000000,0.599038,0.485309,0.178175
37,0.061509,6.690440,0.000000,0.535690,0.450346,0.212672
38,0.058377,53.272781,10.000000,0.736409,0.400000,0.000000
38,0.060560,31.090847,5.000000,0.551150,0.504513,0.227738
38,0.044065,24.703712,4.000000,0.752066,0.400000,0.143971
38,0.056967,24.674034,4.000000,0.663300,0.400000,0.074456
38,0.061996,26.032000,4.000000,0.548815,0.534205,0.254250
38,0.048508,24.936050,4.000000,0.700900,0.422987,0.108747
38,0.060447,19.873953,3.000000,0.631716,0.619218,0.294071
38,0.049484,21.445982,3.000000,0.581362,0.520551,0.233783
38,0.040000,22.201891,3.000000,0.573754,0.446010,0.252064
38,0.046745,16.822861,2.000000,0.565547,0.495013,0.238391
38,0.051822,17.259283,2.000000,0.498879,0.490084,0.270919
38,0.050105,10.794730,1.000000,0.628461,0.461003,0.155919
38,0.061708,10.064359,1.000000,0.613511,0.521707,0.198388
38,0.044116,12.600799,1.000000,0.505888,0.455853,0.279916
38,0.051678,10.371423,1.000000,0.649218,0.400000,0.109953
38,0.059542,10.494475,1.000000,0.596737,0.597255,0.283619
38,0.053818,12.054844,1.000000,0.507475,0.538737,0.290799
39,0.058377,32.309086,5.000000,0.736409,0.400000,0.000000
39,0.048508,32.974426,5.000000,0.700900,0.422987,0.108747
39,0.059356,31.856388,5.000000,0.789360,0.433267,0.068035
39,0.061996,23.412800,3.000000,0.548815,0.534205,0.254250
39,0.058140,22.935968,3.000000,0.646263,0.669363,0.348570
39,0.063447,22.286034,3.000000,0.709391,0.401403,0.057479
39,0.061708,23.025723,3.000000,0.613511,0.521707,0.198388
39,0.051678,23.148539,3.000000,0.649218,0.400000,0.109953
39,0.044065,17.881485,2.000000,0.752066,0.400000,0.143971
39,0.040000,18.689373,2.000000,0.620871,0.516140,0.261145
39,0.052972,18.071581,2.000000,0.654436,0.503485,0.162401
39,0.040000,18.376425,2.000000,0.691024,0.400000,0.189292
39,0.060560,13.436308,1.000000,0.551150,0.504513,0.227738
39,0.048944,13.010439,1.000000,0.691539,0.400000,0.104456
39,0.058903,13.808092,1.000000,0.487913,0.547145,0.309207
39,0.053818,13.821938,1.000000,0.507475,0.538737,0.290799
39,0.059542,13.197790,1.000000,0.596737,0.597255,0.283619
39,0.050105,13.317892,1.000000,0.628461,0.461003,0.155919
39,0.051822,13.903713,1.000000,0.498879,0.490084,0.270919
39,0.046745,13.729170,1.000000,0.565547,0.495013,0.238391
39,0.040000,13.880756,1.000000,0.573754,0.446010,0.252064
39,0.049484,13.578394,1.000000,0.581362,0.520551,0.233783
39,0.060447,12.949610,1.000000,0.631716,0.619218,0.294071
39,0.056967,12.869585,1.000000,0.663300,0.400000,0.074456
39,0.044116,9.040319,0.000000,0.505888,0.455853,0.279916
39,0.060373,8.398468,0.000000,0.558646,0.484530,0.207756
40,0.059356,32.695648,6.000000,0.789360,0.433267,0.000000
40,0.058377,28.747559,5.000000,0.736409,0.400000,0.068035
40,0.061708,25.412689,4.000000,0.613511,0.521707,0.209039
40,0.056967,20.049976,3.000000,0.663300,0.400000,0.134874
40,0.059542,20.812569,3.000000,0.596737,0.597255,0.281293
40,0.052972,20.519217,3.000000,0.654436,0.503485,0.173158
40,0.040000,22.399405,3.000000,0.573754,0.446010,0.290179
40,0.063447,18.694019,3.000000,0.709391,0.401403,0.098264
40,0.058140,20.204149,3.000000,0.646263,0.669363,0.328207
40,0.061996,21.312094,3.000000,0.548815,0.534205,0.272908
40,0.051678,15.698095,2.000000,0.649218,0.400000,0.165116
40,0.044065,15.077568,2.000000,0.752066,0.400000,0.162785
40,0.048944,15.377196,2.000000,0.691539,0.400000,0.148787
40,0.046745,12.047189,1.000000,0.565547,0.495013,0.268240
40,0.051822,12.452745,1.000000,0.498879,0.490084,0.308381
40,0.050105,11.091573,1.000000,0.628461,0.461003,0.188809
40,0.060560,11.366715,1.000000,0.551150,0.504513,0.254598
40,0.058903,12.230567,1.000000,0.487913,0.547145,0.333397
40,0.040000,11.227637,1.000000,0.691024,0.400000,0.221050
40,0.040000,11.954671,1.000000,0.620871,0.516140,0.276737
40,0.048508,10.293569,1.000000,0.700900,0.422987,0.140560
40,0.053818,7.262727,0.000000,0.507475,0.538737,0.316081
40,0.049484,6.696856,0.000000,0.581362,0.520551,0.254777
40,0.060447,5.235836,0.000000,0.631716,0.619218,0.281067
41,0.059356,33.897644,6.000000,0.789360,0.433267,0.000000
41,0.058140,35.993343,6.000000,0.646263,0.669363,0.328207
41,0.058377,29.776442,5.000000,0.736409,0.400000,0.068035
41,0.056967,30.864515,5.000000,0.663300,0.400000,0.134874
41,0.048508,26.067984,4.000000,0.700900,0.422987,0.140560
41,0.060560,26.964653,4.000000,0.551150,0.504513,0.254598
41,0.040000,22.827351,3.000000,0.573754,0.446010,0.290179
41,0.052972,21.256561,3.000000,0.654436,0.503485,0.173158
41,0.050105,21.734779,3.000000,0.628461,0.461003,0.188809
41,0.059542,21.501648,3.000000,0.596737,0.597255,0.281293
41,0.040000,16.848360,2.000000,0.691024,0.400000,0.221050
41,0.063447,9.731712,1.000000,0.709391,0.401403,0.098264
41,0.061996,11.918964,1.000000,0.548815,0.534205,0.272908
41,0.044065,10.887589,1.000000,0.752066,0.400000,0.162785
41,0.048944,11.137925,1.000000,0.691539,0.400000,0.148787
41,0.046745,12.533094,1.000000,0.565547,0.495013,0.268240
41,0.058903,12.686296,1.000000,0.487913,0.547145,0.333397
41,0.051678,6.406046,0.000000,0.649218,0.400000,0.165116
41,0.051822,7.871914,0.000000,0.498879,0.490084,0.308381
41,0.040000,7.455808,0.000000,0.620871,0.516140,0.276737
41,0.061708,6.167604,0.000000,0.613511,0.521707,0.209039
42,0.059356,38.065483,7.000000,0.789360,0.433267,0.000000
42,0.048944,40.611225,7.000000,0.691539,0.400000,0.148787
42,0.063447,29.013309,5.000000,0.709391,0.401403,0.098264
42,0.058377,24.064112,4.000000,0.736409,0.400000,0.068035
42,0.056967,25.300621,4.000000,0.663300,0.400000,0.134874
42,0.060560,26.550741,4.000000,0.551150,0.504513,0.254598
42,0.050105,26.289532,4.000000,0.628461,0.461003,0.188809
42,0.040000,26.418581,4.000000,0.691024,0.400000,0.221050
42,0.059542,21.024601,3.000000,0.596737,0.597255,0.281293
42,0.058140,15.447001,2.000000,0.646263,0.669363,0.328207
42,0.061996,16.498823,2.000000,0.548815,0.534205,0.272908
42,0.052972,15.746099,2.000000,0.654436,0.503485,0.173158
42,0.040000,12.531080,1.000000,0.573754,0.446010,0.290179
42,0.048508,10.531869,1.000000,0.700900,0.422987,0.140560
42,0.044065,5.326826,0.000000,0.752066,0.400000,0.162785
42,0.046745,7.196698,0.000000,0.565547,0.495013,0.268240
42,0.058903,7.370791,0.000000,0.487913,0.547145,0.333397
43,0.058377,47.309109,8.000000,0.736409,0.400000,0.000000
43,0.048944,43.010429,7.000000,0.691539,0.400000,0.104456
43,0.059542,38.197815,6.000000,0.596737,0.597255,0.283619
43,0.056967,32.869610,5.000000,0.663300,0.400000,0.074456
43,0.060560,33.436337,5.000000,0.551150,0.504513,0.227738
43,0.059356,26.856394,4.000000,0.789360,0.433267,0.068035
43,0.040000,23.376423,3.000000,0.691024,0.400000,0.189292
43,0.058140,22.935976,3.000000,0.646263,0.669363,0.348570
43,0.048508,22.974440,3.000000,0.700900,0.422987,0.108747
43,0.050105,18.317921,2.000000,0.628461,0.461003,0.155919
43,0.040000,18.880756,2.000000,0.573754,0.446010,0.252064
43,0.063447,12.286034,1.000000,0.709391,0.401403,0.057479
43,0.052972,13.071592,1.000000,0.654436,0.503485,0.162401
43,0.061996,8.412800,0.000000,0.548815,0.534205,0.254250
44,0.058140,51.478996,9.000000,0.646263,0.669363,0.000000
44,0.059356,44.637314,8.000000,0.789360,0.433267,0.328207
44,0.048508,36.544666,6.000000,0.700900,0.422987,0.327274
44,0.050105,37.130573,6.000000,0.628461,0.461003,0.273145
44,0.058377,25.409580,4.000000,0.736409,0.400000,0.348570
44,0.040000,27.230362,4.000000,0.691024,0.400000,0.385071
44,0.056967,21.365805,3.000000,0.663300,0.400000,0.337338
44,0.063447,20.370293,3.000000,0.709391,0.401403,0.344953
44,0.052972,21.710318,3.000000,0.654436,0.503485,0.213847
44,0.048944,16.606071,2.000000,0.691539,0.400000,0.351960
44,0.059542,11.925642,1.000000,0.596737,0.597255,0.103795
44,0.060560,12.332525,1.000000,0.551150,0.504513,0.228241
44,0.040000,8.090702,0.000000,0.573754,0.446010,0.340752
45,0.058140,51.903954,9.000000,0.646263,0.669363,0.000000
45,0.050105,37.476879,6.000000,0.628461,0.461003,0.273145
45,0.056967,31.804398,5.000000,0.663300,0.400000,0.337338
45,0.063447,30.929050,5.000000,0.709391,0.401403,0.344953
45,0.059356,25.284580,4.000000,0.789360,0.433267,0.328207
45,0.048508,26.961639,4.000000,0.700900,0.422987,0.327274
45,0.058377,25.963589,4.000000,0.736409,0.400000,0.348570
45,0.052972,27.107357,4.000000,0.654436,0.503485,0.213847
45,0.048944,27.015703,4.000000,0.691539,0.400000,0.351960
45,0.040000,22.564638,3.000000,0.691024,0.400000,0.385071
45,0.059542,12.296685,1.000000,0.596737,0.597255,0.103795
45,0.060560,12.654462,1.000000,0.551150,0.504513,0.228241
46,0.058377,34.064209,6.000000,0.736409,0.400000,0.000000
46,0.040000,36.418579,6.000000,0.691024,0.400000,0.189292
46,0.055365,36.543930,6.000000,0.576989,0.444375,0.171460
46,0.059356,28.065577,5.000000,0.789360,0.433267,0.068035
46,0.048508,30.531858,5.000000,0.700900,0.422987,0.108747
46,0.052972,30.746149,5.000000,0.654436,0.503485,0.162401
46,0.056967,25.300610,4.000000,0.663300,0.400000,0.074456
46,0.048944,25.611315,4.000000,0.691539,0.400000,0.104456
46,0.056748,25.709324,4.000000,0.635020,0.406155,0.102978
46,0.059542,16.024601,2.000000,0.596737,0.597255,0.283619
46,0.058140,10.447040,1.000000,0.646263,0.669363,0.348570
46,0.063447,9.013309,1.000000,0.709391,0.401403,0.057479
46,0.065512,9.223595,1.000000,0.685755,0.671111,0.350002
46,0.050105,6.289468,0.000000,0.628461,0.461003,0.155919
46,0.060560,6.550694,0.000000,0.551150,0.504513,0.227738
46,0.056743,3.782497,0.000000,0.764453,0.444226,0.064107
47,0.052972,46.029751,8.000000,0.654436,0.503485,0.000000
47,0.058377,39.459892,7.000000,0.736409,0.400000,0.162401
47,0.056967,35.613811,6.000000,0.663300,0.400000,0.135674
47,0.059356,28.527863,5.000000,0.789360,0.433267,0.173158
47,0.056748,30.995369,5.000000,0.635020,0.406155,0.128858
47,0.065512,29.608688,5.000000,0.685755,0.671111,0.246189
47,0.048508,25.829679,4.000000,0.700900,0.422987,0.119484
47,0.048944,25.903902,4.000000,0.691539,0.400000,0.140471
47,0.058140,20.750507,3.000000,0.646263,0.669363,0.213847
47,0.059542,16.289631,2.000000,0.596737,0.597255,0.146231
47,0.040000,11.657400,1.000000,0.691024,0.400000,0.186813
47,0.055365,6.774372,0.000000,0.576989,0.444375,0.109682
47,0.063447,4.412422,0.000000,0.709391,0.401403,0.174000
48,0.058377,40.251354,7.000000,0.736409,0.400000,0.000000
48,0.059356,39.452400,7.000000,0.789360,0.433267,0.068035
48,0.056748,36.567459,6.000000,0.635020,0.406155,0.102978
48,0.065512,35.378876,6.000000,0.685755,0.671111,0.350002
48,0.048944,31.489008,5.000000,0.691539,0.400000,0.104456
48,0.040000,32.134872,5.000000,0.691024,0.400000,0.189292
48,0.052972,26.596888,4.000000,0.654436,0.503485,0.162401
48,0.059542,26.819670,4.000000,0.596737,0.597255,0.283619
48,0.058140,21.357578,3.000000,0.646263,0.669363,0.348570
48,0.048508,16.425451,2.000000,0.700900,0.422987,0.108747
48,0.056967,11.240444,1.000000,0.663300,0.400000,0.074456
49,0.048944,37.600822,6.000000,0.691539,0.400000,0.000000
49,0.056563,36.343639,6.000000,0.794133,0.400000,0.127790
49,0.040000,33.042160,5.000000,0.691024,0.400000,0.089445
49,0.060900,32.151096,5.000000,0.675569,0.650073,0.335056
49,0.065512,26.842232,4.000000,0.685755,0.671111,0.377262
49,0.052972,27.674534,4.000000,0.654436,0.503485,0.140471
49,0.058140,27.511009,4.000000,0.646263,0.669363,0.351960
49,0.048508,27.557384,4.000000,0.700900,0.422987,0.030532
49,0.065398,20.557775,3.000000,0.814061,0.405810,0.205272
49,0.058377,16.755047,2.000000,0.736409,0.400000,0.104456
49,0.059542,17.826778,2.000000,0.596737,0.597255,0.284629
49,0.064609,17.098486,2.000000,0.661920,0.400000,0.159421
49,0.040000,12.781859,1.000000,0.735532,0.464028,0.127832
49,0.049839,12.413058,1.000000,0.711622,0.471595,0.092155
49,0.056748,12.654430,1.000000,0.635020,0.406155,0.096660
49,0.056967,7.430975,0.000000,0.663300,0.400000,0.085050
49,0.059356,6.209153,0.000000,0.789360,0.433267,0.148787
50,0.058377,47.704796,8.000000,0.736409,0.400000,0.000000
50,0.052972,38.355179,6.000000,0.654436,0.503485,0.162401
50,0.065398,31.857937,5.000000,0.814061,0.405810,0.104937
50,0.049839,33.170212,5.000000,0.711622,0.471595,0.126151
50,0.058140,28.239498,4.000000,0.646263,0.669363,0.348570
50,0.064609,27.947704,4.000000,0.661920,0.400000,0.097119
50,0.040000,28.431082,4.000000,0.735532,0.464028,0.200445
50,0.060900,22.984888,3.000000,0.675569,0.650073,0.319455
50,0.065512,22.766457,3.000000,0.685755,0.671111,0.350002
50,0.048944,18.303040,2.000000,0.691539,0.400000,0.104456
50,0.048508,18.272318,2.000000,0.700900,0.422987,0.108747
50,0.059542,18.462831,2.000000,0.596737,0.597255,0.283619
50,0.040000,13.615209,1.000000,0.691024,0.400000,0.189292
50,0.056748,13.340939,1.000000,0.635020,0.406155,0.102978
50,0.056563,7.413811,0.000000,0.794133,0.400000,0.060506
51,0.058377,55.726215,10.000000,0.736409,0.400000,0.000000
51,0.048944,41.840103,7.000000,0.691539,0.400000,0.104456
51,0.049839,31.592775,5.000000,0.711622,0.471595,0.126151
51,0.060900,31.247740,5.000000,0.675569,0.650073,0.319455
51,0.058140,26.721825,4.000000,0.646263,0.669363,0.348570
51,0.065512,25.840988,4.000000,0.685755,0.671111,0.350002
51,0.065398,19.149265,3.000000,0.814061,0.405810,0.104937
51,0.040000,22.078594,3.000000,0.735532,0.464028,0.200445
51,0.048508,21.782907,3.000000,0.700900,0.422987,0.108747
51,0.040000,17.421383,2.000000,0.691024,0.400000,0.189292
51,0.052972,11.937235,1.000000,0.654436,0.503485,0.162401
51,0.064609,11.178457,1.000000,0.661920,0.400000,0.097119
51,0.059542,12.137667,1.000000,0.596737,0.597255,0.283619
51,0.056748,11.910713,1.000000,0.635020,0.406155,0.102978
52,0.049839,39.636894,7.000000,0.711622,0.471595,0.000000
52,0.065512,38.453407,7.000000,0.685755,0.671111,0.295687
52,0.058377,33.272766,6.000000,0.736409,0.400000,0.126151
52,0.050245,29.099304,5.000000,0.743409,0.427906,0.063319
52,0.063721,23.590240,4.000000,0.688019,0.620931,0.233823
52,0.065398,15.790510,3.000000,0.814061,0.405810,0.203629
52,0.055471,19.292402,3.000000,0.695851,0.400000,0.106910
52,0.059542,20.494522,3.000000,0.596737,0.597255,0.217452
52,0.040000,15.401478,2.000000,0.735532,0.464028,0.101691
52,0.064609,13.984645,2.000000,0.661920,0.400000,0.179709
52,0.056748,15.137234,2.000000,0.635020,0.406155,0.131654
52,0.048944,10.026097,1.000000,0.691539,0.400000,0.092155
52,0.060163,7.741194,1.000000,0.753508,0.697048,0.303041
52,0.062892,10.339079,1.000000,0.590551,0.619137,0.256339
52,0.040000,10.941129,1.000000,0.691024,0.400000,0.134586
52,0.048508,9.936118,1.000000,0.700900,0.422987,0.063118
52,0.060900,9.093637,1.000000,0.675569,0.650073,0.251611
52,0.052972,5.178981,0.000000,0.654436,0.503485,0.076427
52,0.042929,5.312085,0.000000,0.716864,0.400000,0.113188
52,0.058140,4.839953,0.000000,0.646263,0.669363,0.268842
53,0.063721,37.737732,6.000000,0.688019,0.620931,0.000000
53,0.065398,31.749559,5.000000,0.814061,0.405810,0.297448
53,0.065512,27.689438,4.000000,0.685755,0.671111,0.065272
53,0.040000,28.567436,4.000000,0.691024,0.400000,0.364063
53,0.064609,27.876940,4.000000,0.661920,0.400000,0.277536
53,0.040000,28.376995,4.000000,0.735532,0.464028,0.311433
53,0.050245,27.917398,4.000000,0.743409,0.427906,0.281857
53,0.058377,22.625650,3.000000,0.736409,0.400000,0.285417
53,0.056748,23.283730,3.000000,0.635020,0.406155,0.282395
53,0.048508,23.212732,3.000000,0.700900,0.422987,0.290739
53,0.055471,17.985554,2.000000,0.695851,0.400000,0.288330
53,0.059542,18.409828,2.000000,0.596737,0.597255,0.104665
53,0.048944,18.244524,2.000000,0.691539,0.400000,0.313229
53,0.060900,17.915401,2.000000,0.675569,0.650073,0.047722
53,0.062892,13.354969,1.000000,0.590551,0.619137,0.097845
53,0.049839,13.107119,1.000000,0.711622,0.471595,0.233823
53,0.060163,7.438068,0.000000,0.753508,0.697048,0.120861
54,0.065398,27.632399,5.000000,0.814061,0.405810,0.000000
54,0.040000,31.752838,5.000000,0.691024,0.400000,0.282305
54,0.048944,31.020899,5.000000,0.691539,0.400000,0.205272
54,0.062892,31.271317,5.000000,0.590551,0.619137,0.348843
54,0.058377,24.618116,4.000000,0.736409,0.400000,0.104937
54,0.059542,26.395638,4.000000,0.596737,0.597255,0.328522
54,0.064609,20.187746,3.000000,0.661920,0.400000,0.152518
54,0.048508,20.948841,3.000000,0.700900,0.422987,0.204433
54,0.049839,20.709410,3.000000,0.711622,0.471595,0.203629
54,0.063721,14.872192,2.000000,0.688019,0.620931,0.297448
54,0.065512,14.762726,2.000000,0.685755,0.671111,0.355584
54,0.040000,16.321175,2.000000,0.735532,0.464028,0.275623
54,0.050245,15.279429,2.000000,0.743409,0.427906,0.169457
54,0.055471,15.433922,2.000000,0.695851,0.400000,0.154537
54,0.060900,15.274910,2.000000,0.675569,0.650073,0.338273
54,0.056748,11.109787,1.000000,0.635020,0.406155,0.198843
55,0.065398,36.532879,6.000000,0.814061,0.405810,0.000000
55,0.049839,32.980927,5.000000,0.711622,0.471595,0.203629
55,0.052219,27.648499,4.000000,0.750265,0.400000,0.146603
55,0.055471,27.851257,4.000000,0.695851,0.400000,0.154537
55,0.050245,27.778564,4.000000,0.743409,0.427906,0.169457
55,0.048508,28.093576,4.000000,0.700900,0.422987,0.204433
55,0.054947,23.437138,3.000000,0.596268,0.558182,0.307625
55,0.051542,22.581909,3.000000,0.765792,0.447847,0.155854
55,0.040695,23.354868,3.000000,0.710858,0.400000,0.267818
55,0.063721,17.586914,2.000000,0.688019,0.620931,0.297448
55,0.065512,17.535400,2.000000,0.685755,0.671111,0.355584
55,0.064609,17.735403,2.000000,0.661920,0.400000,0.152518
55,0.063726,17.920036,2.000000,0.638743,0.581340,0.281350
55,0.062892,18.245300,2.000000,0.590551,0.619137,0.348843
55,0.059542,13.303802,1.000000,0.596737,0.597255,0.328522
55,0.058377,12.467377,1.000000,0.736409,0.400000,0.104937
55,0.060900,12.776428,1.000000,0.675569,0.650073,0.338273
55,0.065200,11.419708,1.000000,0.828497,0.400000,0.016281
55,0.040000,8.268768,0.000000,0.735532,0.464028,0.275623
55,0.056748,8.169312,0.000000,0.635020,0.406155,0.198843
55,0.048944,8.127472,0.000000,0.691539,0.400000,0.205272
55,0.040000,8.471954,0.000000,0.691024,0.400000,0.282305
56,0.065512,47.381363,8.000000,0.685755,0.671111,0.000000
56,0.051542,32.430779,5.000000,0.765792,0.447847,0.322192
56,0.063721,32.436096,5.000000,0.688019,0.620931,0.065272
56,0.058377,27.309061,4.000000,0.736409,0.400000,0.350002
56,0.055471,27.716961,4.000000,0.695851,0.400000,0.353596
56,0.064609,27.593866,4.000000,0.661920,0.400000,0.339846
56,0.040695,28.252045,4.000000,0.710858,0.400000,0.420787
56,0.065200,21.195967,3.000000,0.828497,0.400000,0.367737
56,0.065398,21.316204,3.000000,0.814061,0.405810,0.355584
56,0.059542,23.197811,3.000000,0.596737,0.597255,0.141462
56,0.052219,22.501530,3.000000,0.750265,0.400000,0.369700
56,0.054947,13.339487,1.000000,0.596268,0.558182,0.197728
56,0.048508,12.974447,1.000000,0.700900,0.422987,0.354030
56,0.063726,12.790014,1.000000,0.638743,0.581340,0.122967
56,0.062892,13.135632,1.000000,0.590551,0.619137,0.118199
56,0.050245,7.639692,0.000000,0.743409,0.427906,0.345037
56,0.060900,7.637458,0.000000,0.675569,0.650073,0.054053
56,0.049839,7.854733,0.000000,0.711622,0.471595,0.295687
57,0.064609,52.593838,9.000000,0.661920,0.400000,0.000000
57,0.065200,36.195961,6.000000,0.828497,0.400000,0.166682
57,0.048508,32.974457,5.000000,0.700900,0.422987,0.168131
57,0.065512,27.381363,4.000000,0.685755,0.671111,0.339846
57,0.051542,27.430779,4.000000,0.765792,0.447847,0.177317
57,0.059542,28.197819,4.000000,0.596737,0.597255,0.260024
57,0.063726,27.790035,4.000000,0.638743,0.581340,0.228028
57,0.062892,28.135632,4.000000,0.590551,0.619137,0.283586
57,0.058377,22.309061,3.000000,0.736409,0.400000,0.097119
57,0.063721,17.436096,2.000000,0.688019,0.620931,0.277536
57,0.040695,18.252048,2.000000,0.710858,0.400000,0.244093
57,0.065398,16.316204,2.000000,0.814061,0.405810,0.152518
57,0.055471,12.716961,1.000000,0.695851,0.400000,0.097479
57,0.052219,7.501530,0.000000,0.750265,0.400000,0.152174
57,0.054947,8.339487,0.000000,0.596268,0.558182,0.229656
58,0.063721,55.550873,10.000000,0.688019,0.620931,0.000000
58,0.065200,33.398849,6.000000,0.828497,0.400000,0.310192
58,0.055471,31.038221,5.000000,0.695851,0.400000,0.288330
58,0.062892,26.764772,4.000000,0.590551,0.619137,0.097845
58,0.058377,25.330423,4.000000,0.736409,0.400000,0.285417
58,0.065398,23.607531,4.000000,0.814061,0.405810,0.297448
58,0.048508,21.485016,3.000000,0.700900,0.422987,0.290739
58,0.065512,20.455894,3.000000,0.685755,0.671111,0.065272
58,0.051542,20.541645,3.000000,0.765792,0.447847,0.260174
58,0.059542,21.872692,3.000000,0.596737,0.597255,0.104665
58,0.063726,21.165077,3.000000,0.638743,0.581340,0.069837
58,0.064609,15.824647,2.000000,0.661920,0.400000,0.277536
58,0.040695,6.966816,0.000000,0.710858,0.400000,0.360285
59,0.051542,70.466141,13.000000,0.765792,0.447847,0.000000
59,0.063721,35.475464,6.000000,0.688019,0.620931,0.260174
59,0.065200,33.286999,6.000000,0.828497,0.400000,0.161750
59,0.065512,35.378876,6.000000,0.685755,0.671111,0.322192
59,0.065398,28.499166,5.000000,0.814061,0.405810,0.155854
59,0.058377,25.251280,4.000000,0.736409,0.400000,0.095460
59,0.063726,21.100069,3.000000,0.638743,0.581340,0.242554
59,0.064609,20.753885,3.000000,0.661920,0.400000,0.177317
59,0.059542,16.819660,2.000000,0.596737,0.597255,0.264307
59,0.062892,11.709938,1.000000,0.590551,0.619137,0.299058
59,0.048508,11.425495,1.000000,0.700900,0.422987,0.078082
59,0.055471,5.971107,0.000000,0.695851,0.400000,0.100061
60,0.065398,63.174126,12.000000,0.814061,0.405810,0.000000
60,0.058377,40.013912,7.000000,0.736409,0.400000,0.104937
60,0.063726,35.905087,6.000000,0.638743,0.581340,0.281350
60,0.065200,27.951330,5.000000,0.828497,0.400000,0.016281
60,0.063721,25.249237,4.000000,0.688019,0.620931,0.297448
60,0.062892,26.545435,4.000000,0.590551,0.619137,0.348843
60,0.051542,20.239384,3.000000,0.765792,0.447847,0.155854
60,0.065512,20.147820,3.000000,0.685755,0.671111,0.355584
60,0.048508,21.246727,3.000000,0.700900,0.422987,0.204433
60,0.059542,16.660667,2.000000,0.596737,0.597255,0.328522
60,0.064609,10.541533,1.000000,0.661920,0.400000,0.152518
61,0.065200,60.412746,11.000000,0.828497,0.400000,0.000000
61,0.065398,35.557739,6.000000,0.814061,0.405810,0.016281
61,0.063721,36.908234,6.000000,0.688019,0.620931,0.310192
61,0.064609,32.098457,5.000000,0.661920,0.400000,0.166682
61,0.067322,30.252781,5.000000,0.829428,0.400000,0.021247
61,0.062892,27.751791,4.000000,0.590551,0.619137,0.363571
61,0.065512,21.842232,3.000000,0.685755,0.671111,0.367737
61,0.067260,21.907051,3.000000,0.669801,0.596554,0.293213
61,0.051542,16.901821,2.000000,0.765792,0.447847,0.161750
61,0.048508,17.557388,2.000000,0.700900,0.422987,0.212055
61,0.059542,17.826765,2.000000,0.596737,0.597255,0.343089
61,0.063726,12.335017,1.000000,0.638743,0.581340,0.295983
61,0.058377,6.755076,0.000000,0.736409,0.400000,0.114608
61,0.069178,4.757177,0.000000,0.859875,0.400000,0.050671
61,0.065645,6.979286,0.000000,0.670026,0.400000,0.158534
62,0.067322,45.368523,8.000000,0.829428,0.400000,0.000000
62,0.065200,40.524628,7.000000,0.828497,0.400000,0.021247
62,0.062892,37.806686,6.000000,0.590551,0.619137,0.366139
62,0.063721,31.983643,5.000000,0.688019,0.620931,0.312346
62,0.048508,32.617001,5.000000,0.700900,0.422987,0.229658
62,0.064609,27.169260,4.000000,0.661920,0.400000,0.169692
62,0.065512,21.919250,3.000000,0.685755,0.671111,0.368532
62,0.051542,21.977386,3.000000,0.765792,0.447847,0.180360
62,0.063726,22.400024,3.000000,0.638743,0.581340,0.298389
62,0.065398,15.666122,2.000000,0.814061,0.405810,0.025676
62,0.067260,16.982492,2.000000,0.669801,0.596554,0.292995
62,0.059542,17.879784,2.000000,0.596737,0.597255,0.347844
63,0.067322,51.757977,9.000000,0.829428,0.400000,0.000000
63,0.065200,31.867260,5.000000,0.828497,0.400000,0.021247
63,0.070693,32.087498,5.000000,0.767176,0.400000,0.070792
63,0.063726,28.180029,4.000000,0.638743,0.581340,0.298389
63,0.065398,26.966286,4.000000,0.814061,0.405810,0.025676
63,0.051542,27.884171,4.000000,0.765792,0.447847,0.180360
63,0.065512,27.843475,4.000000,0.685755,0.671111,0.368532
63,0.063721,27.888550,4.000000,0.688019,0.620931,0.312346
63,0.048508,23.331873,3.000000,0.700900,0.422987,0.229658
63,0.054399,18.637037,2.000000,0.598266,0.613983,0.376408
63,0.069962,17.768654,2.000000,0.674998,0.577033,0.271137
63,0.050055,18.189526,2.000000,0.718825,0.431384,0.208779
63,0.064609,13.018459,1.000000,0.661920,0.400000,0.169692
63,0.060040,12.433132,1.000000,0.781504,0.467050,0.120931
63,0.067260,7.887722,0.000000,0.669801,0.596554,0.292995
63,0.059542,8.515827,0.000000,0.596737,0.597255,0.347844
63,0.062892,8.464638,0.000000,0.590551,0.619137,0.366139
64,0.048508,52.914875,9.000000,0.700900,0.422987,0.000000
64,0.067322,40.947483,7.000000,0.829428,0.400000,0.229658
64,0.065200,36.084053,6.000000,0.828497,0.400000,0.212055
64,0.051542,32.355213,5.000000,0.765792,0.447847,0.078082
64,0.063721,27.360687,4.000000,0.688019,0.620931,0.290739
64,0.054399,28.296303,4.000000,0.598266,0.613983,0.266465
64,0.065512,22.304344,3.000000,0.685755,0.671111,0.354030
64,0.050055,22.736923,3.000000,0.718825,0.431384,0.025899
64,0.060040,21.791389,3.000000,0.781504,0.467050,0.151096
64,0.065398,16.207857,2.000000,0.814061,0.405810,0.204433
64,0.069962,17.210817,2.000000,0.674998,0.577033,0.289443
64,0.070693,11.359363,1.000000,0.767176,0.400000,0.233315
64,0.064609,12.523074,1.000000,0.661920,0.400000,0.168131
64,0.063726,7.725015,0.000000,0.638743,0.581340,0.257300
65,0.060040,46.608032,8.000000,0.781504,0.467050,0.000000
65,0.065200,40.860298,7.000000,0.828497,0.400000,0.109064
65,0.051542,32.204082,5.000000,0.765792,0.447847,0.089699
65,0.063721,32.209869,5.000000,0.688019,0.620931,0.217008
65,0.065398,30.991131,5.000000,0.814061,0.405810,0.098946
65,0.048508,27.795698,4.000000,0.700900,0.422987,0.151096
65,0.067322,25.715925,4.000000,0.829428,0.400000,0.120931
65,0.054399,28.198944,4.000000,0.598266,0.613983,0.265503
65,0.065512,22.150307,3.000000,0.685755,0.671111,0.277894
65,0.070693,21.151352,3.000000,0.767176,0.400000,0.136302
65,0.050055,12.607577,1.000000,0.718825,0.431384,0.126044
65,0.069962,12.051435,1.000000,0.674998,0.577033,0.200220
65,0.064609,7.381540,0.000000,0.661920,0.400000,0.153010
66,0.067322,38.515938,7.000000,0.829428,0.400000,0.000000
66,0.060040,29.866222,5.000000,0.781504,0.467050,0.120931
66,0.063721,30.777100,5.000000,0.688019,0.620931,0.312346
66,0.065398,28.932566,5.000000,0.814061,0.405810,0.025676
66,0.048508,31.663795,5.000000,0.700900,0.422987,0.229658
66,0.065512,30.686951,5.000000,0.685755,0.671111,0.368532
66,0.065200,23.734533,4.000000,0.828497,0.400000,0.021247
66,0.051542,25.768341,4.000000,0.765792,0.447847,0.180360
66,0.054399,27.274069,4.000000,0.598266,0.613983,0.376408
66,0.070693,24.175030,4.000000,0.767176,0.400000,0.070792
66,0.069962,15.537308,2.000000,0.674998,0.577033,0.271137
66,0.050055,6.379048,0.000000,0.718825,0.431384,0.208779
67,0.065200,48.734482,9.000000,0.828497,0.400000,0.000000
67,0.065512,45.686951,8.000000,0.685755,0.671111,0.367737
67,0.063721,35.777100,6.000000,0.688019,0.620931,0.310192
67,0.067322,28.515974,5.000000,0.829428,0.400000,0.021247
67,0.051542,25.768341,4.000000,0.765792,0.447847,0.161750
67,0.054399,27.274088,4.000000,0.598266,0.613983,0.369076
67,0.060040,19.866238,3.000000,0.781504,0.467050,0.109064
67,0.065398,18.932571,3.000000,0.814061,0.405810,0.016281
67,0.070693,19.175028,3.000000,0.767176,0.400000,0.082330
67,0.069962,20.537308,3.000000,0.674998,0.577033,0.273496
67,0.048508,16.663754,2.000000,0.700900,0.422987,0.212055
68,0.065200,45.412750,8.000000,0.828497,0.400000,0.000000
68,0.054399,48.004280,8.000000,0.598266,0.613983,0.369076
68,0.063721,31.908234,5.000000,0.688019,0.620931,0.310192
68,0.058638,32.109173,5.000000,0.693521,0.679002,0.379674
68,0.064864,30.749142,5.000000,0.799604,0.400000,0.029088
68,0.069962,26.732672,4.000000,0.674998,0.577033,0.273496
68,0.065512,21.842232,3.000000,0.685755,0.671111,0.367737
68,0.067322,20.252785,3.000000,0.829428,0.400000,0.021247
68,0.051542,16.901821,2.000000,0.765792,0.447847,0.161750
68,0.060040,16.241341,2.000000,0.781504,0.467050,0.109064
68,0.070693,15.735280,2.000000,0.767176,0.400000,0.082330
68,0.062224,17.222057,2.000000,0.659963,0.697390,0.409241
68,0.065398,10.557775,1.000000,0.814061,0.405810,0.016281
68,0.048508,7.557418,0.000000,0.700900,0.422987,0.212055
68,0.067065,5.585157,0.000000,0.801397,0.418314,0.040080
69,0.069962,48.544937,9.000000,0.674998,0.577033,0.000000
69,0.065398,36.223789,7.000000,0.814061,0.405810,0.259288
69,0.051542,33.879208,6.000000,0.765792,0.447847,0.261251
69,0.060040,27.574345,5.000000,0.781504,0.467050,0.200220
69,0.063721,23.891876,4.000000,0.688019,0.620931,0.084122
69,0.065512,23.761482,4.000000,0.685755,0.671111,0.126198
69,0.065200,15.937461,3.000000,0.828497,0.400000,0.273496
69,0.067322,15.621357,3.000000,0.829428,0.400000,0.271137
69,0.062224,19.511877,3.000000,0.659963,0.697390,0.169850
69,0.058638,14.288815,2.000000,0.693521,0.679002,0.171503
69,0.064864,11.601995,2.000000,0.799604,0.400000,0.259029
69,0.054399,11.057204,1.000000,0.598266,0.613983,0.179563
69,0.070693,6.574525,1.000000,0.767176,0.400000,0.239833
70,0.063721,37.209869,6.000000,0.688019,0.620931,0.000000
70,0.069962,32.051418,5.000000,0.674998,0.577033,0.084122
70,0.062668,31.701893,5.000000,0.754292,0.706384,0.126145
70,0.060040,26.608036,4.000000,0.781504,0.467050,0.217008
70,0.062224,27.493082,4.000000,0.659963,0.697390,0.100726
70,0.065398,20.991163,3.000000,0.814061,0.405810,0.297448
70,0.065200,20.860317,3.000000,0.828497,0.400000,0.310192
70,0.065512,22.150307,3.000000,0.685755,0.671111,0.065272
70,0.051542,22.204082,3.000000,0.765792,0.447847,0.260174
70,0.058638,17.391172,2.000000,0.693521,0.679002,0.088783
70,0.054399,18.198948,2.000000,0.598266,0.613983,0.129693
70,0.069866,15.896879,2.000000,0.796805,0.400000,0.303113
70,0.054583,17.500261,2.000000,0.703640,0.412081,0.277034
70,0.060097,16.716114,2.000000,0.768591,0.484643,0.191903
70,0.071494,16.772112,2.000000,0.698642,0.672796,0.101776
70,0.067322,10.715898,1.000000,0.829428,0.400000,0.312346
70,0.064864,11.163888,1.000000,0.799604,0.400000,0.298074
70,0.070693,6.151326,0.000000,0.767176,0.400000,0.295625
70,0.076143,6.265335,0.000000,0.728181,0.522647,0.179272
71,0.071494,47.121033,8.000000,0.698642,0.672796,0.000000
71,0.065398,41.424522,7.000000,0.814061,0.405810,0.358350
71,0.060040,36.974743,6.000000,0.781504,0.467050,0.293473
71,0.067322,31.179070,5.000000,0.829428,0.400000,0.367590
71,0.051542,27.506344,4.000000,0.765792,0.447847,0.351260
71,0.063721,22.511505,3.000000,0.688019,0.620931,0.101776
71,0.065200,21.307850,3.000000,0.828497,0.400000,0.370272
71,0.060097,22.071152,3.000000,0.768591,0.484643,0.270547
71,0.064864,16.578585,2.000000,0.799604,0.400000,0.361755
71,0.054583,17.770504,2.000000,0.703640,0.412081,0.367193
71,0.069866,16.340460,2.000000,0.796805,0.400000,0.355216
71,0.058638,17.673204,2.000000,0.693521,0.679002,0.128891
71,0.054399,13.393676,1.000000,0.598266,0.613983,0.211431
71,0.065512,12.458382,1.000000,0.685755,0.671111,0.061230
71,0.069962,12.370199,1.000000,0.674998,0.577033,0.122974
71,0.062224,7.764123,0.000000,0.659963,0.697390,0.105046
71,0.062668,7.058450,0.000000,0.754292,0.706384,0.112471
72,0.069866,36.894951,6.000000,0.796805,0.400000,0.000000
72,0.067322,31.757978,5.000000,0.829428,0.400000,0.041369
72,0.060097,32.514923,5.000000,0.768591,0.484643,0.146744
72,0.071494,27.557274,4.000000,0.698642,0.672796,0.355216
72,0.065200,26.867271,4.000000,0.828497,0.400000,0.056410
72,0.064864,27.096977,4.000000,0.799604,0.400000,0.050105
72,0.065512,27.843475,4.000000,0.685755,0.671111,0.359269
72,0.060040,22.433119,3.000000,0.781504,0.467050,0.130053
72,0.063721,22.888550,3.000000,0.688019,0.620931,0.303113
72,0.054583,23.108309,3.000000,0.703640,0.412081,0.179629
72,0.058638,23.025759,3.000000,0.693521,0.679002,0.380661
72,0.065398,16.966286,2.000000,0.814061,0.405810,0.048447
72,0.051542,17.884171,2.000000,0.765792,0.447847,0.195238
72,0.054399,13.637058,1.000000,0.598266,0.613983,0.367269
72,0.069962,12.768654,1.000000,0.674998,0.577033,0.252602
73,0.071770,35.810101,6.000000,0.841206,0.400000,0.000000
73,0.067322,31.179070,5.000000,0.829428,0.400000,0.046012
73,0.069962,27.370199,4.000000,0.674998,0.577033,0.277347
73,0.063721,27.511505,4.000000,0.688019,0.620931,0.325902
73,0.064864,26.578575,4.000000,0.799604,0.400000,0.080628
73,0.065398,21.424551,3.000000,0.814061,0.405810,0.069644
73,0.065512,17.458382,2.000000,0.685755,0.671111,0.378058
73,0.060040,16.974741,2.000000,0.781504,0.467050,0.156039
73,0.058638,17.673225,2.000000,0.693521,0.679002,0.400854
73,0.069866,16.340460,2.000000,0.796805,0.400000,0.048311
73,0.051542,17.506344,2.000000,0.765792,0.447847,0.224018
73,0.071494,17.121073,2.000000,0.698642,0.672796,0.369607
73,0.060097,17.071152,2.000000,0.768591,0.484643,0.173474
73,0.056184,17.280569,2.000000,0.765957,0.480367,0.200116
73,0.060192,17.129255,2.000000,0.760329,0.400000,0.141234
73,0.065200,11.307824,1.000000,0.828497,0.400000,0.066924
73,0.054583,12.770482,1.000000,0.703640,0.412081,0.220666
73,0.070502,11.245568,1.000000,0.803425,0.400000,0.039853
73,0.068081,12.392009,1.000000,0.681420,0.684757,0.391907
73,0.066266,11.498571,1.000000,0.800298,0.400000,0.068584
73,0.073678,11.570074,1.000000,0.751185,0.606290,0.273789
73,0.054399,8.393676,0.000000,0.598266,0.613983,0.400926
74,0.067322,36.989563,6.000000,0.829428,0.400000,0.000000
74,0.073678,37.297653,6.000000,0.751185,0.606290,0.276865
74,0.071770,36.698853,6.000000,0.841206,0.400000,0.046012
74,0.070502,27.041952,4.000000,0.803425,0.400000,0.041073
74,0.065398,22.182980,3.000000,0.814061,0.405810,0.025676
74,0.065200,22.091026,3.000000,0.828497,0.400000,0.021247
74,0.060097,22.692417,3.000000,0.768591,0.484643,0.141831
74,0.051542,23.035301,3.000000,0.765792,0.447847,0.180360
74,0.071494,17.731754,2.000000,0.698642,0.672796,0.367590
74,0.068081,17.945206,2.000000,0.681420,0.684757,0.385567
74,0.060192,17.738201,2.000000,0.760329,0.400000,0.099293
74,0.069866,17.116726,2.000000,0.796805,0.400000,0.041369
74,0.063721,18.039368,2.000000,0.688019,0.620931,0.312346
74,0.069962,12.928036,1.000000,0.674998,0.577033,0.271137
74,0.056184,12.857418,1.000000,0.765957,0.480367,0.162869
74,0.060040,12.616480,1.000000,0.781504,0.467050,0.120931
74,0.065512,12.997513,1.000000,0.685755,0.671111,0.368532
74,0.064864,12.304354,1.000000,0.799604,0.400000,0.038653
74,0.066266,12.241299,1.000000,0.800298,0.400000,0.030989
74,0.058638,8.166792,0.000000,0.693521,0.679002,0.384240
74,0.054583,8.243410,0.000000,0.703640,0.412081,0.179668
75,0.067322,41.410618,7.000000,0.829428,0.400000,0.000000
75,0.069866,31.562250,5.000000,0.796805,0.400000,0.041369
75,0.064864,26.785934,4.000000,0.799604,0.400000,0.038653
75,0.071494,27.295553,4.000000,0.698642,0.672796,0.367590
75,0.073678,21.777948,3.000000,0.751185,0.606290,0.276865
75,0.065398,21.641245,3.000000,0.814061,0.405810,0.025676
75,0.065200,21.531620,3.000000,0.828497,0.400000,0.021247
75,0.056184,22.445383,3.000000,0.765957,0.480367,0.162869
75,0.066266,16.710779,2.000000,0.800298,0.400000,0.030989
75,0.065512,17.612419,2.000000,0.685755,0.671111,0.368532
75,0.069962,17.529581,2.000000,0.674998,0.577033,0.271137
75,0.063721,17.662323,2.000000,0.688019,0.620931,0.312346
75,0.060192,17.303240,2.000000,0.760329,0.400000,0.099293
75,0.068081,17.550041,2.000000,0.681420,0.684757,0.385567
75,0.060097,17.248661,2.000000,0.768591,0.484643,0.141831
75,0.071770,16.064039,2.000000,0.841206,0.400000,0.046012
75,0.051542,12.657475,1.000000,0.765792,0.447847,0.180360
75,0.070502,11.473115,1.000000,0.803425,0.400000,0.041073
75,0.060040,7.158111,0.000000,0.781504,0.467050,0.120931
76,0.071494,42.033787,7.000000,0.698642,0.672796,0.000000
76,0.067322,36.063248,6.000000,0.829428,0.400000,0.367590
76,0.065398,36.316158,6.000000,0.814061,0.405810,0.358350
76,0.065512,37.381363,6.000000,0.685755,0.671111,0.061230
76,0.060097,31.982403,5.000000,0.768591,0.484643,0.270547
76,0.064864,26.474903,4.000000,0.799604,0.400000,0.361755
76,0.073678,26.466137,4.000000,0.751185,0.606290,0.100742
76,0.056184,17.198162,2.000000,0.765957,0.480367,0.292962
76,0.069962,17.290508,2.000000,0.674998,0.577033,0.122974
76,0.063721,17.436096,2.000000,0.688019,0.620931,0.101776
76,0.060192,17.042263,2.000000,0.760329,0.400000,0.364494
76,0.070502,11.131804,1.000000,0.803425,0.400000,0.356869
76,0.068081,12.312979,1.000000,0.681420,0.684757,0.041051
76,0.066266,11.392467,1.000000,0.800298,0.400000,0.359646
76,0.065200,11.195940,1.000000,0.828497,0.400000,0.370272
76,0.071770,5.683140,0.000000,0.841206,0.400000,0.369607
76,0.051542,7.430782,0.000000,0.765792,0.447847,0.351260
76,0.069866,6.229565,0.000000,0.796805,0.400000,0.355216
77,0.067322,40.831696,7.000000,0.829428,0.400000,0.000000
77,0.064864,41.267536,7.000000,0.799604,0.400000,0.038653
77,0.060192,36.868244,6.000000,0.760329,0.400000,0.099293
77,0.065398,31.099501,5.000000,0.814061,0.405810,0.025676
77,0.060097,31.804890,5.000000,0.768591,0.484643,0.141831
77,0.070502,25.904234,4.000000,0.803425,0.400000,0.041073
77,0.073678,21.258263,3.000000,0.751185,0.606290,0.276865
77,0.056184,22.033348,3.000000,0.765957,0.480367,0.162869
77,0.066266,21.180260,3.000000,0.800298,0.400000,0.030989
77,0.065200,20.972198,3.000000,0.828497,0.400000,0.021247
77,0.071494,11.859352,1.000000,0.698642,0.672796,0.367590
77,0.065512,12.227325,1.000000,0.685755,0.671111,0.368532
77,0.069962,12.131126,1.000000,0.674998,0.577033,0.271137
77,0.063721,12.285278,1.000000,0.688019,0.620931,0.312346
77,0.068081,7.154919,0.000000,0.681420,0.684757,0.385567
78,0.060097,49.142315,9.000000,0.768591,0.484643,0.000000
78,0.064864,38.157166,7.000000,0.799604,0.400000,0.120117
78,0.056184,34.561062,6.000000,0.765957,0.480367,0.039580
78,0.065398,27.849102,5.000000,0.814061,0.405810,0.120779
78,0.066266,27.997150,5.000000,0.800298,0.400000,0.126509
78,0.073678,23.140148,4.000000,0.751185,0.606290,0.204616
78,0.065200,17.615707,3.000000,0.828497,0.400000,0.131859
78,0.063721,20.023010,3.000000,0.688019,0.620931,0.191903
78,0.067322,12.358103,2.000000,0.829428,0.400000,0.141831
78,0.071494,14.242146,2.000000,0.698642,0.672796,0.270547
78,0.060192,9.258511,1.000000,0.760329,0.400000,0.106130
78,0.070502,7.491146,1.000000,0.803425,0.400000,0.152424
78,0.065512,9.916763,1.000000,0.685755,0.671111,0.253223
78,0.069962,9.740398,1.000000,0.674998,0.577033,0.178406
79,0.064864,42.096977,7.000000,0.799604,0.400000,0.000000
79,0.073678,42.089806,7.000000,0.751185,0.606290,0.276778
79,0.065398,36.966274,6.000000,0.814061,0.405810,0.017038
79,0.063013,31.944910,5.000000,0.832240,0.478537,0.105096
79,0.060097,27.514912,4.000000,0.768591,0.484643,0.120117
79,0.071494,22.557274,3.000000,0.698642,0.672796,0.361755
79,0.056184,17.692604,2.000000,0.765957,0.480367,0.136957
79,0.065200,16.867270,2.000000,0.828497,0.400000,0.029088
79,0.061556,17.414267,2.000000,0.774655,0.441495,0.066385
79,0.067853,16.600349,2.000000,0.846025,0.400000,0.055213
79,0.070502,16.814425,2.000000,0.803425,0.400000,0.056510
79,0.058427,17.701464,2.000000,0.749671,0.400000,0.081463
79,0.075278,12.203808,1.000000,0.728452,0.641380,0.327026
79,0.061042,12.738079,1.000000,0.727575,0.471187,0.120694
79,0.069962,12.768654,1.000000,0.674998,0.577033,0.259029
79,0.065512,12.843475,1.000000,0.685755,0.671111,0.357560
79,0.060192,12.564217,1.000000,0.760329,0.400000,0.061033
79,0.063721,12.888550,1.000000,0.688019,0.620931,0.298074
79,0.067322,6.757977,0.000000,0.829428,0.400000,0.038653
79,0.066266,7.029091,0.000000,0.800298,0.400000,0.014035
80,0.067853,41.357555,7.000000,0.846025,0.400000,0.000000
80,0.058427,37.537254,6.000000,0.749671,0.400000,0.134792
80,0.071494,37.382774,6.000000,0.698642,0.672796,0.373263
80,0.073678,31.881886,5.000000,0.751185,0.606290,0.280857
80,0.065398,26.749592,4.000000,0.814061,0.405810,0.040953
80,0.063013,21.726700,3.000000,0.832240,0.478537,0.110318
80,0.061556,22.229570,3.000000,0.774655,0.441495,0.108395
80,0.064864,21.889614,3.000000,0.799604,0.400000,0.055213
80,0.061042,22.576496,3.000000,0.727575,0.471187,0.163058
80,0.060192,22.390232,3.000000,0.760329,0.400000,0.114947
80,0.065200,16.643488,2.000000,0.828497,0.400000,0.031799
80,0.069962,17.609272,2.000000,0.674998,0.577033,0.280473
80,0.060097,12.337389,1.000000,0.768591,0.484643,0.152334
80,0.075278,12.004080,1.000000,0.728452,0.641380,0.332226
80,0.063721,12.737732,1.000000,0.688019,0.620931,0.320842
80,0.056184,7.527790,0.000000,0.765957,0.480367,0.173546
80,0.070502,6.586879,0.000000,0.803425,0.400000,0.050164
80,0.065512,7.689438,0.000000,0.685755,0.671111,0.375607
81,0.063013,58.780655,11.000000,0.832240,0.478537,0.000000
81,0.061556,29.736197,5.000000,0.774655,0.441495,0.075315
81,0.075278,29.307705,5.000000,0.728452,0.641380,0.259325
81,0.065398,23.824224,4.000000,0.814061,0.405810,0.095727
81,0.061042,25.395329,4.000000,0.727575,0.471187,0.106902
81,0.071494,20.027308,3.000000,0.698642,0.672796,0.289835
81,0.073678,19.075583,3.000000,0.751185,0.606290,0.208435
81,0.065200,18.622654,3.000000,0.828497,0.400000,0.100646
81,0.060097,19.941082,3.000000,0.768591,0.484643,0.070425
81,0.067853,13.079283,2.000000,0.846025,0.400000,0.110318
81,0.069962,15.457617,2.000000,0.674998,0.577033,0.211455
81,0.063721,15.701691,2.000000,0.688019,0.620931,0.229197
81,0.058427,10.320794,1.000000,0.749671,0.400000,0.136229
81,0.064864,9.090314,1.000000,0.799604,0.400000,0.105096
81,0.060192,10.041441,1.000000,0.760329,0.400000,0.124918
82,0.060192,40.215355,7.000000,0.760329,0.400000,0.000000
82,0.063013,28.998936,5.000000,0.832240,0.478537,0.124918
82,0.064522,27.855082,5.000000,0.897416,0.538563,0.225093
82,0.066184,23.614897,4.000000,0.837641,0.473768,0.134425
82,0.071494,25.201788,4.000000,0.698642,0.672796,0.364494
82,0.060097,25.118597,4.000000,0.768591,0.484643,0.106130
82,0.073678,19.283457,3.000000,0.751185,0.606290,0.291141
82,0.067853,18.322115,3.000000,0.846025,0.400000,0.114947
82,0.066272,15.861740,2.000000,0.673892,0.406787,0.106019
82,0.068800,15.765026,2.000000,0.669082,0.598217,0.277715
82,0.061042,15.556904,2.000000,0.727575,0.471187,0.095200
82,0.058427,15.485013,2.000000,0.749671,0.400000,0.020617
82,0.069962,10.616999,1.000000,0.674998,0.577033,0.256509
82,0.062573,9.724159,1.000000,0.783067,0.509528,0.140813
82,0.064864,9.297671,1.000000,0.799604,0.400000,0.061033
82,0.063721,10.852509,1.000000,0.688019,0.620931,0.287645
82,0.065200,8.846374,1.000000,0.828497,0.400000,0.084586
82,0.065398,9.040918,1.000000,0.814061,0.405810,0.075167
82,0.075278,9.507480,1.000000,0.728452,0.641380,0.338840
82,0.061556,4.920891,0.000000,0.774655,0.441495,0.055512
83,0.065398,41.857899,7.000000,0.814061,0.405810,0.000000
83,0.064864,41.993294,7.000000,0.799604,0.400000,0.017038
83,0.064522,36.232689,6.000000,0.897416,0.538563,0.185906
83,0.071494,32.470016,5.000000,0.698642,0.672796,0.358350
83,0.060192,27.477224,4.000000,0.760329,0.400000,0.075167
83,0.060097,22.426159,3.000000,0.768591,0.484643,0.120779
83,0.061042,22.657278,3.000000,0.727575,0.471187,0.126712
83,0.065200,21.755386,3.000000,0.828497,0.400000,0.016281
83,0.066184,16.633308,2.000000,0.837641,0.473768,0.088509
83,0.073678,16.985823,2.000000,0.751185,0.606290,0.271310
83,0.066272,17.818008,2.000000,0.673892,0.406787,0.140446
83,0.068800,12.767037,1.000000,0.669082,0.598217,0.282879
83,0.075278,12.103944,1.000000,0.728452,0.641380,0.322177
83,0.069962,12.688963,1.000000,0.674998,0.577033,0.259288
83,0.058427,12.619351,1.000000,0.749671,0.400000,0.095174
83,0.067853,11.478933,1.000000,0.846025,0.400000,0.040953
83,0.063013,11.835786,1.000000,0.832240,0.478537,0.095727
83,0.062573,7.218197,0.000000,0.783067,0.509528,0.136260
83,0.063721,7.813142,0.000000,0.688019,0.620931,0.297448
84,0.063013,36.617580,6.000000,0.832240,0.478537,0.000000
84,0.061042,37.495705,6.000000,0.727575,0.471187,0.106902
84,0.071494,32.295521,5.000000,0.698642,0.672796,0.289835
84,0.064864,21.785934,3.000000,0.799604,0.400000,0.105096
84,0.067853,21.236101,3.000000,0.846025,0.400000,0.110318
84,0.058427,22.455193,3.000000,0.749671,0.400000,0.136229
84,0.069962,22.529581,3.000000,0.674998,0.577033,0.211455
84,0.075278,21.904209,3.000000,0.728452,0.641380,0.259325
84,0.060097,22.248657,3.000000,0.768591,0.484643,0.070425
84,0.060192,22.303240,3.000000,0.760329,0.400000,0.124918
84,0.064522,20.972864,3.000000,0.897416,0.538563,0.100526
84,0.065398,21.641245,3.000000,0.814061,0.405810,0.095727
84,0.066184,16.401119,2.000000,0.837641,0.473768,0.032712
84,0.068800,17.613033,2.000000,0.669082,0.598217,0.228800
84,0.073678,11.777948,1.000000,0.751185,0.606290,0.208435
84,0.065200,11.531592,1.000000,0.828497,0.400000,0.100646
84,0.066272,7.667529,0.000000,0.673892,0.406787,0.184879
85,0.060097,42.692425,7.000000,0.768591,0.484643,0.000000
85,0.060192,37.738178,6.000000,0.760329,0.400000,0.106130
85,0.063013,32.163124,5.000000,0.832240,0.478537,0.070425
85,0.064864,32.304333,5.000000,0.799604,0.400000,0.120117
85,0.064522,31.622404,5.000000,0.897416,0.538563,0.151974
85,0.069962,27.928036,4.000000,0.674998,0.577033,0.178406
85,0.058427,22.865648,3.000000,0.749671,0.400000,0.108772
85,0.075278,22.403515,3.000000,0.728452,0.641380,0.251080
85,0.073678,22.297634,3.000000,0.751185,0.606290,0.204616
85,0.061042,17.899628,2.000000,0.727575,0.471187,0.045326
85,0.067853,16.843182,2.000000,0.846025,0.400000,0.152334
85,0.066184,16.981571,2.000000,0.837641,0.473768,0.093044
85,0.065200,17.091032,2.000000,0.828497,0.400000,0.131859
85,0.065398,12.182980,1.000000,0.814061,0.405810,0.120779
85,0.071494,7.731752,0.000000,0.698642,0.672796,0.270547
85,0.068800,7.998033,0.000000,0.669082,0.598217,0.193984
86,0.064864,45.438099,8.000000,0.799604,0.400000,0.000000
86,0.069962,36.493546,6.000000,0.674998,0.577033,0.259029
86,0.073678,35.426819,6.000000,0.751185,0.606290,0.276778
86,0.061042,36.445511,6.000000,0.727575,0.471187,0.120694
86,0.064522,29.284071,5.000000,0.897416,0.538563,0.198943
86,0.066184,24.891918,4.000000,0.837641,0.473768,0.100617
86,0.060097,21.094841,3.000000,0.768591,0.484643,0.120117
86,0.060192,21.172340,3.000000,0.760329,0.400000,0.061033
86,0.063013,20.199160,3.000000,0.832240,0.478537,0.105096
86,0.065398,20.232735,3.000000,0.814061,0.405810,0.017038
86,0.058427,11.387981,1.000000,0.749671,0.400000,0.081463
86,0.075278,10.605984,1.000000,0.728452,0.641380,0.327026
86,0.067853,9.657700,1.000000,0.846025,0.400000,0.055213
86,0.065200,5.077099,0.000000,0.828497,0.400000,0.029088
87,0.066184,35.588478,6.000000,0.837641,0.473768,0.000000
87,0.060192,31.694248,5.000000,0.760329,0.400000,0.134425
87,0.064864,26.060184,4.000000,0.799604,0.400000,0.100617
87,0.069962,26.971745,4.000000,0.674998,0.577033,0.211050
87,0.073678,26.050388,4.000000,0.751185,0.606290,0.201324
87,0.061042,26.930218,4.000000,0.727575,0.471187,0.121528
87,0.060097,26.627392,4.000000,0.768591,0.484643,0.093044
87,0.075278,26.205139,4.000000,0.728452,0.641380,0.253158
87,0.067853,25.386189,4.000000,0.846025,0.400000,0.094083
87,0.064522,20.063511,3.000000,0.897416,0.538563,0.102025
87,0.063013,20.853815,3.000000,0.832240,0.478537,0.032712
87,0.058427,21.880566,3.000000,0.749671,0.400000,0.149191
87,0.065398,15.882816,2.000000,0.814061,0.405810,0.088509
88,0.067853,32.086025,5.000000,0.846025,0.400000,0.000000
88,0.065166,33.204559,5.000000,0.677640,0.556667,0.259666
88,0.066184,32.213764,5.000000,0.837641,0.473768,0.094083
88,0.061042,28.061199,4.000000,0.727575,0.471187,0.163058
88,0.064522,26.882217,4.000000,0.897416,0.538563,0.183712
88,0.065937,27.497406,4.000000,0.795343,0.578008,0.229011
88,0.060192,27.912186,4.000000,0.760329,0.400000,0.114947
88,0.069962,23.087418,3.000000,0.674998,0.577033,0.280473
88,0.073678,22.505508,3.000000,0.751185,0.606290,0.280857
88,0.064797,23.053446,3.000000,0.707588,0.498298,0.187607
88,0.065398,22.399673,3.000000,0.814061,0.405810,0.040953
88,0.076977,17.388733,2.000000,0.751917,0.593168,0.274743
88,0.072788,16.855127,2.000000,0.848588,0.445822,0.075647
88,0.075278,12.603264,1.000000,0.728452,0.641380,0.332226
88,0.063013,12.381340,1.000000,0.832240,0.478537,0.110318
88,0.059758,13.173363,1.000000,0.713764,0.455259,0.169758
88,0.060178,7.401802,0.000000,0.848283,0.458245,0.105812
88,0.059618,7.455775,0.000000,0.843358,0.459254,0.110788
88,0.052170,8.421768,0.000000,0.710062,0.400000,0.207557
88,0.058427,8.029808,0.000000,0.749671,0.400000,0.134792
88,0.060097,7.869911,0.000000,0.768591,0.484643,0.152334
88,0.064864,7.511709,0.000000,0.799604,0.400000,0.055213
89,0.061042,42.253353,7.000000,0.727575,0.471187,0.000000
89,0.067853,35.871857,6.000000,0.846025,0.400000,0.163058
89,0.066184,36.052845,6.000000,0.837641,0.473768,0.121528
89,0.065937,36.454659,6.000000,0.795343,0.578008,0.157538
89,0.064797,32.242344,5.000000,0.707588,0.498298,0.054390
89,0.072788,25.544767,4.000000,0.848588,0.445822,0.171599
89,0.059758,27.412239,4.000000,0.713764,0.455259,0.027422
89,0.069962,22.290508,3.000000,0.674998,0.577033,0.168011
89,0.073678,21.466137,3.000000,0.751185,0.606290,0.212238
89,0.065398,16.316204,2.000000,0.814061,0.405810,0.126712
89,0.076977,16.300705,2.000000,0.751917,0.593168,0.221889
89,0.065166,12.456459,1.000000,0.677640,0.556667,0.124945
89,0.075278,11.604624,1.000000,0.728452,0.641380,0.255983
89,0.064522,5.583150,0.000000,0.897416,0.538563,0.192744
89,0.060192,7.042263,0.000000,0.760329,0.400000,0.095200
89,0.063013,6.290232,0.000000,0.832240,0.478537,0.106902
90,0.061042,43.537300,8.000000,0.727575,0.471187,0.000000
90,0.073678,41.685135,8.000000,0.751185,0.606290,0.212238
90,0.066184,35.712570,7.000000,0.837641,0.473768,0.121528
90,0.067853,30.286783,6.000000,0.846025,0.400000,0.163058
90,0.065937,21.658020,4.000000,0.795343,0.578008,0.157538
90,0.069962,18.624725,3.000000,0.674998,0.577033,0.168011
90,0.076977,16.295776,3.000000,0.751917,0.593168,0.221889
90,0.075278,17.010807,3.000000,0.728452,0.641380,0.255983
90,0.072788,9.517111,2.000000,0.848588,0.445822,0.171599
90,0.059758,13.911167,2.000000,0.713764,0.455259,0.027422
90,0.065166,14.015198,2.000000,0.677640,0.556667,0.124945
90,0.064797,8.511429,1.000000,0.707588,0.498298,0.054390
90,0.065398,6.332221,1.000000,0.814061,0.405810,0.126712
91,0.074477,31.723890,6.000000,0.860704,0.404792,0.000000
91,0.074006,32.463127,6.000000,0.823983,0.550821,0.186254
91,0.066184,28.034431,5.000000,0.837641,0.473768,0.121837
91,0.067853,22.715034,4.000000,0.846025,0.400000,0.068115
91,0.075278,24.008102,4.000000,0.728452,0.641380,0.324058
91,0.072788,22.137796,4.000000,0.848588,0.445822,0.055342
91,0.065937,18.743515,3.000000,0.795343,0.578008,0.241758
91,0.065398,18.499184,3.000000,0.814061,0.405810,0.102083
91,0.064797,20.133621,3.000000,0.707588,0.498298,0.215585
91,0.073678,13.763771,2.000000,0.751185,0.606290,0.274769
91,0.073304,13.394901,2.000000,0.775051,0.630419,0.294987
91,0.054321,14.842834,2.000000,0.795561,0.406219,0.211832
91,0.076977,13.471832,2.000000,0.751917,0.593168,0.260587
91,0.065166,10.511398,1.000000,0.677640,0.556667,0.279685
91,0.060170,7.489817,1.000000,0.912197,0.536240,0.223873
91,0.069962,10.218544,1.000000,0.674998,0.577033,0.287889
91,0.061042,10.153027,1.000000,0.727575,0.471187,0.206551
91,0.059758,5.433391,0.000000,0.713764,0.455259,0.217343
92,0.074477,52.137684,10.000000,0.860704,0.404792,0.000000
92,0.075278,44.307701,8.000000,0.728452,0.641380,0.324058
92,0.066184,23.382713,4.000000,0.837641,0.473768,0.121837
92,0.065937,24.056339,4.000000,0.795343,0.578008,0.241758
92,0.060170,22.865324,4.000000,0.912197,0.536240,0.223873
92,0.074006,17.839897,3.000000,0.823983,0.550821,0.186254
92,0.072788,17.530907,3.000000,0.848588,0.445822,0.055342
92,0.065398,18.824224,3.000000,0.814061,0.405810,0.102083
92,0.073678,19.075583,3.000000,0.751185,0.606290,0.274769
92,0.061042,15.395332,2.000000,0.727575,0.471187,0.206551
92,0.065166,15.735828,2.000000,0.677640,0.556667,0.279685
92,0.064797,15.376936,2.000000,0.707588,0.498298,0.215585
92,0.054321,10.100693,1.000000,0.795561,0.406219,0.211832
92,0.076977,8.798241,1.000000,0.751917,0.593168,0.260587
92,0.073304,3.725145,0.000000,0.775051,0.630419,0.294987
92,0.069962,5.457617,0.000000,0.674998,0.577033,0.287889
92,0.067853,3.079300,0.000000,0.846025,0.400000,0.068115
93,0.073678,46.881912,8.000000,0.751185,0.606290,0.000000
93,0.074006,36.231541,6.000000,0.823983,0.550821,0.100587
93,0.066184,31.517202,5.000000,0.837641,0.473768,0.201324
93,0.065937,31.871758,5.000000,0.795343,0.578008,0.095875
93,0.060170,31.244921,5.000000,0.912197,0.536240,0.227680
93,0.072788,26.068899,4.000000,0.848588,0.445822,0.223160
93,0.074477,20.861979,3.000000,0.860704,0.404792,0.274769
93,0.075278,22.004066,3.000000,0.728452,0.641380,0.051930
93,0.054321,22.421417,3.000000,0.795561,0.406219,0.319344
93,0.065166,17.755699,2.000000,0.677640,0.556667,0.128459
93,0.064797,17.566793,2.000000,0.707588,0.498298,0.167360
93,0.076977,16.735916,2.000000,0.751917,0.593168,0.036848
93,0.065398,11.749592,1.000000,0.814061,0.405810,0.271310
93,0.061042,12.576513,1.000000,0.727575,0.471187,0.212238
94,0.063692,37.109463,6.000000,0.888410,0.445564,0.000000
94,0.080722,31.994621,5.000000,0.804676,0.615296,0.284653
94,0.074477,31.827515,5.000000,0.860704,0.404792,0.122464
94,0.066184,27.329857,4.000000,0.837641,0.473768,0.066643
94,0.072788,26.986164,4.000000,0.848588,0.445822,0.099292
94,0.064797,28.134548,4.000000,0.707588,0.498298,0.192779
94,0.054321,28.023087,4.000000,0.795561,0.406219,0.140785
94,0.074006,22.110844,3.000000,0.823983,0.550821,0.179163
94,0.076977,22.497536,3.000000,0.751917,0.593168,0.265181
94,0.065166,23.279369,3.000000,0.677640,0.556667,0.252840
94,0.075278,17.703114,2.000000,0.728452,0.641380,0.314519
94,0.065398,17.508020,2.000000,0.814061,0.405810,0.091039
94,0.080511,16.302549,2.000000,0.893693,0.456387,0.168818
94,0.060170,12.121096,1.000000,0.912197,0.536240,0.121051
94,0.067898,13.159366,1.000000,0.686629,0.644329,0.322823
94,0.063209,12.390693,1.000000,0.847307,0.572632,0.164138
94,0.061042,8.141994,0.000000,0.727575,0.471187,0.166121
94,0.065937,7.601681,0.000000,0.795343,0.578008,0.191242
94,0.073678,7.609446,0.000000,0.751185,0.606290,0.262994
94,0.059545,7.656342,0.000000,0.827355,0.610641,0.219150
95,0.072788,33.730968,7.000000,0.848588,0.445822,0.000000
95,0.054321,37.608063,7.000000,0.795561,0.406219,0.198400
95,0.067898,33.117569,6.000000,0.686629,0.644329,0.300320
95,0.065166,28.566338,5.000000,0.677640,0.556667,0.232873
95,0.080511,16.174736,4.000000,0.893693,0.456387,0.090412
95,0.063209,20.243382,4.000000,0.847307,0.572632,0.185211
95,0.066184,15.016002,3.000000,0.837641,0.473768,0.075506
95,0.064797,18.024843,3.000000,0.707588,0.498298,0.174838
95,0.060170,14.235401,3.000000,0.912197,0.536240,0.180943
95,0.074477,8.137642,2.000000,0.860704,0.404792,0.055342
95,0.076977,10.642960,2.000000,0.751917,0.593168,0.212187
95,0.080722,3.762415,1.000000,0.804676,0.615296,0.230435
95,0.074006,4.197085,1.000000,0.823983,0.550821,0.134090
95,0.075278,6.411688,1.000000,0.728452,0.641380,0.273508
95,0.065398,5.682153,1.000000,0.814061,0.405810,0.095679
95,0.063692,-0.808140,0.000000,0.888410,0.445564,0.099292
96,0.074006,37.965588,7.000000,0.823983,0.550821,0.000000
96,0.074477,32.275639,6.000000,0.860704,0.404792,0.186254
96,0.054321,30.186646,5.000000,0.795561,0.406219,0.268751
96,0.080511,25.997517,5.000000,0.893693,0.456387,0.151742
96,0.065166,25.810638,4.000000,0.677640,0.556667,0.171127
96,0.065398,23.932571,4.000000,0.814061,0.405810,0.200910
96,0.072788,17.661993,3.000000,0.848588,0.445822,0.134090
96,0.066184,18.498806,3.000000,0.837641,0.473768,0.124828
96,0.076977,18.907043,3.000000,0.751917,0.593168,0.094224
96,0.080722,17.682541,3.000000,0.804676,0.615296,0.106671
96,0.063209,13.646878,2.000000,0.847307,0.572632,0.113776
96,0.064797,15.458041,2.000000,0.707588,0.498298,0.162291
96,0.060170,12.990494,2.000000,0.912197,0.536240,0.165096
96,0.067898,10.518456,1.000000,0.686629,0.644329,0.190419
96,0.075278,4.407598,0.000000,0.728452,0.641380,0.148667
97,0.074006,35.603447,6.000000,0.823983,0.550821,0.000000
97,0.065398,36.207817,6.000000,0.814061,0.405810,0.200910
97,0.066184,35.936756,6.000000,0.837641,0.473768,0.124828
97,0.080722,35.426590,6.000000,0.804676,0.615296,0.106671
97,0.060170,35.619068,6.000000,0.912197,0.536240,0.165096
97,0.065166,27.381649,4.000000,0.677640,0.556667,0.171127
97,0.076977,26.191902,4.000000,0.751917,0.593168,0.094224
97,0.080511,19.373444,3.000000,0.893693,0.456387,0.151742
97,0.054321,16.991653,2.000000,0.795561,0.406219,0.268751
97,0.072788,15.413724,2.000000,0.848588,0.445822,0.134090
97,0.063209,16.029289,2.000000,0.847307,0.572632,0.113776
97,0.064797,17.161259,2.000000,0.707588,0.498298,0.162291
97,0.067898,12.199035,1.000000,0.686629,0.644329,0.190419
97,0.074477,5.172296,0.000000,0.860704,0.404792,0.186254
98,0.060170,40.862701,8.000000,0.912197,0.536240,0.000000
98,0.065166,44.538868,8.000000,0.677640,0.556667,0.241173
98,0.072788,35.434418,7.000000,0.848588,0.445822,0.180943
98,0.063209,36.718224,7.000000,0.847307,0.572632,0.084873
98,0.080722,30.461189,6.000000,0.804676,0.615296,0.252119
98,0.076977,17.057396,3.000000,0.751917,0.593168,0.242898
98,0.080511,13.264620,3.000000,0.893693,0.456387,0.227337
98,0.054321,18.725449,3.000000,0.795561,0.406219,0.208421
98,0.064797,14.079197,2.000000,0.707588,0.498298,0.215070
98,0.074006,5.830071,1.000000,0.823983,0.550821,0.165096
98,0.066184,6.525171,1.000000,0.837641,0.473768,0.123584
98,0.067898,9.157987,1.000000,0.686629,0.644329,0.274057
98,0.065398,2.090652,0.000000,0.814061,0.405810,0.197345
99,0.074006,48.091183,9.000000,0.823983,0.550821,0.000000
99,0.080722,37.813225,7.000000,0.804676,0.615296,0.106671
99,0.076977,39.015846,7.000000,0.751917,0.593168,0.094224
99,0.063209,28.760307,5.000000,0.847307,0.572632,0.113776
99,0.080511,26.158260,5.000000,0.893693,0.456387,0.151742
99,0.072788,22.792994,4.000000,0.848588,0.445822,0.134090
99,0.054321,25.272598,4.000000,0.795561,0.406219,0.268751
99,0.066184,23.614902,4.000000,0.837641,0.473768,0.124828
99,0.065166,15.885448,2.000000,0.677640,0.556667,0.171127
99,0.064797,15.539133,2.000000,0.707588,0.498298,0.162291
99,0.060170,8.115664,1.000000,0.912197,0.536240,0.165096
99,0.067898,5.598498,0.000000,0.686629,0.644329,0.190419
100,0.074006,41.231552,7.000000,0.823983,0.550821,0.000000
100,0.080511,40.177238,7.000000,0.893693,0.456387,0.151742
100,0.060170,41.244926,7.000000,0.912197,0.536240,0.165096
100,0.063209,36.596542,6.000000,0.847307,0.572632,0.113776
100,0.054321,32.421417,5.000000,0.795561,0.406219,0.268751
100,0.080722,26.079935,4.000000,0.804676,0.615296,0.106671
100,0.066184,26.517220,4.000000,0.837641,0.473768,0.124828
100,0.065166,27.755699,4.000000,0.677640,0.556667,0.171127
100,0.076977,21.735916,3.000000,0.751917,0.593168,0.094224
100,0.072788,16.068907,2.000000,0.848588,0.445822,0.134090
100,0.064797,12.566786,1.000000,0.707588,0.498298,0.162291
101,0.080511,35.981033,6.000000,0.893693,0.456387,0.000000
101,0.063043,36.688652,6.000000,0.916738,0.507346,0.187361
101,0.054321,32.851181,5.000000,0.795561,0.406219,0.286624
101,0.080722,31.733276,5.000000,0.804676,0.615296,0.217680
101,0.074006,26.859615,4.000000,0.823983,0.550821,0.151742
101,0.063209,27.163780,4.000000,0.847307,0.572632,0.230658
101,0.065166,28.129749,4.000000,0.677640,0.556667,0.293155
101,0.066184,22.097679,3.000000,0.837641,0.473768,0.155376
101,0.076977,17.279930,2.000000,0.751917,0.593168,0.224906
101,0.064797,17.972340,2.000000,0.707588,0.498298,0.249145
101,0.068037,17.538280,2.000000,0.760864,0.579179,0.238252
101,0.074468,16.093412,2.000000,0.916165,0.412194,0.084903
101,0.067781,16.850166,2.000000,0.862282,0.496405,0.140339
101,0.060170,11.870757,1.000000,0.912197,0.536240,0.227337
101,0.072788,11.724101,1.000000,0.848588,0.445822,0.090412
101,0.061246,12.548866,1.000000,0.800211,0.458912,0.214158
102,0.063043,41.556198,7.000000,0.916738,0.507346,0.000000
102,0.080511,40.820274,7.000000,0.893693,0.456387,0.187361
102,0.060170,41.745598,7.000000,0.912197,0.536240,0.046370
102,0.062597,32.241943,5.000000,0.823321,0.463047,0.108687
102,0.072788,26.593050,4.000000,0.848588,0.445822,0.141618
102,0.054321,17.765228,2.000000,0.795561,0.406219,0.195625
102,0.080722,16.602612,2.000000,0.804676,0.615296,0.249043
102,0.074006,16.733984,2.000000,0.823983,0.550821,0.153545
102,0.063209,17.050339,2.000000,0.847307,0.572632,0.107160
102,0.065166,18.054939,2.000000,0.677640,0.556667,0.247830
102,0.068037,17.439812,2.000000,0.760864,0.579179,0.186691
102,0.063025,16.706665,2.000000,0.896609,0.447752,0.077165
102,0.074468,10.937153,1.000000,0.916165,0.412194,0.164930
102,0.056617,12.728655,1.000000,0.785617,0.557343,0.158831
102,0.082684,11.973011,1.000000,0.750477,0.529669,0.258846
102,0.067781,11.724188,1.000000,0.862282,0.496405,0.073470
102,0.076977,12.171127,1.000000,0.751917,0.593168,0.241020
102,0.066184,11.981565,1.000000,0.837641,0.473768,0.094894
102,0.061246,7.450821,0.000000,0.800211,0.458912,0.132540
102,0.079604,5.480525,0.000000,0.934587,0.409786,0.206443
102,0.064797,7.891215,0.000000,0.707588,0.498298,0.210189
102,0.072663,7.345985,0.000000,0.749614,0.589156,0.218275
102,0.068645,7.633666,0.000000,0.728245,0.626847,0.246944
103,0.063025,46.579994,8.000000,0.896609,0.447752,0.000000
103,0.072788,31.462015,5.000000,0.848588,0.445822,0.108821
103,0.063043,31.423744,5.000000,0.916738,0.507346,0.077165
103,0.076977,27.062325,4.000000,0.751917,0.593168,0.270999
103,0.067781,26.598179,4.000000,0.862282,0.496405,0.084490
103,0.056617,27.641281,4.000000,0.785617,0.557343,0.187595
103,0.060170,21.620417,3.000000,0.912197,0.536240,0.115295
103,0.074006,21.608372,3.000000,0.823983,0.550821,0.184203
103,0.063209,21.936878,3.000000,0.847307,0.572632,0.163711
103,0.080511,15.659526,2.000000,0.893693,0.456387,0.175216
103,0.062597,17.135864,2.000000,0.823321,0.463047,0.075861
103,0.068037,17.341343,2.000000,0.760864,0.579179,0.218924
103,0.074468,15.780890,2.000000,0.916165,0.412194,0.124306
103,0.065166,12.980129,1.000000,0.677640,0.556667,0.258729
103,0.082684,11.856588,1.000000,0.750477,0.529669,0.265494
103,0.080722,11.471921,1.000000,0.804676,0.615296,0.289188
103,0.054321,7.679276,0.000000,0.795561,0.406219,0.143114
103,0.066184,6.865477,0.000000,0.837641,0.473768,0.074380
104,0.065166,36.109879,6.000000,0.677640,0.556667,0.000000
104,0.082684,33.945969,6.000000,0.750477,0.529669,0.192702
104,0.063025,28.413326,5.000000,0.896609,0.447752,0.258729
104,0.063043,28.112396,5.000000,0.916738,0.507346,0.247830
104,0.063209,29.100655,5.000000,0.847307,0.572632,0.171954
104,0.060170,23.491173,4.000000,0.912197,0.536240,0.241173
104,0.074006,23.467970,4.000000,0.823983,0.550821,0.171127
104,0.074468,21.874306,4.000000,0.916165,0.412194,0.313306
104,0.080511,16.640545,3.000000,0.893693,0.456387,0.293155
104,0.067781,13.448376,2.000000,0.862282,0.496405,0.201124
104,0.056617,15.457278,2.000000,0.785617,0.557343,0.137723
104,0.062597,14.483887,2.000000,0.823321,0.463047,0.188621
104,0.068037,9.879623,1.000000,0.760864,0.579179,0.092425
104,0.080722,8.205181,1.000000,0.804676,0.615296,0.213796
104,0.072788,3.186121,0.000000,0.848588,0.445822,0.232873
104,0.076977,4.342255,0.000000,0.751917,0.593168,0.146795
105,0.080511,37.444332,7.000000,0.893693,0.456387,0.000000
105,0.074468,32.655621,6.000000,0.916165,0.412194,0.084903
105,0.074006,29.096058,5.000000,0.823983,0.550821,0.151742
105,0.067781,29.078323,5.000000,0.862282,0.496405,0.140339
105,0.080722,28.858570,5.000000,0.804676,0.615296,0.217680
105,0.063209,24.667900,4.000000,0.847307,0.572632,0.230658
105,0.060170,24.117022,4.000000,0.912197,0.536240,0.227337
105,0.056617,20.894070,3.000000,0.785617,0.557343,0.291030
105,0.068037,20.371967,3.000000,0.760864,0.579179,0.238252
105,0.065166,16.483929,2.000000,0.677640,0.556667,0.293155
105,0.063025,14.046680,2.000000,0.896609,0.447752,0.175216
105,0.062597,15.014282,2.000000,0.823321,0.463047,0.192653
105,0.082684,9.528135,1.000000,0.750477,0.529669,0.171389
105,0.063043,8.774666,1.000000,0.916738,0.507346,0.187361
106,0.062597,41.817627,7.000000,0.823321,0.463047,0.000000
106,0.074468,30.312101,5.000000,0.916165,0.412194,0.163567
106,0.074129,30.725134,5.000000,0.876871,0.412835,0.141801
106,0.063209,31.596531,5.000000,0.847307,0.572632,0.139200
106,0.061225,20.593431,3.000000,0.979613,0.474940,0.157594
106,0.083319,21.159821,3.000000,0.783921,0.559700,0.243089
106,0.060170,21.244907,3.000000,0.912197,0.536240,0.129840
106,0.067781,21.220194,3.000000,0.862282,0.496405,0.077101
106,0.068037,17.045937,2.000000,0.760864,0.579179,0.167134
106,0.065166,17.755699,2.000000,0.677640,0.556667,0.188621
106,0.080722,16.079918,2.000000,0.804676,0.615296,0.263475
106,0.069046,15.163555,2.000000,0.966414,0.439425,0.159708
106,0.080511,15.177240,2.000000,0.893693,0.456387,0.192653
106,0.056617,12.379217,1.000000,0.785617,0.557343,0.137443
106,0.063025,11.200018,1.000000,0.896609,0.447752,0.075861
106,0.082684,11.507315,1.000000,0.750477,0.529669,0.229333
106,0.073898,10.708666,1.000000,0.879934,0.508943,0.138809
106,0.074006,11.231546,1.000000,0.823983,0.550821,0.158290
106,0.065201,11.627398,1.000000,0.830474,0.498960,0.052388
106,0.063043,6.026382,0.000000,0.916738,0.507346,0.108687
106,0.063510,6.560822,0.000000,0.849717,0.514122,0.069687
107,0.080511,60.659512,11.000000,0.893693,0.456387,0.000000
107,0.061225,31.034107,5.000000,0.979613,0.474940,0.212402
107,0.062597,27.135864,4.000000,0.823321,0.463047,0.192653
107,0.069046,25.647200,4.000000,0.966414,0.439425,0.137418
107,0.060170,21.620417,3.000000,0.912197,0.536240,0.227337
107,0.074006,21.608368,3.000000,0.823983,0.550821,0.151742
107,0.073898,21.137783,3.000000,0.879934,0.508943,0.094229
107,0.056617,22.641277,3.000000,0.785617,0.557343,0.291030
107,0.074129,16.152617,2.000000,0.876871,0.412835,0.085555
107,0.063209,16.936884,2.000000,0.847307,0.572632,0.230658
107,0.083319,16.543839,2.000000,0.783921,0.559700,0.171802
107,0.065166,17.980129,2.000000,0.677640,0.556667,0.293155
107,0.074468,10.780890,1.000000,0.916165,0.412194,0.084903
107,0.082684,11.856588,1.000000,0.750477,0.529669,0.171389
107,0.063025,11.580016,1.000000,0.896609,0.447752,0.175216
107,0.080722,11.471921,1.000000,0.804676,0.615296,0.217680
107,0.068037,12.341343,1.000000,0.760864,0.579179,0.238252
107,0.067781,11.598195,1.000000,0.862282,0.496405,0.140339
107,0.065201,6.964658,0.000000,0.830474,0.498960,0.173983
108,0.063025,36.706661,6.000000,0.896609,0.447752,0.000000
108,0.073898,31.280827,5.000000,0.879934,0.508943,0.133975
108,0.080722,31.602612,5.000000,0.804676,0.615296,0.289188
108,0.080511,25.820269,4.000000,0.893693,0.456387,0.175216
108,0.069046,25.808414,4.000000,0.966414,0.439425,0.092767
108,0.063209,27.050331,4.000000,0.847307,0.572632,0.163711
108,0.082684,26.973011,4.000000,0.750477,0.529669,0.265494
108,0.062597,22.241943,3.000000,0.823321,0.463047,0.075861
108,0.083319,21.671844,3.000000,0.783921,0.559700,0.271044
108,0.068037,17.439812,2.000000,0.760864,0.579179,0.218924
108,0.074006,16.733988,2.000000,0.823983,0.550821,0.184203
108,0.074129,16.295103,2.000000,0.876871,0.412835,0.120931
108,0.065166,18.054939,2.000000,0.677640,0.556667,0.258729
108,0.067781,11.724188,1.000000,0.862282,0.496405,0.084490
108,0.056617,12.728655,1.000000,0.785617,0.557343,0.187595
108,0.060170,11.745586,1.000000,0.912197,0.536240,0.115295
108,0.061225,11.180967,1.000000,0.979613,0.474940,0.091480
108,0.074468,5.937146,0.000000,0.916165,0.412194,0.124306
109,0.067781,46.472198,8.000000,0.862282,0.496405,0.000000
109,0.073898,30.994741,5.000000,0.879934,0.508943,0.065563
109,0.060170,31.495247,5.000000,0.912197,0.536240,0.103747
109,0.056617,32.553921,5.000000,0.785617,0.557343,0.155380
109,0.063025,31.453327,5.000000,0.896609,0.447752,0.084490
109,0.080722,21.341259,3.000000,0.804676,0.615296,0.205308
109,0.063209,21.823429,3.000000,0.847307,0.572632,0.106741
109,0.068037,22.242874,3.000000,0.760864,0.579179,0.144906
109,0.083319,16.415833,2.000000,0.783921,0.559700,0.191165
109,0.065166,17.905319,2.000000,0.677640,0.556667,0.201124
109,0.074006,16.482773,2.000000,0.823983,0.550821,0.099842
109,0.062597,17.029785,2.000000,0.823321,0.463047,0.077101
109,0.082684,16.740166,2.000000,0.750477,0.529669,0.190893
109,0.074129,11.010136,1.000000,0.876871,0.412835,0.123108
109,0.069046,10.485985,1.000000,0.966414,0.439425,0.126793
109,0.080511,10.498775,1.000000,0.893693,0.456387,0.140339
109,0.061225,5.887196,0.000000,0.979613,0.474940,0.137055
110,0.080722,41.210609,7.000000,0.804676,0.615296,0.000000
110,0.069046,40.324783,7.000000,0.966414,0.439425,0.296853
110,0.067781,36.346210,6.000000,0.862282,0.496405,0.205308
110,0.063209,36.709980,6.000000,0.847307,0.572632,0.187970
110,0.065166,27.830509,4.000000,0.677640,0.556667,0.213796
110,0.073898,20.851694,3.000000,0.879934,0.508943,0.167315
110,0.056617,22.466557,3.000000,0.785617,0.557343,0.252419
110,0.063025,21.326668,3.000000,0.896609,0.447752,0.289188
110,0.080511,20.338005,3.000000,0.893693,0.456387,0.217680
110,0.068037,17.144405,2.000000,0.760864,0.579179,0.141594
110,0.083319,16.287827,2.000000,0.783921,0.559700,0.077038
110,0.060170,11.370080,1.000000,0.912197,0.536240,0.252119
110,0.074006,11.357162,1.000000,0.823983,0.550821,0.106671
110,0.062597,11.923706,1.000000,0.823321,0.463047,0.263475
110,0.082684,11.623743,1.000000,0.750477,0.529669,0.121568
110,0.074129,5.867633,0.000000,0.876871,0.412835,0.271304
111,0.080722,45.165249,8.000000,0.804676,0.615296,0.000000
111,0.060170,35.368767,6.000000,0.912197,0.536240,0.252119
111,0.062597,36.075073,6.000000,0.823321,0.463047,0.263475
111,0.073898,29.707327,5.000000,0.879934,0.508943,0.167315
111,0.083319,25.263779,4.000000,0.783921,0.559700,0.077038
111,0.082684,25.692362,4.000000,0.750477,0.529669,0.121568
111,0.063209,20.802401,3.000000,0.847307,0.572632,0.187970
111,0.068037,21.356655,3.000000,0.760864,0.579179,0.141594
111,0.067781,15.338249,2.000000,0.862282,0.496405,0.205308
111,0.065166,17.232029,2.000000,0.677640,0.556667,0.213796
111,0.056617,16.767673,2.000000,0.785617,0.557343,0.252419
111,0.063025,15.313335,2.000000,0.896609,0.447752,0.289188
111,0.080511,14.051934,2.000000,0.893693,0.456387,0.217680
111,0.074006,10.352241,1.000000,0.823983,0.550821,0.106671
111,0.069046,4.035063,0.000000,0.966414,0.439425,0.296853
112,0.067781,66.220222,12.000000,0.862282,0.496405,0.000000
112,0.082684,36.507309,6.000000,0.750477,0.529669,0.190893
112,0.083319,31.159821,5.000000,0.783921,0.559700,0.191165
112,0.080722,26.079933,4.000000,0.804676,0.615296,0.205308
112,0.060170,26.244907,4.000000,0.912197,0.536240,0.103747
112,0.073898,20.708647,3.000000,0.879934,0.508943,0.065563
112,0.065166,22.755699,3.000000,0.677640,0.556667,0.201124
112,0.074006,21.231524,3.000000,0.823983,0.550821,0.099842
112,0.062597,16.817627,2.000000,0.823321,0.463047,0.077101
112,0.063209,16.596535,2.000000,0.847307,0.572632,0.106741
112,0.068037,17.045937,2.000000,0.760864,0.579179,0.144906
112,0.063025,16.199997,2.000000,0.896609,0.447752,0.084490
112,0.056617,12.379217,1.000000,0.785617,0.557343,0.155380
112,0.080511,10.177259,1.000000,0.893693,0.456387,0.140339
113,0.068037,32.636749,5.000000,0.760864,0.579179,0.000000
113,0.063129,32.400272,5.000000,0.828463,0.441270,0.191561
113,0.083319,26.927856,4.000000,0.783921,0.559700,0.156460
113,0.080722,26.863949,4.000000,0.804676,0.615296,0.141594
113,0.073898,26.566917,4.000000,0.879934,0.508943,0.159124
113,0.080511,26.141788,4.000000,0.893693,0.456387,0.238252
113,0.060170,21.995926,3.000000,0.912197,0.536240,0.178805
113,0.067781,21.976162,3.000000,0.862282,0.496405,0.144906
113,0.085219,21.812269,3.000000,0.789586,0.635591,0.187931
113,0.068144,16.408020,2.000000,0.937299,0.488950,0.209407
113,0.065166,18.204559,2.000000,0.677640,0.556667,0.092425
113,0.074006,16.985224,2.000000,0.823983,0.550821,0.093826
113,0.062597,17.454102,2.000000,0.823321,0.463047,0.167134
113,0.080258,16.564713,2.000000,0.844618,0.511572,0.170566
113,0.084433,16.926058,2.000000,0.778963,0.552068,0.168400
113,0.063209,12.277245,1.000000,0.847307,0.572632,0.099350
113,0.056617,12.903374,1.000000,0.785617,0.557343,0.119995
113,0.082684,12.205856,1.000000,0.750477,0.529669,0.159351
113,0.063025,6.960014,0.000000,0.896609,0.447752,0.218924
114,0.080511,40.820267,7.000000,0.893693,0.456387,0.000000
114,0.068144,36.108688,6.000000,0.937299,0.488950,0.137309
114,0.074006,31.733992,5.000000,0.823983,0.550821,0.151742
114,0.060170,31.745607,5.000000,0.912197,0.536240,0.227337
114,0.056617,27.728645,4.000000,0.785617,0.557343,0.291030
114,0.073898,26.280823,4.000000,0.879934,0.508943,0.094229
114,0.063129,22.183643,3.000000,0.828463,0.441270,0.186620
114,0.083319,21.671844,3.000000,0.783921,0.559700,0.171802
114,0.067781,16.724173,2.000000,0.862282,0.496405,0.140339
114,0.085219,16.546618,2.000000,0.789586,0.635591,0.251460
114,0.080722,16.602596,2.000000,0.804676,0.615296,0.217680
114,0.068037,17.439812,2.000000,0.760864,0.579179,0.238252
114,0.082684,16.973011,2.000000,0.750477,0.529669,0.171389
114,0.062597,12.241943,1.000000,0.823321,0.463047,0.192653
114,0.084433,11.669886,1.000000,0.778963,0.552068,0.170309
114,0.063209,12.050348,1.000000,0.847307,0.572632,0.230658
114,0.065166,8.054939,0.000000,0.677640,0.556667,0.293155
114,0.080258,6.278445,0.000000,0.844618,0.511572,0.084695
115,0.068144,51.108688,9.000000,0.937299,0.488950,0.000000
115,0.073898,41.280838,7.000000,0.879934,0.508943,0.085006
115,0.080511,30.820271,5.000000,0.893693,0.456387,0.137309
115,0.074006,26.733992,4.000000,0.823983,0.550821,0.149192
115,0.056617,27.728634,4.000000,0.785617,0.557343,0.208812
115,0.062597,27.241943,4.000000,0.823321,0.463047,0.130829
115,0.060170,21.745586,3.000000,0.912197,0.536240,0.102383
115,0.063129,22.183626,3.000000,0.828463,0.441270,0.133836
115,0.068037,22.439812,3.000000,0.760864,0.579179,0.209407
115,0.083319,16.671844,2.000000,0.783921,0.559700,0.233186
115,0.067781,16.724176,2.000000,0.862282,0.496405,0.075680
115,0.084433,16.669897,2.000000,0.778963,0.552068,0.240475
115,0.085219,11.546602,1.000000,0.789586,0.635591,0.290815
115,0.082684,11.973011,1.000000,0.750477,0.529669,0.242149
115,0.080722,6.602591,0.000000,0.804676,0.615296,0.241563
115,0.063209,7.050344,0.000000,0.847307,0.572632,0.146546
116,0.068144,40.510025,7.000000,0.937299,0.488950,0.000000
116,0.068037,37.045937,6.000000,0.760864,0.579179,0.209407
116,0.067781,36.220203,6.000000,0.862282,0.496405,0.075680
116,0.073898,30.708645,5.000000,0.879934,0.508943,0.085006
116,0.056617,32.379196,5.000000,0.785617,0.557343,0.208812
116,0.060170,31.244921,5.000000,0.912197,0.536240,0.102383
116,0.080511,20.177242,3.000000,0.893693,0.456387,0.137309
116,0.062597,21.817627,3.000000,0.823321,0.463047,0.130829
116,0.063129,21.750340,3.000000,0.828463,0.441270,0.133836
116,0.082684,21.507320,3.000000,0.750477,0.529669,0.242149
116,0.074006,16.231531,2.000000,0.823983,0.550821,0.149192
116,0.083319,11.159821,1.000000,0.783921,0.559700,0.233186
116,0.085219,11.015310,1.000000,0.789586,0.635591,0.290815
116,0.084433,6.157560,0.000000,0.778963,0.552068,0.240475
117,0.060170,47.615082,9.000000,0.912197,0.536240,0.000000
117,0.068144,41.169716,8.000000,0.937299,0.488950,0.102383
117,0.063129,33.609001,6.000000,0.828463,0.441270,0.148254
117,0.067781,27.566380,5.000000,0.862282,0.496405,0.103747
117,0.080511,25.515228,5.000000,0.893693,0.456387,0.227337
117,0.073898,21.560333,4.000000,0.879934,0.508943,0.145085
117,0.074006,22.588655,4.000000,0.823983,0.550821,0.165096
117,0.082684,18.131063,3.000000,0.750477,0.529669,0.277326
117,0.056617,14.845758,2.000000,0.785617,0.557343,0.134092
117,0.085219,12.163466,2.000000,0.789586,0.635591,0.305284
117,0.062597,8.741333,1.000000,0.823321,0.463047,0.129840
117,0.083319,7.447647,1.000000,0.783921,0.559700,0.266277
117,0.068037,4.190342,0.000000,0.760864,0.579179,0.178805
118,0.073898,55.708672,10.000000,0.879934,0.508943,0.000000
118,0.063129,41.750340,7.000000,0.828463,0.441270,0.146293
118,0.080511,40.177238,7.000000,0.893693,0.456387,0.094229
118,0.060170,26.244907,4.000000,0.912197,0.536240,0.145085
118,0.068144,25.510025,4.000000,0.937299,0.488950,0.085006
118,0.067781,26.220190,4.000000,0.862282,0.496405,0.065563
118,0.082684,26.507320,4.000000,0.750477,0.529669,0.158591
118,0.074006,21.231524,3.000000,0.823983,0.550821,0.076629
118,0.085219,21.015326,3.000000,0.789586,0.635591,0.214572
118,0.083319,16.159821,2.000000,0.783921,0.559700,0.148730
118,0.056617,12.379217,1.000000,0.785617,0.557343,0.205955
118,0.062597,11.817627,1.000000,0.823321,0.463047,0.138809
119,0.068144,36.108688,6.000000,0.937299,0.488950,0.000000
119,0.067781,31.724176,5.000000,0.862282,0.496405,0.075680
119,0.082684,31.973001,5.000000,0.750477,0.529669,0.242149
119,0.074006,31.733988,5.000000,0.823983,0.550821,0.149192
119,0.062597,32.241943,5.000000,0.823321,0.463047,0.130829
119,0.084741,30.736252,5.000000,0.879818,0.429918,0.190515
119,0.079698,26.276211,4.000000,0.847837,0.458696,0.150941
119,0.063129,22.183643,3.000000,0.828463,0.441270,0.133836
119,0.080511,20.820272,3.000000,0.893693,0.456387,0.137309
119,0.060170,21.745586,3.000000,0.912197,0.536240,0.102383
119,0.073898,16.280825,2.000000,0.879934,0.508943,0.085006
119,0.085219,16.546602,2.000000,0.789586,0.635591,0.290815
119,0.083319,16.671844,2.000000,0.783921,0.559700,0.233186
119,0.056617,7.728655,0.000000,0.785617,0.557343,0.208812
119,0.060387,7.308817,0.000000,0.828027,0.509631,0.136476
120,0.068144,40.659691,7.000000,0.937299,0.488950,0.000000
120,0.079698,40.846542,7.000000,0.847837,0.458696,0.150941
120,0.074006,36.357170,6.000000,0.823983,0.550821,0.149192
120,0.062597,31.923706,5.000000,0.823321,0.463047,0.130829
120,0.067781,26.346186,4.000000,0.862282,0.496405,0.075680
120,0.082684,26.623743,4.000000,0.750477,0.529669,0.242149
120,0.073898,25.851696,4.000000,0.879934,0.508943,0.085006
120,0.063129,21.858662,3.000000,0.828463,0.441270,0.133836
120,0.080511,20.337999,3.000000,0.893693,0.456387,0.137309
120,0.085219,21.148155,3.000000,0.789586,0.635591,0.290815
120,0.060170,16.370077,2.000000,0.912197,0.536240,0.102383
120,0.084741,10.244262,1.000000,0.879818,0.429918,0.190515
120,0.083319,11.287827,1.000000,0.783921,0.559700,0.233186
121,0.074006,36.985229,6.000000,0.823983,0.550821,0.000000
121,0.062597,32.454102,5.000000,0.823321,0.463047,0.158290
121,0.063129,32.400269,5.000000,0.828463,0.441270,0.174938
121,0.079698,26.562656,4.000000,0.847837,0.458696,0.130652
121,0.082684,27.205856,4.000000,0.750477,0.529669,0.116764
121,0.073898,26.566912,4.000000,0.879934,0.508943,0.076629
121,0.060170,21.995926,3.000000,0.912197,0.536240,0.165096
121,0.083319,21.927856,3.000000,0.783921,0.559700,0.101991
121,0.067781,21.976156,3.000000,0.862282,0.496405,0.099842
121,0.080511,16.141785,2.000000,0.893693,0.456387,0.151742
121,0.071504,16.793503,2.000000,0.864516,0.524193,0.058108
121,0.067171,16.889811,2.000000,0.878471,0.589752,0.100043
121,0.070158,17.447189,2.000000,0.778747,0.477086,0.109647
121,0.082508,15.811325,2.000000,0.919846,0.534991,0.129651
121,0.085219,11.812248,1.000000,0.789586,0.635591,0.158061
121,0.068144,11.408020,1.000000,0.937299,0.488950,0.149192
121,0.084741,11.064217,1.000000,0.879818,0.429918,0.193602
121,0.066757,6.371262,0.000000,0.951821,0.501803,0.159223
121,0.065370,7.122272,0.000000,0.856562,0.448523,0.157704
121,0.078573,7.604956,0.000000,0.712763,0.521501,0.125695
122,0.074006,28.216742,5.000000,0.823983,0.550821,0.000000
122,0.079698,27.265982,5.000000,0.847837,0.458696,0.130652
122,0.085219,27.827591,5.000000,0.789586,0.635591,0.158061
122,0.062597,24.271729,4.000000,0.823321,0.463047,0.158290
122,0.068144,21.918045,4.000000,0.937299,0.488950,0.149192
122,0.067171,23.002079,4.000000,0.878471,0.589752,0.100043
122,0.067781,23.196346,4.000000,0.862282,0.496405,0.099842
122,0.060170,18.240833,3.000000,0.912197,0.536240,0.165096
122,0.080511,16.319023,3.000000,0.893693,0.456387,0.151742
122,0.082508,15.575481,3.000000,0.919846,0.534991,0.129651
122,0.083319,13.087677,2.000000,0.783921,0.559700,0.101991
122,0.073898,12.275578,2.000000,0.879934,0.508943,0.076629
122,0.063129,14.150621,2.000000,0.828463,0.441270,0.174938
122,0.084741,11.144503,2.000000,0.879818,0.429918,0.193602
122,0.071504,7.785388,1.000000,0.864516,0.524193,0.058108
122,0.070158,9.256176,1.000000,0.778747,0.477086,0.109647
122,0.082684,3.713160,0.000000,0.750477,0.529669,0.116764
123,0.067781,41.850189,7.000000,0.862282,0.496405,0.000000
123,0.060170,36.870773,6.000000,0.912197,0.536240,0.103747
123,0.079698,26.419432,4.000000,0.847837,0.458696,0.128963
123,0.068144,26.258354,4.000000,0.937299,0.488950,0.075680
123,0.067171,26.760220,4.000000,0.878471,0.589752,0.117959
123,0.080511,25.981031,4.000000,0.893693,0.456387,0.140339
123,0.073898,26.423874,4.000000,0.879934,0.508943,0.065563
123,0.071504,26.659899,4.000000,0.864516,0.524193,0.050968
123,0.074006,21.859608,3.000000,0.823983,0.550821,0.099842
123,0.083319,21.799850,3.000000,0.783921,0.559700,0.191165
123,0.085219,16.679436,2.000000,0.789586,0.635591,0.256829
123,0.062597,17.348022,2.000000,0.823321,0.463047,0.077101
123,0.070158,17.340822,2.000000,0.778747,0.477086,0.090146
123,0.082508,10.636797,1.000000,0.919846,0.534991,0.165311
123,0.063129,7.291967,0.000000,0.828463,0.441270,0.089765
123,0.084741,5.900226,0.000000,0.879818,0.429918,0.189681
124,0.080511,43.891163,8.000000,0.893693,0.456387,0.000000
124,0.082508,38.367947,7.000000,0.919846,0.534991,0.103617
124,0.060170,30.243549,5.000000,0.912197,0.536240,0.227337
124,0.083319,30.135773,5.000000,0.783921,0.559700,0.171802
124,0.079698,24.557541,4.000000,0.847837,0.458696,0.046662
124,0.068144,24.312698,4.000000,0.937299,0.488950,0.137309
124,0.067781,20.212252,3.000000,0.862282,0.496405,0.140339
124,0.073898,19.564280,3.000000,0.879934,0.508943,0.094229
124,0.071504,19.923046,3.000000,0.864516,0.524193,0.127074
124,0.074006,20.226593,3.000000,0.823983,0.550821,0.151742
124,0.067171,15.075527,2.000000,0.878471,0.589752,0.214054
124,0.085219,9.952726,1.000000,0.789586,0.635591,0.251460
124,0.062597,10.968994,1.000000,0.823321,0.463047,0.192653
124,0.070158,10.958050,1.000000,0.778747,0.477086,0.156849
125,0.082508,35.811337,6.000000,0.919846,0.534991,0.000000
125,0.067171,36.889801,6.000000,0.878471,0.589752,0.172972
125,0.080511,36.141792,6.000000,0.893693,0.456387,0.103617
125,0.060797,26.352173,4.000000,1.000000,0.514538,0.232838
125,0.083556,20.925995,3.000000,0.901458,0.400000,0.170061
125,0.067781,21.976154,3.000000,0.862282,0.496405,0.165311
125,0.073898,21.566912,3.000000,0.879934,0.508943,0.100332
125,0.078452,20.432205,3.000000,0.985088,0.609068,0.120313
125,0.074006,21.985224,3.000000,0.823983,0.550821,0.129651
125,0.070158,22.447189,3.000000,0.778747,0.477086,0.200998
125,0.085219,16.812265,2.000000,0.789586,0.635591,0.183073
125,0.053897,17.057861,2.000000,0.953835,0.481070,0.295898
125,0.068144,16.408020,2.000000,0.937299,0.488950,0.155722
125,0.060170,11.995926,1.000000,0.912197,0.536240,0.223513
125,0.087026,11.235878,1.000000,0.849050,0.401694,0.186590
125,0.071504,11.793503,1.000000,0.864516,0.524193,0.123900
125,0.083319,11.927856,1.000000,0.783921,0.559700,0.139626
125,0.062597,7.454102,0.000000,0.823321,0.463047,0.238852
125,0.086775,6.614476,0.000000,0.806379,0.542959,0.121635
125,0.079698,6.562670,0.000000,0.847837,0.458696,0.122761
126,0.083556,30.586494,5.000000,0.901458,0.400000,0.000000
126,0.067781,31.724173,5.000000,0.862282,0.496405,0.202341
126,0.060170,31.745592,5.000000,0.912197,0.536240,0.289496
126,0.083319,26.671844,4.000000,0.783921,0.559700,0.231669
126,0.080511,25.820271,4.000000,0.893693,0.456387,0.077171
126,0.073898,26.280823,4.000000,0.879934,0.508943,0.168334
126,0.078452,25.051556,4.000000,0.985088,0.609068,0.279096
126,0.071504,26.526295,4.000000,0.864516,0.524193,0.199973
126,0.068144,21.108688,3.000000,0.937299,0.488950,0.193393
126,0.060797,16.048187,2.000000,1.000000,0.514538,0.286367
126,0.082508,15.462269,2.000000,0.919846,0.534991,0.170061
126,0.085219,16.546618,2.000000,0.789586,0.635591,0.315460
126,0.087026,15.922193,2.000000,0.849050,0.401694,0.062889
126,0.074006,11.734007,1.000000,0.823983,0.550821,0.225090
126,0.053897,11.812683,1.000000,0.953835,0.481070,0.317771
126,0.070158,12.234455,1.000000,0.778747,0.477086,0.205655
126,0.067171,11.630610,1.000000,0.878471,0.589752,0.289197
127,0.060797,31.352173,5.000000,1.000000,0.514538,0.000000
127,0.082508,30.811325,5.000000,0.919846,0.534991,0.232838
127,0.060170,26.995926,4.000000,0.912197,0.536240,0.092112
127,0.078452,25.432205,4.000000,0.985088,0.609068,0.212967
127,0.071504,26.793503,4.000000,0.864516,0.524193,0.173107
127,0.074517,26.239655,4.000000,0.917087,0.555518,0.168290
127,0.083319,21.927856,3.000000,0.783921,0.559700,0.317178
127,0.073898,21.566916,3.000000,0.879934,0.508943,0.177840
127,0.065928,21.670498,3.000000,0.917445,0.588131,0.133829
127,0.053897,22.057861,3.000000,0.953835,0.481070,0.092965
127,0.079938,16.304752,2.000000,0.877747,0.453779,0.239479
127,0.080511,16.141792,2.000000,0.893693,0.456387,0.235478
127,0.084751,16.478973,2.000000,0.832121,0.400000,0.325672
127,0.072780,11.814377,1.000000,0.854113,0.455635,0.202642
127,0.079137,11.879997,1.000000,0.810611,0.528511,0.264211
127,0.070693,11.830170,1.000000,0.864479,0.524030,0.168225
127,0.074006,11.985237,1.000000,0.823983,0.550821,0.224691
127,0.087026,11.235878,1.000000,0.849050,0.401694,0.333881
127,0.068144,11.408020,1.000000,0.937299,0.488950,0.101744
127,0.067627,6.999721,0.000000,0.859896,0.453570,0.173498
127,0.062216,6.791397,0.000000,0.927113,0.532120,0.077439
127,0.083556,5.926001,0.000000,0.901458,0.400000,0.286367
127,0.067171,6.889798,0.000000,0.878471,0.589752,0.166347
127,0.070158,7.447186,0.000000,0.778747,0.477086,0.244760
127,0.085219,6.812253,0.000000,0.789586,0.635591,0.356106
127,0.067781,6.976169,0.000000,0.862282,0.496405,0.156069
128,0.065928,51.531769,9.000000,0.917445,0.588131,0.000000
128,0.074517,41.082973,7.000000,0.917087,0.555518,0.095073
128,0.079938,36.150787,6.000000,0.877747,0.453779,0.222277
128,0.082508,25.636797,4.000000,0.919846,0.534991,0.178626
128,0.068144,26.258354,4.000000,0.937299,0.488950,0.127497
128,0.083319,21.799850,3.000000,0.783921,0.559700,0.222121
128,0.078452,20.241880,3.000000,0.985088,0.609068,0.144728
128,0.060170,21.870756,3.000000,0.912197,0.536240,0.086891
128,0.060797,21.200180,3.000000,1.000000,0.514538,0.133829
128,0.071504,16.659899,2.000000,0.864516,0.524193,0.110900
128,0.072780,16.681643,2.000000,0.854113,0.455635,0.190096
128,0.080511,10.981045,1.000000,0.893693,0.456387,0.221249
128,0.084751,11.332264,1.000000,0.832121,0.400000,0.313072
128,0.079137,11.749997,1.000000,0.810611,0.528511,0.185512
128,0.087026,11.079040,1.000000,0.849050,0.401694,0.321714
128,0.073898,6.423888,0.000000,0.879934,0.508943,0.132502
128,0.053897,6.935277,0.000000,0.953835,0.481070,0.183597
128,0.070693,6.698093,0.000000,0.864479,0.524030,0.107220
128,0.074006,6.859617,0.000000,0.823983,0.550821,0.132044
129,0.060170,45.994614,8.000000,0.912197,0.536240,0.000000
129,0.082508,29.415098,5.000000,0.919846,0.534991,0.223513
129,0.080511,29.855721,5.000000,0.893693,0.456387,0.227337
129,0.079137,30.840021,5.000000,0.810611,0.528511,0.215374
129,0.065928,25.560661,4.000000,0.917445,0.588131,0.086891
129,0.068144,25.210693,4.000000,0.937299,0.488950,0.102383
129,0.060797,25.136230,4.000000,1.000000,0.514538,0.092112
129,0.087026,24.981150,4.000000,0.849050,0.401694,0.323102
129,0.083319,20.903809,3.000000,0.783921,0.559700,0.266277
129,0.079938,15.073016,2.000000,0.877747,0.453779,0.225582
129,0.078452,13.909607,2.000000,0.985088,0.609068,0.216850
129,0.072780,15.752502,2.000000,0.854113,0.455635,0.171543
129,0.074517,9.986212,1.000000,0.917087,0.555518,0.145559
129,0.071504,10.724670,1.000000,0.864516,0.524193,0.123881
129,0.084751,5.305289,0.000000,0.832121,0.400000,0.309576
130,0.078452,45.432220,8.000000,0.985088,0.609068,0.000000
130,0.080511,36.141785,6.000000,0.893693,0.456387,0.212605
130,0.079938,36.304749,6.000000,0.877747,0.453779,0.222310
130,0.068144,31.408020,5.000000,0.937299,0.488950,0.188294
130,0.065928,26.670498,4.000000,0.917445,0.588131,0.144728
130,0.087026,26.235861,4.000000,0.849050,0.401694,0.305041
130,0.083319,26.927856,4.000000,0.783921,0.559700,0.215974
130,0.079137,21.880018,3.000000,0.810611,0.528511,0.201566
130,0.060797,21.352173,3.000000,1.000000,0.514538,0.212967
130,0.060170,16.995928,2.000000,0.912197,0.536240,0.216850
130,0.072780,16.814377,2.000000,0.854113,0.455635,0.239072
130,0.074517,16.239655,2.000000,0.917087,0.555518,0.103215
130,0.071504,11.793503,1.000000,0.864516,0.524193,0.174988
130,0.082508,5.811325,0.000000,0.919846,0.534991,0.120313
131,0.060797,52.704346,10.000000,1.000000,0.514538,0.000000
131,0.080511,32.283577,6.000000,0.893693,0.456387,0.235478
131,0.060170,33.991917,6.000000,0.912197,0.536240,0.092112
131,0.078452,25.864410,5.000000,0.985088,0.609068,0.212967
131,0.079938,22.609505,4.000000,0.877747,0.453779,0.239479
131,0.087026,22.471712,4.000000,0.849050,0.401694,0.333881
131,0.083319,23.855713,4.000000,0.783921,0.559700,0.317178
131,0.079137,23.760038,4.000000,0.810611,0.528511,0.264211
131,0.074517,17.479309,3.000000,0.917087,0.555518,0.168290
131,0.068144,12.816040,2.000000,0.937299,0.488950,0.101744
131,0.065928,13.340973,2.000000,0.917445,0.588131,0.133829
131,0.072780,3.628739,0.000000,0.854113,0.455635,0.202642
131,0.071504,3.587022,0.000000,0.864516,0.524193,0.173107
132,0.060170,54.492592,10.000000,0.912197,0.536240,0.000000
132,0.078452,36.625755,7.000000,0.985088,0.609068,0.216850
132,0.087026,33.099117,6.000000,0.849050,0.401694,0.323102
132,0.083319,34.367737,6.000000,0.783921,0.559700,0.266277
132,0.065928,28.895912,5.000000,0.917445,0.588131,0.086891
132,0.079938,23.225376,4.000000,0.877747,0.453779,0.225582
132,0.060797,18.312317,3.000000,1.000000,0.514538,0.092112
132,0.079137,19.280031,3.000000,0.810611,0.528511,0.215374
132,0.080511,12.926641,2.000000,0.893693,0.456387,0.227337
132,0.074517,13.106033,2.000000,0.917087,0.555518,0.145559
132,0.068144,13.414703,2.000000,0.937299,0.488950,0.102383
133,0.080511,38.891163,7.000000,0.893693,0.456387,0.000000
133,0.083319,35.135773,6.000000,0.783921,0.559700,0.171802
133,0.060170,25.243549,4.000000,0.912197,0.536240,0.227337
133,0.056465,25.898254,4.000000,0.874445,0.516069,0.252504
133,0.087127,24.373146,4.000000,0.824508,0.400000,0.118877
133,0.078452,17.767658,3.000000,0.985088,0.609068,0.212605
133,0.087026,19.040117,3.000000,0.849050,0.401694,0.104454
133,0.060797,19.224274,3.000000,1.000000,0.514538,0.235478
133,0.079137,20.060026,3.000000,0.810611,0.528511,0.123367
133,0.068144,19.312698,3.000000,0.937299,0.488950,0.137309
133,0.077165,20.521217,3.000000,0.781642,0.513830,0.137226
133,0.065928,14.728273,2.000000,0.917445,0.588131,0.221249
133,0.079938,14.149209,2.000000,0.877747,0.453779,0.017257
133,0.074517,9.046120,1.000000,0.917087,0.555518,0.139626
133,0.072565,8.608236,1.000000,0.962906,0.598778,0.206844
133,0.066102,10.131641,1.000000,0.880487,0.557571,0.192185
134,0.060797,30.896194,5.000000,1.000000,0.514538,0.000000
134,0.079137,31.490002,5.000000,0.810611,0.528511,0.264211
134,0.080511,25.659525,4.000000,0.893693,0.456387,0.235478
134,0.056465,27.085602,4.000000,0.874445,0.516069,0.132832
134,0.048523,27.899687,4.000000,0.800785,0.552424,0.238734
134,0.068144,20.959023,3.000000,0.937299,0.488950,0.101744
134,0.076465,21.101517,3.000000,0.869090,0.435208,0.226980
134,0.072565,20.458504,3.000000,0.962906,0.598778,0.162214
134,0.074517,20.769613,3.000000,0.917087,0.555518,0.168290
134,0.077165,21.817707,3.000000,0.781642,0.513830,0.272895
134,0.087127,21.001961,3.000000,0.824508,0.400000,0.347310
134,0.060170,21.620417,3.000000,0.912197,0.536240,0.092112
134,0.079938,15.842859,2.000000,0.877747,0.453779,0.239479
134,0.077764,16.968649,2.000000,0.759938,0.555704,0.298438
134,0.087026,10.765363,1.000000,0.849050,0.401694,0.333881
134,0.078452,9.861231,1.000000,0.985088,0.609068,0.212967
134,0.066102,11.540903,1.000000,0.880487,0.557571,0.141389
134,0.089984,5.685213,0.000000,0.842841,0.437612,0.345155
134,0.064393,6.382951,0.000000,0.912231,0.590731,0.134416
134,0.065928,6.254295,0.000000,0.917445,0.588131,0.133829
134,0.083319,6.543839,0.000000,0.783921,0.559700,0.317178
135,0.080511,45.820267,8.000000,0.893693,0.456387,0.000000
135,0.060797,41.048187,7.000000,1.000000,0.514538,0.235478
135,0.072565,30.626703,5.000000,0.962906,0.598778,0.206844
135,0.066102,26.669018,4.000000,0.880487,0.557571,0.192185
135,0.078452,25.051556,4.000000,0.985088,0.609068,0.212605
135,0.060170,26.745586,4.000000,0.912197,0.536240,0.227337
135,0.087026,20.922178,3.000000,0.849050,0.401694,0.104454
135,0.087127,21.150024,3.000000,0.824508,0.400000,0.118877
135,0.074517,15.926292,2.000000,0.917087,0.555518,0.139626
135,0.079938,15.996818,2.000000,0.877747,0.453779,0.017257
135,0.077165,16.935570,2.000000,0.781642,0.513830,0.137226
135,0.068144,16.108688,2.000000,0.937299,0.488950,0.137309
135,0.076465,11.245882,1.000000,0.869090,0.435208,0.054252
135,0.077764,12.080921,1.000000,0.759938,0.555704,0.184547
135,0.048523,12.977453,1.000000,0.800785,0.552424,0.354070
135,0.056465,12.193542,1.000000,0.874445,0.516069,0.252504
135,0.079137,6.620002,0.000000,0.810611,0.528511,0.123367
136,0.078452,44.861244,8.000000,0.985088,0.609068,0.000000
136,0.080511,40.659519,7.000000,0.893693,0.456387,0.212605
136,0.087026,40.765373,7.000000,0.849050,0.401694,0.305041
136,0.072565,30.458500,5.000000,0.962906,0.598778,0.064210
136,0.060797,25.896194,4.000000,1.000000,0.514538,0.212967
136,0.048523,27.899677,4.000000,0.800785,0.552424,0.358545
136,0.074517,20.769611,3.000000,0.917087,0.555518,0.103215
136,0.076465,21.101517,3.000000,0.869090,0.435208,0.247145
136,0.060170,16.620417,2.000000,0.912197,0.536240,0.216850
136,0.087127,16.001966,2.000000,0.824508,0.400000,0.318759
136,0.066102,11.540903,1.000000,0.880487,0.557571,0.174178
136,0.079938,10.842868,1.000000,0.877747,0.453779,0.222310
136,0.077165,11.817707,1.000000,0.781642,0.513830,0.236069
136,0.068144,10.959023,1.000000,0.937299,0.488950,0.188294
136,0.077764,11.968649,1.000000,0.759938,0.555704,0.234924
136,0.056465,7.085602,0.000000,0.874445,0.516069,0.272211
137,0.074517,46.082973,8.000000,0.917087,0.555518,0.000000
137,0.072565,35.794914,6.000000,0.962906,0.598778,0.073514
137,0.076465,36.390278,6.000000,0.869090,0.435208,0.159060
137,0.080511,30.981033,5.000000,0.893693,0.456387,0.139626
137,0.066102,31.797131,5.000000,0.880487,0.557571,0.091801
137,0.060170,26.870756,4.000000,0.912197,0.536240,0.145559
137,0.087127,26.298117,4.000000,0.824508,0.400000,0.249528
137,0.079938,21.150784,3.000000,0.877747,0.453779,0.143734
137,0.068144,21.258354,3.000000,0.937299,0.488950,0.106743
137,0.060797,16.200180,2.000000,1.000000,0.514538,0.168290
137,0.078452,10.241880,1.000000,0.985088,0.609068,0.103215
137,0.087026,11.079037,1.000000,0.849050,0.401694,0.239265
137,0.048523,13.055243,1.000000,0.800785,0.552424,0.284793
137,0.077764,12.193193,1.000000,0.759938,0.555704,0.160470
137,0.077165,7.053437,0.000000,0.781642,0.513830,0.147521
138,0.066102,43.850433,8.000000,0.880487,0.557571,0.000000
138,0.076465,33.069313,6.000000,0.869090,0.435208,0.185108
138,0.068144,27.816040,5.000000,0.937299,0.488950,0.104891
138,0.078452,25.864410,5.000000,0.985088,0.609068,0.174178
138,0.080511,22.283571,4.000000,0.893693,0.456387,0.192185
138,0.060170,23.991852,4.000000,0.912197,0.536240,0.072353
138,0.060797,17.704346,3.000000,1.000000,0.514538,0.141389
138,0.087026,17.471716,3.000000,0.849050,0.401694,0.287636
138,0.074517,12.479309,2.000000,0.917087,0.555518,0.091801
138,0.072565,11.926206,2.000000,0.962906,0.598778,0.116721
138,0.087127,12.892349,2.000000,0.824508,0.400000,0.293489
138,0.079938,12.609523,2.000000,0.877747,0.453779,0.189692
138,0.048523,16.266111,2.000000,0.800785,0.552424,0.193117
138,0.077764,14.610931,2.000000,0.759938,0.555704,0.167745
139,0.072565,40.626686,7.000000,0.962906,0.598778,0.000000
139,0.068144,31.108688,5.000000,0.937299,0.488950,0.146486
139,0.060170,31.745604,5.000000,0.912197,0.536240,0.155069
139,0.087127,31.150040,5.000000,0.824508,0.400000,0.319528
139,0.078020,25.610691,4.000000,0.930336,0.561899,0.078493
139,0.066173,27.035645,4.000000,0.830174,0.580095,0.149163
139,0.087026,25.922190,4.000000,0.849050,0.401694,0.307513
139,0.074517,25.926292,4.000000,0.917087,0.555518,0.073514
139,0.066102,21.669018,3.000000,0.880487,0.557571,0.116721
139,0.078452,20.051556,3.000000,0.985088,0.609068,0.064210
139,0.066682,16.415264,2.000000,0.909428,0.461280,0.189373
139,0.060797,11.048187,1.000000,1.000000,0.514538,0.162214
139,0.083189,11.203308,1.000000,0.837941,0.422403,0.274788
139,0.080511,10.820292,1.000000,0.893693,0.456387,0.206844
139,0.076465,11.245882,1.000000,0.869090,0.435208,0.228315
139,0.079938,5.996836,0.000000,0.877747,0.453779,0.213397
139,0.048523,7.977454,0.000000,0.800785,0.552424,0.295706
139,0.077764,7.080917,0.000000,0.759938,0.555704,0.216328
139,0.072146,6.051039,0.000000,0.917656,0.549480,0.076567
139,0.075897,6.687441,0.000000,0.819435,0.492511,0.198339
140,0.078020,40.610695,7.000000,0.930336,0.561899,0.000000
140,0.087026,30.922197,5.000000,0.849050,0.401694,0.234137
140,0.066102,31.669004,5.000000,0.880487,0.557571,0.129299
140,0.060797,31.048187,5.000000,1.000000,0.514538,0.194988
140,0.072565,25.626692,4.000000,0.962906,0.598778,0.078493
140,0.068144,26.108688,4.000000,0.937299,0.488950,0.134601
140,0.078452,25.051556,4.000000,0.985088,0.609068,0.080579
140,0.087127,21.150038,3.000000,0.824508,0.400000,0.245864
140,0.074517,20.926292,3.000000,0.917087,0.555518,0.038292
140,0.076465,21.245897,3.000000,0.869090,0.435208,0.170505
140,0.060170,16.745586,2.000000,0.912197,0.536240,0.182261
140,0.083189,16.203308,2.000000,0.837941,0.422403,0.203993
140,0.080511,15.820282,2.000000,0.893693,0.456387,0.139134
140,0.066173,12.035645,1.000000,0.830174,0.580095,0.156797
140,0.066682,6.415279,0.000000,0.909428,0.461280,0.170622
141,0.068144,42.816040,8.000000,0.937299,0.488950,0.000000
141,0.078452,35.864491,7.000000,0.985088,0.609068,0.188294
141,0.078020,31.896652,6.000000,0.930336,0.561899,0.134601
141,0.087127,32.892391,6.000000,0.824508,0.400000,0.247229
141,0.087026,22.471724,4.000000,0.849050,0.401694,0.235238
141,0.060797,22.704346,4.000000,1.000000,0.514538,0.101744
141,0.066102,18.850494,3.000000,0.880487,0.557571,0.104891
141,0.066173,19.527344,3.000000,0.830174,0.580095,0.157622
141,0.072565,11.926202,2.000000,0.962906,0.598778,0.146486
141,0.074517,12.479309,2.000000,0.917087,0.555518,0.106743
141,0.076465,13.069341,2.000000,0.869090,0.435208,0.126846
141,0.080511,12.283600,2.000000,0.893693,0.456387,0.137309
141,0.083189,7.990723,1.000000,0.837941,0.422403,0.198560
141,0.060170,3.991868,0.000000,0.912197,0.536240,0.102383
142,0.078020,49.428955,9.000000,0.930336,0.561899,0.000000
142,0.072565,49.449242,9.000000,0.962906,0.598778,0.078493
142,0.076465,40.235157,7.000000,0.869090,0.435208,0.170505
142,0.068144,30.061028,5.000000,0.937299,0.488950,0.134601
142,0.066173,31.237549,5.000000,0.830174,0.580095,0.156797
142,0.083189,20.181122,3.000000,0.837941,0.422403,0.203993
142,0.087026,14.824314,2.000000,0.849050,0.401694,0.234137
142,0.060797,14.984238,2.000000,1.000000,0.514538,0.194988
142,0.066102,15.772215,2.000000,0.880487,0.557571,0.129299
142,0.074517,14.829525,2.000000,0.917087,0.555518,0.038292
142,0.080511,14.694968,2.000000,0.893693,0.456387,0.139134
142,0.078452,8.719282,1.000000,0.985088,0.609068,0.080579
142,0.087127,10.113490,1.000000,0.824508,0.400000,0.245864
143,0.072565,30.626711,5.000000,0.962906,0.598778,0.000000
143,0.078020,30.610682,5.000000,0.930336,0.561899,0.078493
143,0.068144,26.108688,4.000000,0.937299,0.488950,0.146486
143,0.087026,25.922178,4.000000,0.849050,0.401694,0.307513
143,0.078452,25.051556,4.000000,0.985088,0.609068,0.064210
143,0.066173,22.035645,3.000000,0.830174,0.580095,0.149163
143,0.067753,21.362198,3.000000,0.908865,0.462424,0.185168
143,0.060797,21.048187,3.000000,1.000000,0.514538,0.162214
143,0.066102,21.669018,3.000000,0.880487,0.557571,0.116721
143,0.087127,21.150045,3.000000,0.824508,0.400000,0.319528
143,0.057736,17.095743,2.000000,0.879705,0.519082,0.197070
143,0.084567,15.239873,2.000000,0.930576,0.524817,0.154910
143,0.080511,15.820284,2.000000,0.893693,0.456387,0.206844
143,0.074517,15.926292,2.000000,0.917087,0.555518,0.073514
143,0.083189,16.203308,2.000000,0.837941,0.422403,0.274788
143,0.076465,16.245901,2.000000,0.869090,0.435208,0.228315
143,0.079961,10.044167,1.000000,0.976479,0.642043,0.092618
143,0.069020,6.026962,0.000000,0.941057,0.451063,0.189282
144,0.080511,30.675987,6.000000,0.893693,0.456387,0.000000
144,0.078020,25.208469,5.000000,0.930336,0.561899,0.139134
144,0.068144,21.319382,4.000000,0.937299,0.488950,0.137309
144,0.066173,23.387207,4.000000,0.830174,0.580095,0.220241
144,0.079961,13.944679,3.000000,0.976479,0.642043,0.246455
144,0.072565,15.244195,3.000000,0.962906,0.598778,0.206844
144,0.074517,15.912498,3.000000,0.917087,0.555518,0.139626
144,0.087127,16.411591,3.000000,0.824508,0.400000,0.118877
144,0.060797,16.184418,3.000000,1.000000,0.514538,0.235478
144,0.067753,16.884903,3.000000,0.908865,0.462424,0.128707
144,0.087026,15.903325,3.000000,0.849050,0.401694,0.104454
144,0.066102,12.569347,2.000000,0.880487,0.557571,0.192185
144,0.084567,9.381249,2.000000,0.930576,0.524817,0.101597
144,0.078452,8.961163,2.000000,0.985088,0.609068,0.212605
144,0.076465,11.625447,2.000000,0.869090,0.435208,0.054252
144,0.057736,8.521231,1.000000,0.879705,0.519082,0.241262
144,0.083189,6.530457,1.000000,0.837941,0.422403,0.075031
145,0.057736,32.877659,5.000000,0.879705,0.519082,0.000000
145,0.060797,32.112137,5.000000,1.000000,0.514538,0.124258
145,0.078020,26.792423,4.000000,0.930336,0.561899,0.215801
145,0.080511,26.945583,4.000000,0.893693,0.456387,0.241262
145,0.079961,26.378429,4.000000,0.976479,0.642043,0.287022
145,0.079202,21.554615,3.000000,0.956984,0.537269,0.229272
145,0.078452,21.383829,3.000000,0.985088,0.609068,0.258210
145,0.087127,22.186573,3.000000,0.824508,0.400000,0.334047
145,0.064368,17.203388,2.000000,0.956389,0.439686,0.141873
145,0.087026,17.020054,2.000000,0.849050,0.401694,0.329025
145,0.072565,16.804129,2.000000,0.962906,0.598778,0.197070
145,0.068374,16.995953,2.000000,0.961744,0.402284,0.198399
145,0.068144,17.156349,2.000000,0.937299,0.488950,0.124768
145,0.083189,17.225494,2.000000,0.837941,0.422403,0.284835
145,0.083768,11.297361,1.000000,0.964648,0.635218,0.309929
145,0.070165,12.625562,1.000000,0.844058,0.510851,0.129709
145,0.064822,12.245191,1.000000,0.945887,0.448980,0.130687
145,0.076465,12.256606,1.000000,0.869090,0.435208,0.214900
145,0.078030,11.805731,1.000000,0.928343,0.456466,0.222877
145,0.084567,11.521449,1.000000,0.930576,0.524817,0.273183
145,0.066173,12.833740,1.000000,0.830174,0.580095,0.124045
145,0.066102,7.565821,0.000000,0.880487,0.557571,0.096506
145,0.067753,7.341606,0.000000,0.908865,0.462424,0.126090
145,0.077282,6.443516,0.000000,0.984290,0.584362,0.236224
145,0.080779,7.212300,0.000000,0.852369,0.593721,0.250095
145,0.091287,7.147869,0.000000,0.811021,0.400000,0.373420
145,0.074517,7.023063,0.000000,0.917087,0.555518,0.177849
145,0.090838,7.048920,0.000000,0.827007,0.400000,0.366752
146,0.068374,26.462181,5.000000,0.961744,0.402284,0.000000
146,0.072565,25.917009,5.000000,0.962906,0.598778,0.249170
146,0.060797,21.792389,4.000000,1.000000,0.514538,0.163993
146,0.084567,20.113552,4.000000,0.930576,0.524817,0.225061
146,0.083768,19.476711,4.000000,0.964648,0.635218,0.329370
146,0.079202,20.207886,4.000000,0.956984,0.537269,0.200540
146,0.079961,19.707115,4.000000,0.976479,0.642043,0.321653
146,0.057736,18.968094,3.000000,0.879705,0.519082,0.198399
146,0.078452,9.722462,2.000000,0.985088,0.609068,0.278412
146,0.087127,12.003907,2.000000,0.824508,0.400000,0.232400
146,0.087026,11.530707,2.000000,0.849050,0.401694,0.217918
146,0.080511,11.319059,2.000000,0.893693,0.456387,0.154710
146,0.083189,12.114563,2.000000,0.837941,0.422403,0.194695
146,0.066173,13.843262,2.000000,0.830174,0.580095,0.259223
146,0.068144,6.918049,1.000000,0.937299,0.488950,0.111079
146,0.070165,8.251596,1.000000,0.844058,0.510851,0.180520
146,0.064822,7.170539,1.000000,0.945887,0.448980,0.070146
146,0.076465,7.202989,1.000000,0.869090,0.435208,0.129711
146,0.078030,5.921557,1.000000,0.928343,0.456466,0.122578
146,0.064368,2.051732,0.000000,0.956389,0.439686,0.061801
146,0.078020,0.883700,0.000000,0.930336,0.561899,0.223825
147,0.078452,29.151487,6.000000,0.985088,0.609068,0.000000
147,0.079961,24.135288,5.000000,0.976479,0.642043,0.044729
147,0.087127,21.559717,4.000000,0.824508,0.400000,0.318759
147,0.078030,20.417192,4.000000,0.928343,0.456466,0.199059
147,0.064822,21.735523,4.000000,0.945887,0.448980,0.245275
147,0.079202,19.663868,4.000000,0.956984,0.537269,0.094344
147,0.083768,18.892084,4.000000,0.964648,0.635218,0.065669
147,0.087026,16.060162,3.000000,0.849050,0.401694,0.305041
147,0.060797,16.336411,3.000000,1.000000,0.514538,0.212967
147,0.057736,13.632959,2.000000,0.879705,0.519082,0.258210
147,0.084567,9.564341,2.000000,0.930576,0.524817,0.133424
147,0.080511,10.836778,2.000000,0.893693,0.456387,0.212605
147,0.070165,12.876712,2.000000,0.844058,0.510851,0.204523
147,0.076465,11.769838,2.000000,0.869090,0.435208,0.247145
147,0.068374,5.987864,1.000000,0.961744,0.402284,0.278412
147,0.066173,8.501221,1.000000,0.830174,0.580095,0.200968
147,0.072565,5.412354,1.000000,0.962906,0.598778,0.064210
147,0.083189,1.676487,0.000000,0.837941,0.422403,0.279891
147,0.068144,1.469064,0.000000,0.937299,0.488950,0.188294
148,0.084567,41.155270,7.000000,0.930576,0.524817,0.000000
148,0.078452,36.003181,6.000000,0.985088,0.609068,0.133424
148,0.078030,31.469513,5.000000,0.928343,0.456466,0.107604
148,0.083768,30.907612,5.000000,0.964648,0.635218,0.142370
148,0.079202,26.191956,4.000000,0.956984,0.537269,0.061793
148,0.060797,26.808151,4.000000,1.000000,0.514538,0.247965
148,0.070165,27.375629,4.000000,0.844058,0.510851,0.168914
148,0.066173,22.605713,3.000000,0.830174,0.580095,0.220660
148,0.068374,21.679737,3.000000,0.961744,0.402284,0.225061
148,0.087026,21.706379,3.000000,0.849050,0.401694,0.175889
148,0.072565,16.467730,2.000000,0.962906,0.598778,0.154910
148,0.076465,11.967830,1.000000,0.869090,0.435208,0.151299
148,0.064822,11.955211,1.000000,0.945887,0.448980,0.219566
148,0.087127,11.890403,1.000000,0.824508,0.400000,0.190390
148,0.079961,10.997211,1.000000,0.976479,0.642043,0.160315
148,0.080511,6.624077,0.000000,0.893693,0.456387,0.101597
148,0.057736,7.654241,0.000000,0.879705,0.519082,0.273183
149,0.084567,31.212040,6.000000,0.930576,0.524817,0.000000
149,0.078452,30.864464,6.000000,0.985088,0.609068,0.133424
149,0.083768,30.645918,6.000000,0.964648,0.635218,0.142370
149,0.079202,31.295898,6.000000,0.956984,0.537269,0.061793
149,0.076465,28.069355,5.000000,0.869090,0.435208,0.151299
149,0.078030,21.930267,4.000000,0.928343,0.456466,0.107604
149,0.072565,21.926235,4.000000,0.962906,0.598778,0.154910
149,0.060797,17.704346,3.000000,1.000000,0.514538,0.247965
149,0.087026,17.471712,3.000000,0.849050,0.401694,0.175889
149,0.068374,12.410828,2.000000,0.961744,0.402284,0.225061
149,0.087127,12.892349,2.000000,0.824508,0.400000,0.190390
149,0.070165,9.001419,1.000000,0.844058,0.510851,0.168914
149,0.066173,9.527344,1.000000,0.830174,0.580095,0.220660
149,0.079961,5.850775,1.000000,0.976479,0.642043,0.160315
149,0.064822,3.040467,0.000000,0.945887,0.448980,0.219566
150,0.076465,38.069286,7.000000,0.869090,0.435208,0.000000
150,0.087026,32.471718,6.000000,0.849050,0.401694,0.115364
150,0.078452,25.864410,5.000000,0.985088,0.609068,0.247145
150,0.079202,26.295898,5.000000,0.956984,0.537269,0.157322
150,0.079961,25.850769,5.000000,0.976479,0.642043,0.282133
150,0.078030,21.930267,4.000000,0.928343,0.456466,0.066797
150,0.072565,21.926235,4.000000,0.962906,0.598778,0.228315
150,0.084567,16.212042,3.000000,0.930576,0.524817,0.151299
150,0.068374,17.410828,3.000000,0.961744,0.402284,0.129711
150,0.066173,19.527344,3.000000,0.830174,0.580095,0.211917
150,0.070165,14.001434,2.000000,0.844058,0.510851,0.116345
150,0.083768,5.645966,1.000000,0.964648,0.635218,0.277437
150,0.060797,7.704346,1.000000,1.000000,0.514538,0.226980
150,0.087127,7.892349,1.000000,0.824508,0.400000,0.123663
151,0.083959,36.650635,6.000000,0.815402,0.505445,0.000000
151,0.070945,25.832699,4.000000,0.989444,0.545489,0.223007
151,0.071588,25.704712,4.000000,1.000000,0.635715,0.275493
151,0.071483,26.309561,4.000000,0.927600,0.619282,0.220004
151,0.083768,25.322983,4.000000,0.964648,0.635218,0.220436
151,0.079961,20.425385,3.000000,0.976479,0.642043,0.238115
151,0.078030,20.965134,3.000000,0.928343,0.456466,0.141492
151,0.087127,21.446194,3.000000,0.824508,0.400000,0.135866
151,0.076465,21.534674,3.000000,0.869090,0.435208,0.127305
151,0.066173,17.263672,2.000000,0.830174,0.580095,0.201398
151,0.068374,16.205414,2.000000,0.961744,0.402284,0.249666
151,0.084567,15.606032,2.000000,0.930576,0.524817,0.117848
151,0.072565,15.963113,2.000000,0.962906,0.598778,0.219887
151,0.079202,15.647926,2.000000,0.956984,0.537269,0.154567
151,0.078452,15.432205,2.000000,0.985088,0.609068,0.220462
151,0.077403,15.355841,2.000000,1.000000,0.595191,0.225743
151,0.070165,12.000710,1.000000,0.844058,0.510851,0.141046
151,0.079786,10.640099,1.000000,0.954331,0.449355,0.161116
151,0.084415,5.980080,0.000000,0.890890,0.427450,0.123386
151,0.060797,6.352173,0.000000,1.000000,0.514538,0.296401
151,0.087026,6.235872,0.000000,0.849050,0.401694,0.137446
152,0.077403,40.355824,7.000000,1.000000,0.595191,0.000000
152,0.070945,35.832699,6.000000,0.989444,0.545489,0.090228
152,0.071588,30.704712,5.000000,1.000000,0.635715,0.077116
152,0.079202,25.647940,4.000000,0.956984,0.537269,0.086117
152,0.083768,20.322983,3.000000,0.964648,0.635218,0.088347
152,0.079961,20.425385,3.000000,0.976479,0.642043,0.068098
152,0.078030,20.965134,3.000000,0.928343,0.456466,0.187733
152,0.087127,21.446196,3.000000,0.824508,0.400000,0.315887
152,0.076465,21.534679,3.000000,0.869090,0.435208,0.239201
152,0.083959,21.650635,3.000000,0.815402,0.505445,0.225743
152,0.084567,20.606030,3.000000,0.930576,0.524817,0.133008
152,0.066173,17.263672,2.000000,0.830174,0.580095,0.204470
152,0.078452,15.432205,2.000000,0.985088,0.609068,0.025167
152,0.072565,10.963097,1.000000,0.962906,0.598778,0.061124
152,0.068374,11.205414,1.000000,0.961744,0.402284,0.260308
152,0.071483,11.309578,1.000000,0.927600,0.619282,0.098249
152,0.070165,7.000710,0.000000,0.844058,0.510851,0.201669
152,0.079786,5.640105,0.000000,0.954331,0.449355,0.189434
153,0.079961,50.234776,9.000000,0.976479,0.642043,0.000000
153,0.070945,35.659058,6.000000,0.989444,0.545489,0.151204
153,0.079202,30.466610,5.000000,0.956984,0.537269,0.132627
153,0.087127,26.298111,4.000000,0.824508,0.400000,0.346078
153,0.076465,26.390293,4.000000,0.869090,0.435208,0.282133
153,0.083959,26.511078,4.000000,0.815402,0.505445,0.238115
153,0.084567,25.422939,4.000000,0.930576,0.524817,0.160315
153,0.066173,27.149658,4.000000,0.830174,0.580095,0.215434
153,0.078030,20.797014,3.000000,0.928343,0.456466,0.237699
153,0.072565,15.794909,2.000000,0.962906,0.598778,0.092618
153,0.071483,16.155798,2.000000,0.927600,0.619282,0.101910
153,0.077403,10.162323,1.000000,1.000000,0.595191,0.068098
153,0.083768,10.128107,1.000000,0.964648,0.635218,0.040774
153,0.068374,11.047306,1.000000,0.961744,0.402284,0.321653
153,0.071588,5.525735,0.000000,1.000000,0.635715,0.087325
153,0.078452,5.241880,0.000000,0.985088,0.609068,0.044729
1,0.056000,87.258179,16.000000,0.480000,0.480000,0.000000
1,0.056000,47.258171,8.000000,0.480000,0.480000,0.000000
1,0.056000,37.258186,6.000000,0.480000,0.480000,0.000000
1,0.056000,32.258217,5.000000,0.480000,0.480000,0.000000
1,0.056000,27.258297,4.000000,0.480000,0.480000,0.000000
1,0.056000,27.258282,4.000000,0.480000,0.480000,0.000000
1,0.056000,22.258291,3.000000,0.480000,0.480000,0.000000
1,0.056000,22.258301,3.000000,0.480000,0.480000,0.000000
1,0.056000,12.258229,1.000000,0.480000,0.480000,0.000000
1,0.056000,7.258229,0.000000,0.480000,0.480000,0.000000
2,0.056000,50.871140,9.000000,0.480000,0.480000,0.000000
2,0.056000,45.871166,8.000000,0.480000,0.480000,0.000000
2,0.056000,40.871143,7.000000,0.480000,0.480000,0.000000
2,0.056000,40.871132,7.000000,0.480000,0.480000,0.000000
2,0.056000,30.871218,5.000000,0.480000,0.480000,0.000000
2,0.056000,30.871202,5.000000,0.480000,0.480000,0.000000
2,0.056000,25.871328,4.000000,0.480000,0.480000,0.000000
2,0.056000,20.871328,3.000000,0.480000,0.480000,0.000000
2,0.056000,15.871321,2.000000,0.480000,0.480000,0.000000
3,0.056000,52.742050,9.000000,0.480000,0.480000,0.000000
3,0.056000,42.742081,7.000000,0.480000,0.480000,0.000000
3,0.056000,37.742111,6.000000,0.480000,0.480000,0.000000
3,0.056727,37.434971,6.000000,0.508310,0.499874,0.038360
3,0.056000,27.742132,4.000000,0.480000,0.480000,0.000000
3,0.058830,27.440529,4.000000,0.498606,0.468233,0.036926
3,0.058057,27.466431,4.000000,0.499371,0.465657,0.033461
3,0.056000,22.742096,3.000000,0.480000,0.480000,0.000000
3,0.056000,22.742134,3.000000,0.480000,0.480000,0.000000
3,0.056000,17.742121,2.000000,0.480000,0.480000,0.000000
3,0.056000,12.742071,1.000000,0.480000,0.480000,0.000000
3,0.056000,12.742071,1.000000,0.480000,0.480000,0.000000
3,0.054620,7.849083,0.000000,0.474370,0.502824,0.032189
4,0.058830,52.513657,9.000000,0.498606,0.468233,0.000000
4,0.056000,47.806564,8.000000,0.480000,0.480000,0.036926
4,0.056000,32.806580,5.000000,0.480000,0.480000,0.036926
4,0.056000,32.806591,5.000000,0.480000,0.480000,0.036926
4,0.056727,32.508263,5.000000,0.508310,0.499874,0.045834
4,0.056000,27.806644,4.000000,0.480000,0.480000,0.036926
4,0.056000,27.806643,4.000000,0.480000,0.480000,0.036926
4,0.056000,22.806643,3.000000,0.480000,0.480000,0.036926
4,0.056000,22.806623,3.000000,0.480000,0.480000,0.036926
4,0.058057,17.538818,2.000000,0.499371,0.465657,0.008415
4,0.056000,17.806625,2.000000,0.480000,0.480000,0.036926
4,0.056000,7.806583,0.000000,0.480000,0.480000,0.036926
5,0.056000,51.967873,9.000000,0.480000,0.480000,0.000000
5,0.056727,41.555527,7.000000,0.508310,0.499874,0.038360
5,0.058057,36.597778,6.000000,0.499371,0.465657,0.033461
5,0.056000,31.967913,5.000000,0.480000,0.480000,0.000000
5,0.058830,26.562996,4.000000,0.498606,0.468233,0.036926
5,0.056000,26.968000,4.000000,0.480000,0.480000,0.000000
5,0.056000,26.968010,4.000000,0.480000,0.480000,0.000000
5,0.056000,21.968000,3.000000,0.480000,0.480000,0.000000
5,0.056000,21.968008,3.000000,0.480000,0.480000,0.000000
5,0.056000,21.968008,3.000000,0.480000,0.480000,0.000000
5,0.056000,16.968012,2.000000,0.480000,0.480000,0.000000
6,0.056000,49.161514,9.000000,0.480000,0.480000,0.000000
6,0.056000,39.161491,7.000000,0.480000,0.480000,0.000000
6,0.056000,29.161709,5.000000,0.480000,0.480000,0.000000
6,0.056000,29.161705,5.000000,0.480000,0.480000,0.000000
6,0.054900,23.477913,4.000000,0.512388,0.488256,0.035727
6,0.058830,18.381939,3.000000,0.498606,0.468233,0.036926
6,0.056000,19.161806,3.000000,0.480000,0.480000,0.000000
6,0.056000,19.161804,3.000000,0.480000,0.480000,0.000000
6,0.057893,18.058113,3.000000,0.514774,0.498544,0.045878
6,0.056000,14.161727,2.000000,0.480000,0.480000,0.000000
6,0.056727,13.367612,2.000000,0.508310,0.499874,0.038360
6,0.056000,14.161742,2.000000,0.480000,0.480000,0.000000
6,0.058057,8.448914,1.000000,0.499371,0.465657,0.033461
6,0.052831,9.333911,1.000000,0.486846,0.477746,0.032547
6,0.053201,3.806458,0.000000,0.507223,0.471469,0.040474
7,0.054900,57.297478,10.000000,0.512388,0.488256,0.000000
7,0.057893,37.123528,6.000000,0.514774,0.498544,0.032659
7,0.058830,32.257710,5.000000,0.498606,0.468233,0.048589
7,0.058057,32.285461,5.000000,0.499371,0.465657,0.044314
7,0.056000,27.580860,4.000000,0.480000,0.480000,0.035727
7,0.056727,27.251835,4.000000,0.508310,0.499874,0.023694
7,0.056000,22.580841,3.000000,0.480000,0.480000,0.035727
7,0.056000,22.580856,3.000000,0.480000,0.480000,0.035727
7,0.056000,22.580841,3.000000,0.480000,0.480000,0.035727
7,0.056000,22.580853,3.000000,0.480000,0.480000,0.035727
7,0.056000,17.580839,2.000000,0.480000,0.480000,0.035727
7,0.056000,17.580822,2.000000,0.480000,0.480000,0.035727
7,0.056000,7.580791,0.000000,0.480000,0.480000,0.035727
7,0.052831,7.652167,0.000000,0.486846,0.477746,0.035401
8,0.056000,47.871120,8.000000,0.480000,0.480000,0.000000
8,0.056000,42.871078,7.000000,0.480000,0.480000,0.000000
8,0.054900,37.621780,6.000000,0.512388,0.488256,0.035727
8,0.056000,37.871132,6.000000,0.480000,0.480000,0.000000
8,0.057893,32.468704,5.000000,0.514774,0.498544,0.045878
8,0.056000,32.871086,5.000000,0.480000,0.480000,0.000000
8,0.056727,22.581606,3.000000,0.508310,0.499874,0.038360
8,0.056000,22.871155,3.000000,0.480000,0.480000,0.000000
8,0.058830,17.586784,2.000000,0.498606,0.468233,0.036926
8,0.058057,17.611206,2.000000,0.499371,0.465657,0.033461
8,0.056000,17.871149,2.000000,0.480000,0.480000,0.000000
8,0.056000,12.871096,1.000000,0.480000,0.480000,0.000000
9,0.056000,32.193695,5.000000,0.480000,0.480000,0.000000
9,0.058830,31.818943,5.000000,0.498606,0.468233,0.036926
9,0.054260,32.010185,5.000000,0.503325,0.464515,0.034952
9,0.056000,27.193779,4.000000,0.480000,0.480000,0.000000
9,0.056000,27.193790,4.000000,0.480000,0.480000,0.000000
9,0.056727,26.812130,4.000000,0.508310,0.499874,0.038360
9,0.054900,21.865074,3.000000,0.512388,0.488256,0.035727
9,0.057893,21.663292,3.000000,0.514774,0.498544,0.045878
9,0.058057,21.851135,3.000000,0.499371,0.465657,0.033461
9,0.057371,17.225494,2.000000,0.471540,0.472777,0.018469
9,0.055127,16.602060,2.000000,0.532351,0.472349,0.053929
9,0.057563,16.992489,2.000000,0.490120,0.492202,0.024072
9,0.059079,17.140285,2.000000,0.471751,0.462501,0.038662
9,0.056000,17.193787,2.000000,0.480000,0.480000,0.000000
9,0.056000,17.193779,2.000000,0.480000,0.480000,0.000000
9,0.058278,11.731659,1.000000,0.507789,0.459939,0.043816
9,0.056000,12.193717,1.000000,0.480000,0.480000,0.000000
9,0.056000,7.193717,0.000000,0.480000,0.480000,0.000000
10,0.056000,46.967873,8.000000,0.480000,0.480000,0.000000
10,0.054900,36.612839,6.000000,0.512388,0.488256,0.035727
10,0.058057,31.597778,5.000000,0.499371,0.465657,0.033461
10,0.056000,31.967875,5.000000,0.480000,0.480000,0.000000
10,0.056727,26.555632,4.000000,0.508310,0.499874,0.038360
10,0.058278,26.468689,4.000000,0.507789,0.459939,0.043816
10,0.056000,21.968002,3.000000,0.480000,0.480000,0.000000
10,0.056000,21.968012,3.000000,0.480000,0.480000,0.000000
10,0.057371,22.002258,3.000000,0.471540,0.472777,0.018469
10,0.054260,16.769718,2.000000,0.503325,0.464515,0.034952
10,0.057893,16.394821,2.000000,0.514774,0.498544,0.045878
10,0.056000,16.967970,2.000000,0.480000,0.480000,0.000000
10,0.058830,11.562996,1.000000,0.498606,0.468233,0.036926
10,0.057563,11.750444,1.000000,0.490120,0.492202,0.024072
10,0.055127,11.328663,1.000000,0.532351,0.472349,0.053929
10,0.059079,6.910192,0.000000,0.471751,0.462501,0.038662
10,0.056000,6.967924,0.000000,0.480000,0.480000,0.000000
11,0.056727,37.544899,6.000000,0.508310,0.499874,0.000000
11,0.056000,37.838802,6.000000,0.480000,0.480000,0.038360
11,0.057371,32.863312,5.000000,0.471540,0.472777,0.050406
11,0.054260,32.697563,5.000000,0.503325,0.464515,0.050867
11,0.058830,32.550220,5.000000,0.498606,0.468233,0.045834
11,0.055127,32.383125,5.000000,0.532351,0.472349,0.044922
11,0.058278,27.483002,4.000000,0.507789,0.459939,0.052274
11,0.058057,22.575012,3.000000,0.499371,0.465657,0.045674
11,0.056000,22.838902,3.000000,0.480000,0.480000,0.038360
11,0.056000,17.838881,2.000000,0.480000,0.480000,0.038360
11,0.056000,17.838882,2.000000,0.480000,0.480000,0.038360
11,0.057563,17.683880,2.000000,0.490120,0.492202,0.022198
11,0.056000,12.838840,1.000000,0.480000,0.480000,0.038360
11,0.057893,12.430351,1.000000,0.514774,0.498544,0.013431
11,0.054900,7.585741,0.000000,0.512388,0.488256,0.023694
12,0.057893,41.011292,7.000000,0.514774,0.498544,0.000000
12,0.055127,35.937981,6.000000,0.532351,0.472349,0.046327
12,0.056000,36.645348,6.000000,0.480000,0.480000,0.045878
12,0.054260,31.425955,5.000000,0.503325,0.464515,0.057100
12,0.058057,31.235840,5.000000,0.499371,0.465657,0.043930
12,0.056000,31.645330,5.000000,0.480000,0.480000,0.045878
12,0.058830,21.197357,3.000000,0.498606,0.468233,0.042247
12,0.058278,21.093018,3.000000,0.507789,0.459939,0.048910
12,0.056000,21.645452,3.000000,0.480000,0.480000,0.045878
12,0.056000,16.645430,2.000000,0.480000,0.480000,0.045878
12,0.057371,16.683350,2.000000,0.471540,0.472777,0.054164
12,0.056000,16.645445,2.000000,0.480000,0.480000,0.045878
12,0.056727,11.189125,1.000000,0.508310,0.499874,0.013431
12,0.057563,6.404769,0.000000,0.490120,0.492202,0.026105
13,0.058057,67.321655,12.000000,0.499371,0.465657,0.000000
13,0.056000,42.613037,7.000000,0.480000,0.480000,0.033461
13,0.057893,32.161880,5.000000,0.514774,0.498544,0.043930
13,0.054260,32.456959,5.000000,0.503325,0.464515,0.038203
13,0.057371,32.640076,5.000000,0.471540,0.472777,0.030012
13,0.058830,27.294273,4.000000,0.498606,0.468233,0.008415
13,0.055127,17.109798,2.000000,0.532351,0.472349,0.044901
13,0.058278,17.220032,2.000000,0.507789,0.459939,0.011262
13,0.056000,17.613108,2.000000,0.480000,0.480000,0.033461
13,0.056000,17.613108,2.000000,0.480000,0.480000,0.033461
13,0.056000,17.613070,2.000000,0.480000,0.480000,0.033461
13,0.056000,12.613047,1.000000,0.480000,0.480000,0.033461
13,0.056727,12.288416,1.000000,0.508310,0.499874,0.045674
14,0.056000,43.032372,7.000000,0.480000,0.480000,0.000000
14,0.058830,37.769604,6.000000,0.498606,0.468233,0.036926
14,0.056000,38.032333,6.000000,0.480000,0.480000,0.000000
14,0.054322,27.897602,4.000000,0.503770,0.481618,0.029166
14,0.061041,27.751104,4.000000,0.491517,0.487150,0.052479
14,0.058278,27.708405,4.000000,0.507789,0.459939,0.043816
14,0.058812,22.856283,3.000000,0.488896,0.483853,0.029889
14,0.057364,17.797318,2.000000,0.501789,0.449645,0.045832
14,0.058057,17.792175,2.000000,0.499371,0.465657,0.033461
14,0.056000,18.032429,2.000000,0.480000,0.480000,0.000000
14,0.055127,17.617537,2.000000,0.532351,0.472349,0.053929
14,0.057371,18.054657,2.000000,0.471540,0.472777,0.018469
14,0.056000,18.032425,2.000000,0.480000,0.480000,0.000000
14,0.058212,12.958902,1.000000,0.479500,0.486145,0.023422
14,0.054260,12.903753,1.000000,0.503325,0.464515,0.034952
14,0.057893,12.660469,1.000000,0.514774,0.498544,0.045878
14,0.057874,13.041742,1.000000,0.471039,0.494224,0.027343
14,0.056000,8.032376,0.000000,0.480000,0.480000,0.000000
14,0.056727,7.764775,0.000000,0.508310,0.499874,0.038360
15,0.057874,48.780140,8.000000,0.471039,0.494224,0.000000
15,0.058057,33.624634,5.000000,0.499371,0.465657,0.045620
15,0.054322,28.690311,4.000000,0.503770,0.481618,0.050807
15,0.058812,28.664570,4.000000,0.488896,0.483853,0.023979
15,0.056000,28.774290,4.000000,0.480000,0.480000,0.027343
15,0.054260,28.694141,4.000000,0.503325,0.464515,0.061058
15,0.056000,23.774286,3.000000,0.480000,0.480000,0.027343
15,0.057364,23.627829,3.000000,0.501789,0.449645,0.063850
15,0.056000,23.774292,3.000000,0.480000,0.480000,0.027343
15,0.055127,23.515842,3.000000,0.532351,0.472349,0.072537
15,0.057893,23.542587,3.000000,0.514774,0.498544,0.044068
15,0.058278,18.572449,2.000000,0.507789,0.459939,0.056600
15,0.058212,18.728497,2.000000,0.479500,0.486145,0.013601
15,0.058830,18.610573,2.000000,0.498606,0.468233,0.043668
15,0.061041,8.599049,0.000000,0.491517,0.487150,0.038739
15,0.057371,8.788147,0.000000,0.471540,0.472777,0.027280
15,0.056000,8.774267,0.000000,0.480000,0.480000,0.027343
16,0.056000,62.774300,11.000000,0.480000,0.480000,0.000000
16,0.057874,37.784996,6.000000,0.471039,0.494224,0.027343
16,0.058830,37.477093,6.000000,0.498606,0.468233,0.036926
16,0.058812,32.575073,5.000000,0.488896,0.483853,0.029889
16,0.054322,27.621872,4.000000,0.503770,0.481618,0.029166
16,0.057364,22.508423,3.000000,0.501789,0.449645,0.045832
16,0.055127,22.305082,3.000000,0.532351,0.472349,0.053929
16,0.058212,22.691217,3.000000,0.479500,0.486145,0.023422
16,0.056000,17.774342,2.000000,0.480000,0.480000,0.000000
16,0.054260,17.628836,2.000000,0.503325,0.464515,0.034952
16,0.058278,17.407867,2.000000,0.507789,0.459939,0.043816
16,0.058057,12.502625,1.000000,0.499371,0.465657,0.033461
16,0.056000,12.774327,1.000000,0.480000,0.480000,0.000000
16,0.057893,12.353645,1.000000,0.514774,0.498544,0.045878
17,0.056000,43.742020,7.000000,0.480000,0.480000,0.000000
17,0.055887,33.507954,5.000000,0.523283,0.477738,0.043390
17,0.057893,33.504234,5.000000,0.514774,0.498544,0.045878
17,0.058212,33.695084,5.000000,0.479500,0.486145,0.023422
17,0.057874,28.747999,4.000000,0.471039,0.494224,0.027343
17,0.059005,28.760868,4.000000,0.464099,0.473951,0.034830
17,0.054260,23.659777,3.000000,0.503325,0.464515,0.034952
17,0.059831,23.636810,3.000000,0.483405,0.493789,0.042145
17,0.056000,23.742039,3.000000,0.480000,0.480000,0.000000
17,0.055127,23.476786,3.000000,0.532351,0.472349,0.053929
17,0.057364,18.591743,2.000000,0.501789,0.449645,0.045832
17,0.054322,18.655848,2.000000,0.503770,0.481618,0.029166
17,0.056190,18.544849,2.000000,0.515377,0.463160,0.041209
17,0.053973,18.671921,2.000000,0.502363,0.462435,0.037322
17,0.058278,8.534882,0.000000,0.507789,0.459939,0.043816
17,0.058057,8.588440,0.000000,0.499371,0.465657,0.033461
17,0.056000,8.742011,0.000000,0.480000,0.480000,0.000000
17,0.058812,8.629427,0.000000,0.488896,0.483853,0.029889
17,0.058830,8.574009,0.000000,0.498606,0.468233,0.036926
18,0.059005,37.966553,6.000000,0.464099,0.473951,0.000000
18,0.053973,37.820568,6.000000,0.502363,0.462435,0.064834
18,0.057893,32.545410,5.000000,0.514774,0.498544,0.060305
18,0.056000,32.935570,5.000000,0.480000,0.480000,0.034830
18,0.058212,27.858521,4.000000,0.479500,0.486145,0.023074
18,0.054260,27.800659,4.000000,0.503325,0.464515,0.062689
18,0.059831,27.762943,4.000000,0.483405,0.493789,0.032493
18,0.056000,22.935648,3.000000,0.480000,0.480000,0.034830
18,0.057874,22.945435,3.000000,0.471039,0.494224,0.028605
18,0.055127,22.500366,3.000000,0.532351,0.472349,0.078527
18,0.056190,22.612061,3.000000,0.515377,0.463160,0.060033
18,0.054322,17.794191,2.000000,0.503770,0.481618,0.062119
18,0.055887,12.551514,1.000000,0.523283,0.477738,0.067064
18,0.057364,12.689026,1.000000,0.501789,0.449645,0.051118
19,0.057874,42.977615,7.000000,0.471039,0.494224,0.000000
19,0.061191,32.667171,5.000000,0.491990,0.508973,0.043344
19,0.054569,28.173153,4.000000,0.461041,0.491659,0.034674
19,0.051305,27.813021,4.000000,0.520239,0.455567,0.095239
19,0.056190,22.649372,3.000000,0.515377,0.463160,0.061297
19,0.056826,22.813637,3.000000,0.494246,0.474967,0.035040
19,0.054191,22.577641,3.000000,0.532739,0.471892,0.077090
19,0.054260,22.835024,3.000000,0.503325,0.464515,0.061058
19,0.056000,22.967907,3.000000,0.480000,0.480000,0.027343
19,0.059831,17.797901,2.000000,0.483405,0.493789,0.023153
19,0.055127,17.539423,2.000000,0.532351,0.472349,0.072537
19,0.059005,17.998325,2.000000,0.464099,0.473951,0.028605
19,0.057893,17.583763,2.000000,0.514774,0.498544,0.044068
19,0.053973,17.854633,2.000000,0.502363,0.462435,0.063889
19,0.056000,12.967864,1.000000,0.480000,0.480000,0.027343
19,0.054322,12.828715,1.000000,0.503770,0.481618,0.050807
19,0.055887,12.589771,1.000000,0.523283,0.477738,0.059574
19,0.058212,12.891981,1.000000,0.479500,0.486145,0.013601
19,0.059035,12.618130,1.000000,0.506131,0.500914,0.037896
19,0.057364,7.725131,0.000000,0.501789,0.449645,0.063850
19,0.057384,7.901716,0.000000,0.481830,0.478578,0.022869
20,0.056190,62.425503,11.000000,0.515377,0.463160,0.000000
20,0.057893,37.353645,6.000000,0.514774,0.498544,0.047398
20,0.059035,27.391285,4.000000,0.506131,0.500914,0.055875
20,0.056826,27.605423,4.000000,0.494246,0.474967,0.026548
20,0.061191,22.445019,3.000000,0.491990,0.508973,0.079543
20,0.058212,22.691217,3.000000,0.479500,0.486145,0.050215
20,0.057874,22.784922,3.000000,0.471039,0.494224,0.061297
20,0.059831,17.588181,2.000000,0.483405,0.493789,0.061755
20,0.055127,17.305082,2.000000,0.532351,0.472349,0.023088
20,0.054322,17.621872,2.000000,0.503770,0.481618,0.031873
20,0.055887,17.360226,2.000000,0.523283,0.477738,0.020093
20,0.054569,17.999168,2.000000,0.461041,0.491659,0.066963
20,0.054191,12.346999,1.000000,0.532739,0.471892,0.028640
20,0.054260,12.628836,1.000000,0.503325,0.464515,0.022819
20,0.056000,12.774327,1.000000,0.480000,0.480000,0.041209
20,0.059005,12.807690,1.000000,0.464099,0.473951,0.060033
20,0.051305,12.604686,1.000000,0.520239,0.455567,0.049995
20,0.053973,12.650353,1.000000,0.502363,0.462435,0.025720
20,0.056000,7.774327,0.000000,0.480000,0.480000,0.041209
21,0.056190,47.686684,8.000000,0.515377,0.463160,0.000000
21,0.055127,37.578442,6.000000,0.532351,0.472349,0.023088
21,0.059831,32.832851,5.000000,0.483405,0.493789,0.061755
21,0.059035,27.655937,4.000000,0.506131,0.500914,0.055875
21,0.061191,27.704208,4.000000,0.491990,0.508973,0.079543
21,0.051305,27.847736,4.000000,0.520239,0.455567,0.049995
21,0.054191,27.616100,4.000000,0.532739,0.471892,0.028640
21,0.056000,23.000179,3.000000,0.480000,0.480000,0.041209
21,0.056826,17.848345,2.000000,0.494246,0.474967,0.026548
21,0.058212,17.925442,2.000000,0.479500,0.486145,0.050215
21,0.057874,18.009640,2.000000,0.471039,0.494224,0.061297
21,0.054322,17.863132,2.000000,0.503770,0.481618,0.031873
21,0.055887,17.628029,2.000000,0.523283,0.477738,0.020093
21,0.053973,12.888723,1.000000,0.502363,0.462435,0.025720
21,0.059005,13.030098,1.000000,0.464099,0.473951,0.060033
21,0.054260,7.869389,0.000000,0.503325,0.464515,0.022819
21,0.054569,8.202101,0.000000,0.461041,0.491659,0.066963
21,0.057893,7.622116,0.000000,0.514774,0.498544,0.047398
22,0.056190,61.828518,11.000000,0.515377,0.463160,0.000000
22,0.054322,42.070431,7.000000,0.503770,0.481618,0.031873
22,0.051305,32.049320,5.000000,0.520239,0.455567,0.049995
22,0.056000,32.258186,5.000000,0.480000,0.480000,0.041209
22,0.056826,27.050156,4.000000,0.494246,0.474967,0.026548
22,0.059005,27.299328,4.000000,0.464099,0.473951,0.060033
22,0.054191,21.731735,3.000000,0.532739,0.471892,0.028640
22,0.057874,22.271280,3.000000,0.471039,0.494224,0.061297
22,0.058212,17.155848,2.000000,0.479500,0.486145,0.050215
22,0.055127,11.680174,1.000000,0.532351,0.472349,0.023088
22,0.059831,12.028985,1.000000,0.483405,0.493789,0.061755
22,0.059035,11.786366,1.000000,0.506131,0.500914,0.055875
22,0.061191,11.852593,1.000000,0.491990,0.508973,0.079543
22,0.055887,11.748104,1.000000,0.523283,0.477738,0.020093
22,0.053973,12.105508,1.000000,0.502363,0.462435,0.025720
23,0.057209,42.602737,7.000000,0.528540,0.491192,0.000000
23,0.055127,42.656536,7.000000,0.532351,0.472349,0.031670
23,0.059005,33.093643,5.000000,0.464099,0.473951,0.070282
23,0.056826,27.917753,4.000000,0.494246,0.474967,0.040025
23,0.060662,23.283043,3.000000,0.434383,0.478056,0.101624
23,0.054191,22.692993,3.000000,0.532739,0.471892,0.038869
23,0.055887,22.704544,3.000000,0.523283,0.477738,0.022030
23,0.059831,17.902767,2.000000,0.483405,0.493789,0.052296
23,0.057896,18.027033,2.000000,0.476645,0.488705,0.052440
23,0.054518,17.869556,2.000000,0.510417,0.465243,0.045880
23,0.053973,17.956806,2.000000,0.502363,0.462435,0.054995
23,0.056190,17.761307,2.000000,0.515377,0.463160,0.038793
23,0.056000,18.064669,2.000000,0.480000,0.480000,0.051942
23,0.059035,12.731552,1.000000,0.506131,0.500914,0.031355
23,0.061191,12.778301,1.000000,0.491990,0.508973,0.058438
23,0.052796,12.983379,1.000000,0.504618,0.486971,0.050472
23,0.051305,12.917118,1.000000,0.520239,0.455567,0.074414
23,0.057784,12.919750,1.000000,0.489903,0.504380,0.042398
23,0.054322,12.932110,1.000000,0.503770,0.481618,0.039879
23,0.058212,7.992363,0.000000,0.479500,0.486145,0.050450
23,0.057874,8.073845,0.000000,0.471039,0.494224,0.058008
24,0.054518,46.981873,8.000000,0.510417,0.465243,0.000000
24,0.055887,41.748104,7.000000,0.523283,0.477738,0.024432
24,0.052796,32.143105,5.000000,0.504618,0.486971,0.032674
24,0.061191,26.852520,4.000000,0.491990,0.508973,0.088206
24,0.057896,27.204964,4.000000,0.476645,0.488705,0.056054
24,0.054322,22.070408,3.000000,0.503770,0.481618,0.021610
24,0.059035,21.786366,3.000000,0.506131,0.500914,0.063616
24,0.059831,22.028912,3.000000,0.483405,0.493789,0.069468
24,0.054191,21.731730,3.000000,0.532739,0.471892,0.024043
24,0.060662,22.567644,3.000000,0.434383,0.478056,0.099062
24,0.059005,17.299328,2.000000,0.464099,0.473951,0.065403
24,0.057209,16.603895,2.000000,0.528540,0.491192,0.045880
24,0.053973,12.105508,1.000000,0.502363,0.462435,0.010336
24,0.056190,11.828518,1.000000,0.515377,0.463160,0.017635
24,0.056826,12.050223,1.000000,0.494246,0.474967,0.030694
24,0.056000,7.258229,0.000000,0.480000,0.480000,0.038538
24,0.055127,6.680174,0.000000,0.532351,0.472349,0.024435
24,0.051305,7.049264,0.000000,0.520239,0.455567,0.035702
24,0.057784,7.052966,0.000000,0.489903,0.504380,0.062299
25,0.059035,53.034012,9.000000,0.506131,0.500914,0.000000
25,0.057896,43.290089,7.000000,0.476645,0.488705,0.035100
25,0.060662,43.512012,7.000000,0.434383,0.478056,0.078924
25,0.059005,33.347824,5.000000,0.464099,0.473951,0.053876
25,0.061191,28.074484,4.000000,0.491990,0.508973,0.027679
25,0.055887,23.010605,3.000000,0.523283,0.477738,0.046092
25,0.054322,23.207787,3.000000,0.503770,0.481618,0.052994
25,0.057209,22.922422,3.000000,0.528540,0.491192,0.031355
25,0.056190,23.059799,3.000000,0.515377,0.463160,0.055875
25,0.056826,23.195391,3.000000,0.494246,0.474967,0.041000
25,0.052796,13.252262,1.000000,0.504618,0.486971,0.064791
25,0.054191,13.000637,1.000000,0.532739,0.471892,0.066111
25,0.053973,13.229252,1.000000,0.502363,0.462435,0.069926
25,0.054518,8.153576,0.000000,0.510417,0.465243,0.063616
25,0.059831,8.182438,0.000000,0.483405,0.493789,0.025673
26,0.061191,52.741226,9.000000,0.491990,0.508973,0.000000
26,0.055887,47.666286,8.000000,0.523283,0.477738,0.072916
26,0.057209,47.562782,8.000000,0.528540,0.491192,0.058438
26,0.059035,32.693745,5.000000,0.506131,0.500914,0.027679
26,0.052796,32.949745,5.000000,0.504618,0.486971,0.089231
26,0.056190,27.723995,4.000000,0.515377,0.463160,0.079543
26,0.054191,27.654545,4.000000,0.532739,0.471892,0.093321
26,0.059005,23.061871,3.000000,0.464099,0.473951,0.056320
26,0.060662,18.254427,2.000000,0.434383,0.478056,0.069571
26,0.054322,17.897596,2.000000,0.503770,0.481618,0.077625
26,0.057896,7.994098,0.000000,0.476645,0.488705,0.044302
26,0.056826,7.883100,0.000000,0.494246,0.474967,0.060966
26,0.053973,7.922776,0.000000,0.502363,0.462435,0.093277
27,0.059005,47.267555,8.000000,0.464099,0.473951,0.000000
27,0.052796,42.109470,7.000000,0.504618,0.486971,0.075906
27,0.060662,42.539150,7.000000,0.434383,0.478056,0.034409
27,0.057209,36.563889,6.000000,0.528540,0.491192,0.070282
27,0.061191,31.815498,5.000000,0.491990,0.508973,0.056320
27,0.059035,31.748558,5.000000,0.506131,0.500914,0.053876
27,0.056190,26.791206,4.000000,0.515377,0.463160,0.060033
27,0.054191,26.693285,4.000000,0.532739,0.471892,0.083881
27,0.055887,21.709846,3.000000,0.523283,0.477738,0.067064
27,0.054322,12.036024,1.000000,0.503770,0.481618,0.062119
28,0.057209,52.962334,9.000000,0.528540,0.491192,0.000000
28,0.059035,43.071819,7.000000,0.506131,0.500914,0.031355
28,0.059005,38.379597,6.000000,0.464099,0.473951,0.070282
28,0.055887,33.048862,5.000000,0.523283,0.477738,0.022030
28,0.054500,33.073280,5.000000,0.526569,0.499429,0.029048
28,0.060662,23.540586,3.000000,0.434383,0.478056,0.101624
28,0.054191,23.039047,3.000000,0.532739,0.471892,0.038869
28,0.061817,23.355484,3.000000,0.456778,0.473549,0.088088
28,0.052848,23.087675,3.000000,0.532734,0.511052,0.050359
28,0.054322,18.242254,2.000000,0.503770,0.481618,0.039879
28,0.061191,13.111556,1.000000,0.491990,0.508973,0.058438
28,0.056190,13.097111,1.000000,0.515377,0.463160,0.038793
28,0.061596,13.413983,1.000000,0.449387,0.448791,0.104872
28,0.059824,12.958737,1.000000,0.517319,0.520011,0.045906
28,0.052796,8.285872,0.000000,0.504618,0.486971,0.050472
28,0.062725,8.249638,0.000000,0.467834,0.532521,0.096934
29,0.059824,51.237732,9.000000,0.517319,0.520011,0.000000
29,0.052848,46.475403,8.000000,0.532734,0.511052,0.072317
29,0.055887,36.403786,6.000000,0.523283,0.477738,0.066167
29,0.054500,31.448896,5.000000,0.526569,0.499429,0.059848
29,0.061596,27.076818,4.000000,0.449387,0.448791,0.113376
29,0.060662,22.310101,3.000000,0.434383,0.478056,0.098484
29,0.061817,21.968918,3.000000,0.456778,0.473549,0.086230
29,0.054322,21.760231,3.000000,0.503770,0.481618,0.074256
29,0.061191,21.519258,3.000000,0.491990,0.508973,0.031916
29,0.057209,16.244360,2.000000,0.528540,0.491192,0.045906
29,0.054191,16.385695,2.000000,0.532739,0.471892,0.083840
29,0.059035,11.446098,1.000000,0.506131,0.500914,0.027519
29,0.059005,12.013374,1.000000,0.464099,0.473951,0.078831
29,0.056190,6.492694,0.000000,0.515377,0.463160,0.079841
30,0.061191,52.852314,9.000000,0.491990,0.508973,0.000000
30,0.060662,48.340328,8.000000,0.434383,0.478056,0.069571
30,0.052848,42.825256,7.000000,0.532734,0.511052,0.092880
30,0.061596,38.196346,6.000000,0.449387,0.448791,0.086549
30,0.054322,28.000990,4.000000,0.503770,0.481618,0.077625
30,0.057209,27.682703,4.000000,0.528540,0.491192,0.058438
30,0.059824,22.678530,3.000000,0.517319,0.520011,0.031916
30,0.054191,22.769896,3.000000,0.532739,0.471892,0.093321
30,0.059005,23.157188,3.000000,0.464099,0.473951,0.056320
30,0.054500,12.808826,1.000000,0.526569,0.499429,0.076250
30,0.061817,13.129808,1.000000,0.456778,0.473549,0.056920
30,0.059035,12.807167,1.000000,0.506131,0.500914,0.027679
30,0.055887,7.781056,0.000000,0.523283,0.477738,0.072916
31,0.057209,61.643803,11.000000,0.528540,0.491192,0.000000
31,0.060662,42.596371,7.000000,0.434383,0.478056,0.101624
31,0.054322,42.104881,7.000000,0.503770,0.481618,0.039879
31,0.054191,31.770294,5.000000,0.532739,0.471892,0.038869
31,0.054500,31.826677,5.000000,0.526569,0.499429,0.029048
31,0.061817,32.291386,5.000000,0.456778,0.473549,0.088088
31,0.061596,27.387806,4.000000,0.449387,0.448791,0.104872
31,0.059824,26.637846,4.000000,0.517319,0.520011,0.045906
31,0.052848,16.850288,2.000000,0.532734,0.511052,0.050359
31,0.061191,6.889622,0.000000,0.491990,0.508973,0.058438
31,0.059005,7.331100,0.000000,0.464099,0.473951,0.070282
31,0.059035,6.824188,0.000000,0.506131,0.500914,0.031355
32,0.052848,46.550453,8.000000,0.532734,0.511052,0.000000
32,0.057209,41.324181,7.000000,0.528540,0.491192,0.050359
32,0.054191,41.462700,7.000000,0.532739,0.471892,0.050757
32,0.054500,41.524464,7.000000,0.526569,0.499429,0.022849
32,0.061817,37.033405,6.000000,0.456778,0.473549,0.126539
32,0.061596,32.139027,5.000000,0.449387,0.448791,0.143721
32,0.059824,31.317734,5.000000,0.517319,0.520011,0.072317
32,0.054322,21.829187,3.000000,0.503770,0.481618,0.049090
32,0.060662,17.367332,2.000000,0.434383,0.478056,0.132214
33,0.060662,37.768078,6.000000,0.434383,0.478056,0.000000
33,0.053974,37.394386,6.000000,0.497560,0.499412,0.095798
33,0.054500,32.053249,5.000000,0.526569,0.499429,0.114057
33,0.061817,32.484848,5.000000,0.456778,0.473549,0.025821
33,0.052848,27.075268,4.000000,0.532734,0.511052,0.132214
33,0.057209,26.883619,4.000000,0.528540,0.491192,0.101624
33,0.061596,27.574371,4.000000,0.449387,0.448791,0.040626
33,0.054322,27.311678,4.000000,0.503770,0.481618,0.094097
33,0.054191,22.000887,3.000000,0.532739,0.471892,0.117989
33,0.059824,21.878000,3.000000,0.517319,0.520011,0.098484
33,0.054620,16.989872,2.000000,0.531620,0.497681,0.117082
33,0.059780,16.988235,2.000000,0.508294,0.502754,0.080584
33,0.061609,17.611149,2.000000,0.445916,0.466544,0.020730
33,0.056935,6.848551,0.000000,0.532779,0.497680,0.108041
34,0.052848,42.037872,7.000000,0.532734,0.511052,0.000000
34,0.059824,41.838085,7.000000,0.517319,0.520011,0.072317
34,0.061817,37.452599,6.000000,0.456778,0.473549,0.126539
34,0.054191,36.962521,6.000000,0.532739,0.471892,0.050757
34,0.054500,27.015471,4.000000,0.526569,0.499429,0.022849
34,0.057209,26.843685,4.000000,0.528540,0.491192,0.050359
34,0.054322,27.277206,4.000000,0.503770,0.481618,0.049090
34,0.054620,21.951281,3.000000,0.531620,0.497681,0.024381
34,0.059780,21.949623,3.000000,0.508294,0.502754,0.074228
34,0.061609,22.580523,3.000000,0.445916,0.466544,0.135308
34,0.060662,12.739340,1.000000,0.434383,0.478056,0.132214
34,0.053974,12.360981,1.000000,0.497560,0.499412,0.039695
34,0.061596,12.543229,1.000000,0.449387,0.448791,0.143721
35,0.053721,43.625015,7.000000,0.526017,0.475932,0.000000
35,0.054191,38.577358,6.000000,0.532739,0.471892,0.009628
35,0.059824,33.519073,5.000000,0.517319,0.520011,0.082678
35,0.054500,33.602192,5.000000,0.526569,0.499429,0.030391
35,0.055790,33.372986,5.000000,0.561498,0.491954,0.045695
35,0.059780,28.571342,4.000000,0.508294,0.502754,0.071473
35,0.057209,23.521723,3.000000,0.528540,0.491192,0.039833
35,0.060662,18.941210,2.000000,0.434383,0.478056,0.114984
35,0.058636,18.377834,2.000000,0.546883,0.481743,0.053879
35,0.063897,18.921661,2.000000,0.427132,0.453260,0.144694
35,0.052848,18.612627,2.000000,0.532734,0.511052,0.045261
35,0.054322,18.724781,2.000000,0.503770,0.481618,0.024114
35,0.058034,13.574342,1.000000,0.515343,0.527721,0.078516
35,0.054620,13.572119,1.000000,0.531620,0.497681,0.029174
35,0.056067,13.711639,1.000000,0.498420,0.472909,0.036413
35,0.061817,13.806947,1.000000,0.456778,0.473549,0.106571
35,0.054900,13.848020,1.000000,0.476287,0.457430,0.056096
35,0.053974,8.764004,0.000000,0.497560,0.499412,0.040958
35,0.061596,8.849360,0.000000,0.449387,0.448791,0.114993
35,0.061609,8.866827,0.000000,0.445916,0.466544,0.113027
36,0.059824,47.758614,8.000000,0.517319,0.520011,0.000000
36,0.055790,37.537506,6.000000,0.561498,0.491954,0.069346
36,0.058636,27.544830,4.000000,0.546883,0.481743,0.057476
36,0.054900,28.256416,4.000000,0.476287,0.457430,0.101134
36,0.054620,27.838882,4.000000,0.531620,0.497681,0.060765
36,0.057209,27.762613,4.000000,0.528540,0.491192,0.045906
36,0.059780,22.837708,3.000000,0.508294,0.502754,0.023388
36,0.053721,22.918991,3.000000,0.526017,0.475932,0.082678
36,0.052848,22.900192,3.000000,0.532734,0.511052,0.072317
36,0.058034,22.842220,3.000000,0.515343,0.527721,0.020423
36,0.063897,18.367920,2.000000,0.427132,0.453260,0.129441
36,0.054500,17.884384,2.000000,0.526569,0.499429,0.059848
36,0.056067,18.050049,2.000000,0.498420,0.472909,0.072357
36,0.060662,13.397507,1.000000,0.434383,0.478056,0.098484
36,0.054322,13.069969,1.000000,0.503770,0.481618,0.074256
36,0.061817,8.194298,0.000000,0.456778,0.473549,0.086230
36,0.054191,7.846838,0.000000,0.532739,0.471892,0.083840
37,0.058636,51.361088,9.000000,0.546883,0.481743,0.000000
37,0.054620,46.797043,8.000000,0.531620,0.497681,0.047357
37,0.057209,36.683769,6.000000,0.528540,0.491192,0.026066
37,0.053721,36.915512,6.000000,0.526017,0.475932,0.053879
37,0.059780,26.795174,4.000000,0.508294,0.502754,0.048061
37,0.052848,26.887785,4.000000,0.532734,0.511052,0.069943
37,0.055790,21.350164,3.000000,0.561498,0.491954,0.034439
37,0.060662,22.624876,3.000000,0.434383,0.478056,0.114404
37,0.059824,11.677945,1.000000,0.517319,0.520011,0.057476
37,0.054900,12.415828,1.000000,0.476287,0.457430,0.085458
37,0.058034,11.801902,1.000000,0.515343,0.527721,0.065833
37,0.063897,12.581024,1.000000,0.427132,0.453260,0.135561
37,0.054500,11.864355,1.000000,0.526569,0.499429,0.051103
37,0.056067,12.109894,1.000000,0.498420,0.472909,0.055951
37,0.054322,12.139408,1.000000,0.503770,0.481618,0.060987
38,0.058317,38.213024,6.000000,0.553557,0.495956,0.000000
38,0.051586,33.409679,5.000000,0.555238,0.493379,0.067414
38,0.054322,33.621368,5.000000,0.503770,0.481618,0.066304
38,0.059824,33.398994,5.000000,0.517319,0.520011,0.049440
38,0.060662,28.855362,4.000000,0.434383,0.478056,0.123503
38,0.054556,23.606253,3.000000,0.505444,0.524404,0.070670
38,0.057209,23.401865,3.000000,0.528540,0.491192,0.028002
38,0.052688,23.584669,3.000000,0.518297,0.462915,0.078220
38,0.054620,18.456345,2.000000,0.531620,0.497681,0.043050
38,0.056067,18.607178,2.000000,0.498420,0.472909,0.066156
38,0.055790,18.241043,2.000000,0.561498,0.491954,0.026958
38,0.052848,18.500137,2.000000,0.532734,0.511052,0.061491
38,0.059780,18.455505,2.000000,0.508294,0.502754,0.048320
38,0.053721,18.513565,2.000000,0.526017,0.475932,0.059137
38,0.054500,13.488846,1.000000,0.526569,0.499429,0.046950
38,0.053731,13.439102,1.000000,0.538981,0.479789,0.052192
38,0.060675,13.549690,1.000000,0.488908,0.492292,0.068967
38,0.058636,13.246307,1.000000,0.546883,0.481743,0.019243
38,0.058034,8.458748,0.000000,0.515343,0.527721,0.055180
38,0.063897,8.834229,0.000000,0.427132,0.453260,0.148140
38,0.054900,8.754616,0.000000,0.476287,0.457430,0.097252
39,0.059824,50.437096,9.000000,0.517319,0.520011,0.000000
39,0.054620,35.600746,6.000000,0.531620,0.497681,0.060765
39,0.052688,30.966311,5.000000,0.518297,0.462915,0.100933
39,0.060662,26.737782,4.000000,0.434383,0.478056,0.098484
39,0.054500,25.693211,4.000000,0.526569,0.499429,0.059848
39,0.053721,25.763660,4.000000,0.526017,0.475932,0.082678
39,0.054556,21.027832,3.000000,0.505444,0.524404,0.054283
39,0.057209,20.445322,3.000000,0.528540,0.491192,0.045906
39,0.060675,20.866524,3.000000,0.488908,0.492292,0.045609
39,0.051586,15.467510,2.000000,0.555238,0.493379,0.096607
39,0.058317,14.907126,2.000000,0.553557,0.495956,0.049440
39,0.055790,14.986973,2.000000,0.561498,0.491954,0.069346
39,0.058636,10.001976,1.000000,0.546883,0.481743,0.057476
39,0.059780,10.598190,1.000000,0.508294,0.502754,0.023388
39,0.056067,11.030457,1.000000,0.498420,0.472909,0.072357
39,0.052848,5.725420,0.000000,0.532734,0.511052,0.072317
39,0.053731,5.551441,0.000000,0.538981,0.479789,0.081909
39,0.054322,6.070982,0.000000,0.503770,0.481618,0.074256
40,0.060675,58.259586,10.000000,0.488908,0.492292,0.000000
40,0.054500,53.186680,9.000000,0.526569,0.499429,0.072877
40,0.053721,38.216240,6.000000,0.526017,0.475932,0.081430
40,0.059824,33.078823,5.000000,0.517319,0.520011,0.045609
40,0.056067,28.328613,4.000000,0.498420,0.472909,0.052927
40,0.054620,23.147614,3.000000,0.531620,0.497681,0.074410
40,0.060662,18.626434,2.000000,0.434383,0.478056,0.057355
40,0.054556,18.327484,2.000000,0.505444,0.524404,0.075029
40,0.057209,18.082237,2.000000,0.528540,0.491192,0.052668
40,0.055790,17.889252,2.000000,0.561498,0.491954,0.087498
40,0.059780,18.146606,2.000000,0.508294,0.502754,0.025041
40,0.052688,13.301559,1.000000,0.518297,0.462915,0.092694
40,0.051586,13.091583,1.000000,0.555238,0.493379,0.112531
40,0.058317,12.855606,1.000000,0.553557,0.495956,0.068967
40,0.058636,7.895570,0.000000,0.546883,0.481743,0.062858
41,0.060675,43.259605,7.000000,0.488908,0.492292,0.000000
41,0.055790,37.889317,6.000000,0.561498,0.491954,0.087498
41,0.051586,38.091621,6.000000,0.555238,0.493379,0.112531
41,0.056067,33.328613,5.000000,0.498420,0.472909,0.052927
41,0.054500,28.186615,4.000000,0.526569,0.499429,0.072877
41,0.059824,28.078768,4.000000,0.517319,0.520011,0.045609
41,0.054620,28.147614,4.000000,0.531620,0.497681,0.074410
41,0.054556,28.327511,4.000000,0.505444,0.524404,0.075029
41,0.058317,27.855642,4.000000,0.553557,0.495956,0.068967
41,0.060662,23.626434,3.000000,0.434383,0.478056,0.057355
41,0.057209,18.082220,2.000000,0.528540,0.491192,0.052668
41,0.053721,13.216278,1.000000,0.526017,0.475932,0.081430
41,0.059780,8.146606,0.000000,0.508294,0.502754,0.025041
41,0.052688,8.301559,0.000000,0.518297,0.462915,0.092694
42,0.054556,47.874542,8.000000,0.505444,0.524404,0.000000
42,0.054500,42.695534,7.000000,0.526569,0.499429,0.037698
42,0.059824,37.558498,6.000000,0.517319,0.520011,0.054283
42,0.058317,37.274879,6.000000,0.553557,0.495956,0.070670
42,0.060675,32.788231,5.000000,0.488908,0.492292,0.075029
42,0.057209,27.562836,4.000000,0.528540,0.491192,0.054415
42,0.055790,22.317591,3.000000,0.561498,0.491954,0.070283
42,0.051586,22.574720,3.000000,0.555238,0.493379,0.069753
42,0.056067,22.875946,3.000000,0.498420,0.472909,0.066491
42,0.060662,23.254427,3.000000,0.434383,0.478056,0.110159
42,0.054620,17.645926,2.000000,0.531620,0.497681,0.042442
42,0.053721,7.733187,0.000000,0.526017,0.475932,0.064529
43,0.060675,42.461899,7.000000,0.488908,0.492292,0.000000
43,0.051586,42.216988,7.000000,0.555238,0.493379,0.112531
43,0.056067,37.562561,6.000000,0.498420,0.472909,0.052927
43,0.054500,32.355549,5.000000,0.526569,0.499429,0.072877
43,0.058317,31.872807,5.000000,0.553557,0.495956,0.068967
43,0.060662,27.996883,4.000000,0.434383,0.478056,0.057355
43,0.054620,27.298603,4.000000,0.531620,0.497681,0.074410
43,0.054556,22.560925,3.000000,0.505444,0.524404,0.075029
43,0.059824,22.198214,3.000000,0.517319,0.520011,0.045609
43,0.057209,22.203264,3.000000,0.528540,0.491192,0.052668
43,0.055790,21.921825,3.000000,0.561498,0.491954,0.087498
44,0.054620,41.256783,7.000000,0.531620,0.497681,0.000000
44,0.057209,36.124397,6.000000,0.528540,0.491192,0.027312
44,0.056067,31.622406,5.000000,0.498420,0.472909,0.047650
44,0.058317,30.666630,5.000000,0.553557,0.495956,0.043050
44,0.051586,26.143408,4.000000,0.555238,0.493379,0.038821
44,0.060662,27.224253,4.000000,0.434383,0.478056,0.117082
44,0.059824,26.117517,4.000000,0.517319,0.520011,0.060765
44,0.055691,26.468864,4.000000,0.511334,0.444380,0.070466
44,0.054500,21.335451,3.000000,0.526569,0.499429,0.005631
44,0.061318,20.509357,3.000000,0.549549,0.490287,0.069957
44,0.054556,16.620176,2.000000,0.505444,0.524404,0.042442
44,0.060675,11.482999,1.000000,0.488908,0.492292,0.074410
44,0.055790,10.734529,1.000000,0.561498,0.491954,0.032879
44,0.054926,11.689751,1.000000,0.498525,0.473204,0.045175
44,0.061549,6.785217,0.000000,0.464101,0.471210,0.102249
44,0.052427,6.267736,0.000000,0.541816,0.487594,0.027270
45,0.055691,41.869297,7.000000,0.511334,0.444380,0.000000
45,0.054500,41.751156,7.000000,0.526569,0.499429,0.071477
45,0.061318,36.018593,6.000000,0.549549,0.490287,0.088989
45,0.060662,32.539028,5.000000,0.434383,0.478056,0.100818
45,0.054556,32.003460,5.000000,0.505444,0.524404,0.100844
45,0.054620,21.681141,3.000000,0.531620,0.497681,0.070466
45,0.058317,21.158030,3.000000,0.553557,0.495956,0.081416
45,0.051586,21.580753,3.000000,0.555238,0.493379,0.085817
45,0.055790,21.218243,3.000000,0.561498,0.491954,0.077806
45,0.054926,22.065140,3.000000,0.498525,0.473204,0.038998
45,0.056067,17.005432,2.000000,0.498420,0.472909,0.038112
45,0.059824,16.557798,2.000000,0.517319,0.520011,0.103350
45,0.057209,11.563940,1.000000,0.528540,0.491192,0.062851
45,0.060675,6.881819,0.000000,0.488908,0.492292,0.081077
46,0.054556,58.048759,10.000000,0.505444,0.524404,0.000000
46,0.055691,42.961407,7.000000,0.511334,0.444380,0.100844
46,0.051586,37.773544,6.000000,0.555238,0.493379,0.069753
46,0.061318,32.407463,5.000000,0.549549,0.490287,0.091305
46,0.054620,27.838882,4.000000,0.531620,0.497681,0.042442
46,0.055790,27.537460,4.000000,0.561498,0.491954,0.070283
46,0.057209,27.762594,4.000000,0.528540,0.491192,0.054415
46,0.054926,23.088928,3.000000,0.498525,0.473204,0.064479
46,0.060662,18.397507,2.000000,0.434383,0.478056,0.110159
46,0.058317,17.498249,2.000000,0.553557,0.495956,0.070670
46,0.056067,18.050049,2.000000,0.498420,0.472909,0.066491
46,0.054500,12.884384,1.000000,0.526569,0.499429,0.037698
46,0.059824,7.758610,0.000000,0.517319,0.520011,0.054283
47,0.061318,51.342674,9.000000,0.549549,0.490287,0.000000
47,0.051586,46.859184,8.000000,0.555238,0.493379,0.097565
47,0.055790,41.526131,7.000000,0.561498,0.491954,0.056593
47,0.058317,41.470745,7.000000,0.553557,0.495956,0.031092
47,0.054620,36.951347,6.000000,0.531620,0.497681,0.069957
47,0.057209,21.843687,3.000000,0.528540,0.491192,0.046162
47,0.055691,17.124146,2.000000,0.511334,0.444380,0.088989
47,0.054926,17.304024,2.000000,0.498525,0.473204,0.084533
47,0.060662,17.739340,2.000000,0.434383,0.478056,0.116362
47,0.056067,17.249176,2.000000,0.498420,0.472909,0.076444
47,0.054556,12.247293,1.000000,0.505444,0.524404,0.091305
47,0.054500,12.015471,1.000000,0.526569,0.499429,0.072849
48,0.058317,31.872814,5.000000,0.553557,0.495956,0.000000
48,0.050682,32.234715,5.000000,0.558374,0.503127,0.077033
48,0.061318,26.759327,4.000000,0.549549,0.490287,0.031092
48,0.055691,27.451752,4.000000,0.511334,0.444380,0.081416
48,0.054926,27.611160,4.000000,0.498525,0.473204,0.070624
48,0.060965,26.842651,4.000000,0.544004,0.520914,0.042015
48,0.063700,26.297779,4.000000,0.576292,0.494569,0.058454
48,0.057060,26.971638,4.000000,0.550701,0.519254,0.031850
48,0.057209,22.203266,3.000000,0.528540,0.491192,0.028002
48,0.054556,22.560955,3.000000,0.505444,0.524404,0.070670
48,0.055790,16.921825,2.000000,0.561498,0.491954,0.026958
48,0.054620,17.298603,2.000000,0.531620,0.497681,0.043050
48,0.060662,17.996883,2.000000,0.434383,0.478056,0.123503
48,0.056067,17.562561,2.000000,0.498420,0.472909,0.066156
48,0.051586,12.216902,1.000000,0.555238,0.493379,0.067414
48,0.054500,12.355480,1.000000,0.526569,0.499429,0.046950
48,0.052191,7.554077,0.000000,0.517494,0.485472,0.072285
49,0.060965,42.293701,7.000000,0.544004,0.520914,0.000000
49,0.063700,36.826752,6.000000,0.576292,0.494569,0.053621
49,0.057209,37.602776,6.000000,0.528540,0.491192,0.055043
49,0.054500,37.733334,6.000000,0.526569,0.499429,0.072139
49,0.050682,32.629761,5.000000,0.558374,0.503127,0.106183
49,0.057060,32.404255,5.000000,0.550701,0.519254,0.039672
49,0.056067,27.910767,4.000000,0.498420,0.472909,0.089875
49,0.055691,22.815788,3.000000,0.511334,0.444380,0.114018
49,0.054926,17.952423,2.000000,0.498525,0.473204,0.096290
49,0.054620,17.684517,2.000000,0.531620,0.497681,0.070871
49,0.058317,12.319508,1.000000,0.553557,0.495956,0.042015
49,0.054556,12.909336,1.000000,0.505444,0.524404,0.074920
49,0.055790,12.361565,1.000000,0.561498,0.491954,0.065527
49,0.060662,13.283043,1.000000,0.434383,0.478056,0.122049
49,0.061318,7.222241,0.000000,0.549549,0.490287,0.038845
49,0.051586,7.614484,0.000000,0.555238,0.493379,0.100533
50,0.063700,47.408497,8.000000,0.576292,0.494569,0.000000
50,0.054500,43.148895,7.000000,0.526569,0.499429,0.104750
50,0.054926,43.327812,7.000000,0.498525,0.473204,0.120248
50,0.050682,33.064320,5.000000,0.558374,0.503127,0.131844
50,0.057060,32.880146,5.000000,0.550701,0.519254,0.077562
50,0.055691,33.216225,5.000000,0.511334,0.444380,0.120701
50,0.054620,28.109022,4.000000,0.531620,0.497681,0.101271
50,0.060965,22.789856,3.000000,0.544004,0.520914,0.053621
50,0.058317,22.810974,3.000000,0.553557,0.495956,0.058454
50,0.056067,18.293793,2.000000,0.498420,0.472909,0.112354
50,0.055790,12.845278,1.000000,0.561498,0.491954,0.080533
50,0.057209,8.042245,0.000000,0.528540,0.491192,0.080690
50,0.054556,8.292624,0.000000,0.505444,0.524404,0.121537
50,0.060662,8.597818,0.000000,0.434383,0.478056,0.146585
51,0.060965,75.715027,14.000000,0.544004,0.520914,0.000000
51,0.055691,46.541664,8.000000,0.511334,0.444380,0.114018
51,0.063700,34.975666,6.000000,0.576292,0.494569,0.053621
51,0.055790,30.822508,5.000000,0.561498,0.491954,0.065527
51,0.054500,26.411009,4.000000,0.526569,0.499429,0.072139
51,0.057060,20.890072,3.000000,0.550701,0.519254,0.039672
51,0.054620,21.333818,3.000000,0.531620,0.497681,0.070871
51,0.054926,16.758003,2.000000,0.498525,0.473204,0.096290
51,0.050682,16.247116,2.000000,0.558374,0.503127,0.106183
51,0.056067,16.692047,2.000000,0.498420,0.472909,0.089875
51,0.058317,10.755887,1.000000,0.553557,0.495956,0.042015
52,0.055790,38.109158,6.000000,0.561498,0.491954,0.000000
52,0.050682,38.301346,6.000000,0.558374,0.503127,0.053053
52,0.054926,33.532570,5.000000,0.498525,0.473204,0.067748
52,0.065597,32.464951,5.000000,0.599578,0.471322,0.108318
52,0.060965,28.060486,4.000000,0.544004,0.520914,0.065527
52,0.063700,27.725779,4.000000,0.576292,0.494569,0.080533
52,0.057060,28.139721,4.000000,0.550701,0.519254,0.037976
52,0.054620,28.340570,4.000000,0.531620,0.497681,0.032879
52,0.058856,27.900459,4.000000,0.576057,0.484533,0.035180
52,0.054500,23.375509,3.000000,0.526569,0.499429,0.038390
52,0.055691,13.434684,1.000000,0.511334,0.444380,0.077806
52,0.056067,13.502716,1.000000,0.498420,0.472909,0.067478
52,0.058317,13.078980,1.000000,0.553557,0.495956,0.026958
52,0.062808,12.877836,1.000000,0.560634,0.516882,0.076786
52,0.055607,13.359639,1.000000,0.523844,0.468637,0.047653
53,0.065597,42.759735,7.000000,0.599578,0.471322,0.000000
53,0.055790,28.328991,4.000000,0.561498,0.491954,0.108318
53,0.060721,28.157578,4.000000,0.565149,0.496720,0.067610
53,0.062985,28.160139,4.000000,0.554514,0.513175,0.073826
53,0.054248,28.313553,4.000000,0.572044,0.520163,0.131777
53,0.050682,23.498859,3.000000,0.558374,0.503127,0.159768
53,0.057060,23.356033,3.000000,0.550701,0.519254,0.115184
53,0.068015,22.611084,3.000000,0.608047,0.492061,0.036445
53,0.053444,23.371916,3.000000,0.566272,0.474009,0.126060
53,0.054926,18.703201,2.000000,0.498525,0.473204,0.146988
53,0.063700,17.990223,2.000000,0.576292,0.494569,0.041793
53,0.055139,18.417561,2.000000,0.549633,0.544129,0.147356
53,0.062808,18.124599,2.000000,0.560634,0.516882,0.074418
53,0.055607,18.550356,2.000000,0.523844,0.468637,0.125407
53,0.061512,13.103870,1.000000,0.569630,0.490980,0.056296
53,0.058123,13.684248,1.000000,0.488149,0.450586,0.136656
53,0.058856,13.144567,1.000000,0.576057,0.484533,0.073286
53,0.054620,13.533527,1.000000,0.531620,0.497681,0.133247
53,0.060965,13.286011,1.000000,0.544004,0.520914,0.095275
53,0.058317,8.302355,0.000000,0.553557,0.495956,0.091464
53,0.056067,8.676819,0.000000,0.498420,0.472909,0.138995
53,0.055691,8.616697,0.000000,0.511334,0.444380,0.136870
53,0.054500,8.564404,0.000000,0.526569,0.499429,0.137401
53,0.051906,8.706535,0.000000,0.512162,0.522473,0.174572
54,0.058123,43.545712,7.000000,0.488149,0.450586,0.000000
54,0.054248,33.136032,5.000000,0.572044,0.520163,0.126901
54,0.057060,28.182995,4.000000,0.550701,0.519254,0.106740
54,0.061512,27.904278,4.000000,0.569630,0.490980,0.101674
54,0.065597,27.523922,4.000000,0.599578,0.471322,0.136656
54,0.055607,28.397749,4.000000,0.523844,0.468637,0.049154
54,0.062808,27.927189,4.000000,0.560634,0.516882,0.119651
54,0.058856,22.949282,3.000000,0.576057,0.484533,0.097890
54,0.053444,23.200525,3.000000,0.566272,0.474009,0.095655
54,0.054926,18.566696,2.000000,0.498525,0.473204,0.043924
54,0.060965,18.105591,2.000000,0.544004,0.520914,0.107961
54,0.054620,18.379162,2.000000,0.531620,0.497681,0.081134
54,0.068015,17.359619,2.000000,0.608047,0.492061,0.163855
54,0.050682,18.340862,2.000000,0.558374,0.503127,0.121583
54,0.062985,12.966482,1.000000,0.554514,0.513175,0.113530
54,0.055790,13.153095,1.000000,0.561498,0.491954,0.092727
54,0.055139,8.250988,0.000000,0.549633,0.544129,0.135436
54,0.063700,7.778667,0.000000,0.576292,0.494569,0.117908
54,0.060721,7.963638,0.000000,0.565149,0.496720,0.099648
55,0.053444,36.915279,6.000000,0.566272,0.474009,0.000000
55,0.050682,32.155678,5.000000,0.558374,0.503127,0.046370
55,0.057060,26.885109,4.000000,0.550701,0.519254,0.068910
55,0.065597,25.755295,4.000000,0.599578,0.471322,0.126060
55,0.062808,26.446609,4.000000,0.560634,0.516882,0.108037
55,0.060965,26.752441,4.000000,0.544004,0.520914,0.097927
55,0.068015,25.473633,4.000000,0.608047,0.492061,0.153249
55,0.058856,21.484503,3.000000,0.576057,0.484533,0.056547
55,0.054926,22.542908,3.000000,0.498525,0.473204,0.069357
55,0.062985,21.513922,3.000000,0.554514,0.513175,0.107879
55,0.055790,21.833878,3.000000,0.561498,0.491954,0.032811
55,0.058123,17.506935,2.000000,0.488149,0.450586,0.095655
55,0.061512,16.407333,2.000000,0.569630,0.490980,0.083495
55,0.055607,17.253298,2.000000,0.523844,0.468637,0.048097
55,0.054248,11.804626,1.000000,0.572044,0.520163,0.058537
55,0.054620,7.221420,0.000000,0.531620,0.497681,0.047060
56,0.065597,42.111172,7.000000,0.599578,0.471322,0.000000
56,0.068015,41.919556,7.000000,0.608047,0.492061,0.036445
56,0.054248,37.825371,6.000000,0.572044,0.520163,0.131777
56,0.050682,28.064335,4.000000,0.558374,0.503127,0.159768
56,0.055607,28.130718,4.000000,0.523844,0.468637,0.125407
56,0.062808,22.581720,3.000000,0.560634,0.516882,0.074418
56,0.060965,22.789856,3.000000,0.544004,0.520914,0.095275
56,0.058856,22.607498,3.000000,0.576057,0.484533,0.073286
56,0.058123,23.303349,3.000000,0.488149,0.450586,0.136656
56,0.061512,22.554991,3.000000,0.569630,0.490980,0.056296
56,0.054926,18.327812,2.000000,0.498525,0.473204,0.146988
56,0.055790,17.845278,2.000000,0.561498,0.491954,0.108318
56,0.053444,12.900653,1.000000,0.566272,0.474009,0.126060
56,0.057060,12.880185,1.000000,0.550701,0.519254,0.115184
56,0.062985,12.627563,1.000000,0.554514,0.513175,0.073826
57,0.065597,42.523891,7.000000,0.599578,0.471322,0.000000
57,0.061512,32.904232,5.000000,0.569630,0.490980,0.056296
57,0.062808,32.927128,5.000000,0.560634,0.516882,0.074418
57,0.068015,27.359619,4.000000,0.608047,0.492061,0.036445
57,0.055240,28.580154,4.000000,0.494767,0.479628,0.147717
57,0.058123,23.545727,3.000000,0.488149,0.450586,0.136656
57,0.057060,23.182995,3.000000,0.550701,0.519254,0.115184
57,0.062985,22.966455,3.000000,0.554514,0.513175,0.073826
57,0.065402,22.665874,3.000000,0.583005,0.499425,0.038891
57,0.055607,18.397757,2.000000,0.523844,0.468637,0.125407
57,0.053444,18.200548,2.000000,0.566272,0.474009,0.126060
57,0.068261,17.580633,2.000000,0.580994,0.473145,0.032560
57,0.047250,18.417379,2.000000,0.564791,0.511825,0.193481
57,0.060965,13.105591,1.000000,0.544004,0.520914,0.095275
57,0.050682,13.340830,1.000000,0.558374,0.503127,0.159768
57,0.054926,13.566696,1.000000,0.498525,0.473204,0.146988
57,0.055790,13.153095,1.000000,0.561498,0.491954,0.108318
57,0.051791,13.152414,1.000000,0.582881,0.541868,0.164668
57,0.058856,7.949259,0.000000,0.576057,0.484533,0.073286
57,0.054248,8.136032,0.000000,0.572044,0.520163,0.131777
58,0.060965,37.519226,6.000000,0.544004,0.520914,0.000000
58,0.062808,32.285545,5.000000,0.560634,0.516882,0.025332
58,0.068015,31.542358,5.000000,0.608047,0.492061,0.101847
58,0.065402,31.943451,5.000000,0.583005,0.499425,0.064896
58,0.055790,27.581434,4.000000,0.561498,0.491954,0.065527
58,0.055240,23.140678,3.000000,0.494767,0.479628,0.091459
58,0.058123,23.095570,3.000000,0.488149,0.450586,0.107961
58,0.062985,22.337025,3.000000,0.554514,0.513175,0.024741
58,0.053444,22.643549,3.000000,0.566272,0.474009,0.097927
58,0.047250,22.927521,3.000000,0.564791,0.511825,0.139176
58,0.054926,18.123055,2.000000,0.498525,0.473204,0.096290
58,0.050682,17.827324,2.000000,0.558374,0.503127,0.106183
58,0.055607,12.901863,1.000000,0.523844,0.468637,0.086872
58,0.051791,12.580543,1.000000,0.582881,0.541868,0.103017
58,0.068261,11.831737,1.000000,0.580994,0.473145,0.101281
58,0.065597,11.757517,1.000000,0.599578,0.471322,0.095275
58,0.057060,12.620616,1.000000,0.550701,0.519254,0.039672
58,0.061512,12.255602,1.000000,0.569630,0.490980,0.045682
59,0.068261,42.638218,7.000000,0.580994,0.473145,0.000000
59,0.062808,27.976542,4.000000,0.560634,0.516882,0.079858
59,0.062985,28.014864,4.000000,0.554514,0.513175,0.077389
59,0.055240,28.613960,4.000000,0.494767,0.479628,0.156384
59,0.068015,27.422485,4.000000,0.608047,0.492061,0.036014
59,0.053444,23.243385,3.000000,0.566272,0.474009,0.148906
59,0.055790,23.197069,3.000000,0.561498,0.491954,0.128394
59,0.065597,22.582876,3.000000,0.599578,0.471322,0.032560
59,0.057060,18.226269,2.000000,0.550701,0.519254,0.129563
59,0.047100,18.485802,2.000000,0.560034,0.505649,0.216490
59,0.061512,17.954176,2.000000,0.569630,0.490980,0.071978
59,0.051791,18.196384,2.000000,0.582881,0.541868,0.185765
59,0.047250,18.455063,2.000000,0.564791,0.511825,0.216210
59,0.065402,17.721449,2.000000,0.583005,0.499425,0.043598
59,0.050682,13.380334,1.000000,0.558374,0.503127,0.181164
59,0.058123,13.580373,1.000000,0.488149,0.450586,0.140335
59,0.064188,13.229132,1.000000,0.518804,0.516106,0.091708
59,0.064802,12.847705,1.000000,0.569241,0.509956,0.058756
59,0.070611,12.488135,1.000000,0.589117,0.462522,0.028184
59,0.060810,13.639962,1.000000,0.467114,0.426194,0.148206
59,0.055607,8.435935,0.000000,0.523844,0.468637,0.138960
59,0.060965,8.150696,0.000000,0.544004,0.520914,0.101281
59,0.054926,8.600822,0.000000,0.498525,0.473204,0.156795
59,0.064301,7.884890,0.000000,0.566495,0.523841,0.076121
59,0.057841,8.145261,0.000000,0.559323,0.463510,0.107111
59,0.054294,8.623853,0.000000,0.497273,0.465238,0.163138
59,0.060861,8.257871,0.000000,0.528454,0.520675,0.108475
59,0.050180,8.303697,0.000000,0.574280,0.457810,0.181948
60,0.057060,48.399300,8.000000,0.550701,0.519254,0.000000
60,0.068015,37.673950,6.000000,0.608047,0.492061,0.128238
60,0.055790,33.373016,5.000000,0.561498,0.491954,0.037976
60,0.064188,28.401899,4.000000,0.518804,0.516106,0.078193
60,0.065402,27.943747,4.000000,0.583005,0.499425,0.092825
60,0.061512,28.153769,4.000000,0.569630,0.490980,0.059915
60,0.062808,23.173952,3.000000,0.560634,0.516882,0.058407
60,0.070611,22.733166,3.000000,0.589117,0.462522,0.157693
60,0.047100,23.633533,3.000000,0.560034,0.505649,0.101466
60,0.065597,17.818693,2.000000,0.599578,0.471322,0.115184
60,0.047250,18.605785,2.000000,0.564791,0.511825,0.099538
60,0.064802,18.057713,2.000000,0.569241,0.509956,0.080450
60,0.068261,17.868639,2.000000,0.580994,0.473145,0.129563
60,0.051791,13.372365,1.000000,0.582881,0.541868,0.067900
60,0.055240,13.749184,1.000000,0.494767,0.479628,0.076897
60,0.053444,8.414779,0.000000,0.566272,0.474009,0.068910
60,0.050682,8.538350,0.000000,0.558374,0.503127,0.067330
60,0.058123,8.718873,0.000000,0.488149,0.450586,0.106740
60,0.062985,8.208568,0.000000,0.554514,0.513175,0.059855
60,0.060810,8.772649,0.000000,0.467114,0.426194,0.148069
61,0.062808,41.693275,7.000000,0.560634,0.516882,0.000000
61,0.051791,42.052624,7.000000,0.582881,0.541868,0.116649
61,0.064188,32.106213,5.000000,0.518804,0.516106,0.044059
61,0.070611,30.895220,5.000000,0.589117,0.462522,0.107317
61,0.047100,32.525642,5.000000,0.560034,0.505649,0.157702
61,0.047250,32.475342,5.000000,0.564791,0.511825,0.155761
61,0.061512,26.656824,4.000000,0.569630,0.490980,0.036014
61,0.068261,26.140533,4.000000,0.580994,0.473145,0.079858
61,0.068015,20.787964,3.000000,0.608047,0.492061,0.076953
61,0.057060,17.101429,2.000000,0.550701,0.519254,0.058407
61,0.065597,16.050066,2.000000,0.599578,0.471322,0.074418
61,0.065402,11.276514,1.000000,0.583005,0.499425,0.040614
61,0.055790,7.053747,0.000000,0.561498,0.491954,0.076786
61,0.064802,6.482835,0.000000,0.569241,0.509956,0.023378
61,0.055240,7.735008,0.000000,0.494767,0.479628,0.110608
62,0.070611,41.998024,7.000000,0.589117,0.462522,0.000000
62,0.068015,36.919556,6.000000,0.608047,0.492061,0.048946
62,0.047250,33.153610,5.000000,0.564791,0.511825,0.242820
62,0.068261,32.177353,5.000000,0.580994,0.473145,0.028184
62,0.062808,27.581720,4.000000,0.560634,0.516882,0.107317
62,0.051791,27.844448,4.000000,0.582881,0.541868,0.212822
62,0.047100,28.190340,4.000000,0.560034,0.505649,0.242951
62,0.061512,27.554991,4.000000,0.569630,0.490980,0.099615
62,0.057060,27.880150,4.000000,0.550701,0.519254,0.157693
62,0.065402,27.276854,4.000000,0.583005,0.499425,0.069847
62,0.064188,22.883596,3.000000,0.518804,0.516106,0.116427
62,0.065597,7.111242,0.000000,0.599578,0.471322,0.052382
63,0.051791,56.436733,10.000000,0.582881,0.541868,0.000000
63,0.047250,36.947800,6.000000,0.564791,0.511825,0.061642
63,0.062808,36.002327,6.000000,0.560634,0.516882,0.116649
63,0.057060,36.495739,6.000000,0.550701,0.519254,0.067900
63,0.068261,30.334051,5.000000,0.580994,0.473145,0.185765
63,0.047100,27.008524,4.000000,0.560034,0.505649,0.069080
63,0.065402,25.498472,4.000000,0.583005,0.499425,0.146080
63,0.070611,20.037468,3.000000,0.589117,0.462522,0.212822
63,0.061512,20.958250,3.000000,0.569630,0.490980,0.116926
63,0.068015,14.907837,2.000000,0.608047,0.492061,0.175584
63,0.064188,11.501455,1.000000,0.518804,0.516106,0.143217
64,0.065402,47.665909,8.000000,0.583005,0.499425,0.000000
64,0.047100,43.448914,7.000000,0.560034,0.505649,0.184613
64,0.061512,37.904255,6.000000,0.569630,0.490980,0.042462
64,0.051791,28.152382,4.000000,0.582881,0.541868,0.146080
64,0.068015,27.359619,4.000000,0.608047,0.492061,0.037344
64,0.060833,27.840019,4.000000,0.581518,0.487734,0.047992
64,0.062808,22.927189,3.000000,0.560634,0.516882,0.040614
64,0.068261,22.580629,3.000000,0.580994,0.473145,0.043598
64,0.070611,22.426836,3.000000,0.589117,0.462522,0.069847
64,0.059461,23.212301,3.000000,0.535100,0.547405,0.097065
64,0.064188,18.185940,2.000000,0.518804,0.516106,0.068585
64,0.057060,13.183016,1.000000,0.550701,0.519254,0.092825
64,0.055083,13.174685,1.000000,0.561779,0.529892,0.112018
64,0.070347,12.304184,1.000000,0.604124,0.444473,0.087236
64,0.047250,8.417414,0.000000,0.564791,0.511825,0.183085
64,0.049869,8.195032,0.000000,0.587119,0.502395,0.155426
65,0.060833,67.479965,12.000000,0.581518,0.487734,0.000000
65,0.065402,37.276878,6.000000,0.583005,0.499425,0.047992
65,0.068015,31.919556,5.000000,0.608047,0.492061,0.076753
65,0.068261,32.177402,5.000000,0.580994,0.473145,0.076491
65,0.055083,27.870443,4.000000,0.561779,0.529892,0.080451
65,0.061512,22.554991,3.000000,0.569630,0.490980,0.014281
65,0.051791,22.844448,3.000000,0.582881,0.541868,0.112941
65,0.062808,17.581720,2.000000,0.560634,0.516882,0.046407
65,0.070611,16.997982,2.000000,0.589117,0.462522,0.103013
65,0.059461,17.914352,2.000000,0.535100,0.547405,0.088918
65,0.064188,17.883596,2.000000,0.518804,0.516106,0.079477
65,0.070347,16.854881,2.000000,0.604124,0.444473,0.111749
65,0.047100,13.190379,1.000000,0.560034,0.505649,0.140787
65,0.057060,12.880185,1.000000,0.550701,0.519254,0.062654
66,0.062808,40.656853,7.000000,0.560634,0.516882,0.000000
66,0.061512,30.608891,5.000000,0.569630,0.490980,0.036014
66,0.060833,25.474344,4.000000,0.581518,0.487734,0.046407
66,0.068015,24.467773,4.000000,0.608047,0.492061,0.076953
66,0.070460,24.529722,4.000000,0.594044,0.480918,0.094834
66,0.059461,26.254341,4.000000,0.535100,0.547405,0.056817
66,0.061791,24.939581,4.000000,0.610130,0.467604,0.079671
66,0.066570,20.132278,3.000000,0.576518,0.497533,0.047461
66,0.070611,19.608606,3.000000,0.589117,0.462522,0.107317
66,0.051791,16.128792,2.000000,0.582881,0.541868,0.116649
66,0.063779,15.213013,2.000000,0.584093,0.497651,0.034963
66,0.057060,16.192909,2.000000,0.550701,0.519254,0.058407
66,0.057138,10.966141,1.000000,0.566480,0.532983,0.060446
66,0.047100,11.750069,1.000000,0.560034,0.505649,0.157702
66,0.064188,11.199112,1.000000,0.518804,0.516106,0.044059
66,0.055083,11.175529,1.000000,0.561779,0.529892,0.078948
66,0.068261,9.930779,1.000000,0.580994,0.473145,0.079858
66,0.065402,10.109451,1.000000,0.583005,0.499425,0.040614
66,0.070347,4.351651,0.000000,0.604124,0.444473,0.125570
67,0.062808,57.877785,10.000000,0.560634,0.516882,0.000000
67,0.070611,37.365623,6.000000,0.589117,0.462522,0.107317
67,0.065402,27.610300,4.000000,0.583005,0.499425,0.040614
67,0.070460,27.327024,4.000000,0.594044,0.480918,0.094834
67,0.057138,28.028910,4.000000,0.566480,0.532983,0.060446
67,0.066570,27.621454,4.000000,0.576518,0.497533,0.047461
67,0.061512,22.854380,3.000000,0.569630,0.490980,0.036014
67,0.047100,23.411947,3.000000,0.560034,0.505649,0.157702
67,0.063779,22.660904,3.000000,0.584093,0.497651,0.034963
67,0.059461,18.169746,2.000000,0.535100,0.547405,0.056817
67,0.068015,17.296753,2.000000,0.608047,0.492061,0.076953
67,0.068261,17.523020,2.000000,0.580994,0.473145,0.079858
67,0.051791,13.108424,1.000000,0.582881,0.541868,0.116649
67,0.061791,12.527259,1.000000,0.610130,0.467604,0.079671
67,0.060833,12.788562,1.000000,0.581518,0.487734,0.046407
67,0.057060,8.139754,0.000000,0.550701,0.519254,0.058407
67,0.064188,8.142748,0.000000,0.518804,0.516106,0.044059
67,0.055083,8.131225,0.000000,0.561779,0.529892,0.078948
68,0.065402,40.331856,7.000000,0.583005,0.499425,0.000000
68,0.070460,39.778469,7.000000,0.594044,0.480918,0.056710
68,0.070611,29.853699,5.000000,0.589117,0.462522,0.069847
68,0.047100,31.897844,5.000000,0.560034,0.505649,0.184613
68,0.066570,25.353539,4.000000,0.576518,0.497533,0.013570
68,0.063779,25.430603,4.000000,0.584093,0.497651,0.016417
68,0.061791,25.169600,4.000000,0.610130,0.467604,0.060180
68,0.059461,21.424591,3.000000,0.535100,0.547405,0.097065
68,0.060833,20.680050,3.000000,0.581518,0.487734,0.047992
68,0.062808,15.854378,2.000000,0.560634,0.516882,0.040614
68,0.057138,16.149498,2.000000,0.566480,0.532983,0.094135
68,0.061512,15.808556,2.000000,0.569630,0.490980,0.042462
68,0.068015,9.719238,1.000000,0.608047,0.492061,0.037344
68,0.051791,11.304829,1.000000,0.582881,0.541868,0.146080
68,0.068261,5.161198,0.000000,0.580994,0.473145,0.043598
69,0.068015,51.982422,9.000000,0.608047,0.492061,0.000000
69,0.065402,42.332474,7.000000,0.583005,0.499425,0.037344
69,0.063779,37.388916,6.000000,0.584093,0.497651,0.049163
69,0.066570,32.344830,5.000000,0.576518,0.497533,0.035350
69,0.061791,32.239731,5.000000,0.610130,0.467604,0.069372
69,0.070611,27.059237,4.000000,0.589117,0.462522,0.048946
69,0.059461,27.956913,4.000000,0.535100,0.547405,0.132002
69,0.062808,22.631073,3.000000,0.560634,0.516882,0.076953
69,0.070460,17.016222,2.000000,0.594044,0.480918,0.031436
69,0.047100,18.227278,2.000000,0.560034,0.505649,0.215255
69,0.060833,12.531418,1.000000,0.581518,0.487734,0.076753
69,0.057138,12.799713,1.000000,0.566480,0.532983,0.127178
69,0.061512,12.604889,1.000000,0.569630,0.490980,0.075537
69,0.051791,7.888474,0.000000,0.582881,0.541868,0.175584
70,0.047100,47.488728,8.000000,0.560034,0.505649,0.000000
70,0.068015,35.725098,6.000000,0.608047,0.492061,0.215255
70,0.061791,36.089603,6.000000,0.610130,0.467604,0.162335
70,0.063779,31.300964,5.000000,0.584093,0.497651,0.168806
70,0.059461,32.105667,5.000000,0.535100,0.547405,0.136469
70,0.070611,25.833921,4.000000,0.589117,0.462522,0.242951
70,0.070460,25.772963,4.000000,0.594044,0.480918,0.238078
70,0.060833,26.502897,4.000000,0.581518,0.487734,0.140787
70,0.066570,21.238579,3.000000,0.576518,0.497533,0.195655
70,0.061512,21.606926,3.000000,0.569630,0.490980,0.145598
70,0.062808,16.644020,2.000000,0.560634,0.516882,0.157702
70,0.065402,6.220940,0.000000,0.583005,0.499425,0.184613
70,0.057138,6.882939,0.000000,0.566480,0.532983,0.106229
71,0.047100,42.599468,7.000000,0.560034,0.505649,0.000000
71,0.063779,41.464157,7.000000,0.584093,0.497651,0.168806
71,0.066570,41.404434,7.000000,0.576518,0.497533,0.195655
71,0.068015,35.913696,6.000000,0.608047,0.492061,0.215255
71,0.070460,35.959492,6.000000,0.594044,0.480918,0.238078
71,0.060833,31.657156,5.000000,0.581518,0.487734,0.140787
71,0.070611,26.017744,4.000000,0.589117,0.462522,0.242951
71,0.061791,21.262188,3.000000,0.610130,0.467604,0.162335
71,0.061512,21.756620,3.000000,0.569630,0.490980,0.145598
71,0.059461,17.233341,2.000000,0.535100,0.547405,0.136469
71,0.062808,6.792078,0.000000,0.560634,0.516882,0.157702
72,0.063779,52.280121,9.000000,0.584093,0.497651,0.000000
72,0.070460,51.891933,9.000000,0.594044,0.480918,0.070718
72,0.068015,46.856689,8.000000,0.608047,0.492061,0.049163
72,0.060833,42.428532,7.000000,0.581518,0.487734,0.032064
72,0.059461,27.871796,4.000000,0.535100,0.547405,0.090182
72,0.066570,22.234249,3.000000,0.576518,0.497533,0.028922
72,0.070611,21.936716,3.000000,0.589117,0.462522,0.081370
72,0.061791,22.124758,3.000000,0.610130,0.467604,0.049837
72,0.061512,22.505093,3.000000,0.569630,0.490980,0.028148
72,0.047100,13.153448,1.000000,0.560034,0.505649,0.168806
73,0.061791,40.111980,7.000000,0.610130,0.467604,0.000000
73,0.066570,35.298115,6.000000,0.576518,0.497533,0.069377
73,0.062469,35.290604,6.000000,0.595624,0.464764,0.016399
73,0.070611,29.792456,5.000000,0.589117,0.462522,0.090887
73,0.068015,24.656372,4.000000,0.608047,0.492061,0.069372
73,0.060833,25.628624,4.000000,0.581518,0.487734,0.039290
73,0.063779,20.376205,3.000000,0.584093,0.497651,0.049837
73,0.061512,20.758657,3.000000,0.569630,0.490980,0.050018
73,0.047100,21.860783,3.000000,0.560034,0.505649,0.162335
73,0.069935,19.488897,3.000000,0.608966,0.467004,0.081447
73,0.070460,14.716241,2.000000,0.594044,0.480918,0.089730
73,0.059461,16.382107,2.000000,0.535100,0.547405,0.126977
73,0.068932,14.212637,2.000000,0.628567,0.494484,0.081042
73,0.066715,5.367150,0.000000,0.571651,0.488939,0.067947
74,0.068015,47.108154,8.000000,0.608047,0.492061,0.000000
74,0.070611,42.181801,7.000000,0.589117,0.462522,0.048946
74,0.047100,43.301178,7.000000,0.560034,0.505649,0.215255
74,0.060833,37.634274,6.000000,0.581518,0.487734,0.076753
74,0.061791,27.354780,4.000000,0.610130,0.467604,0.069372
74,0.063779,27.497711,4.000000,0.584093,0.497651,0.049163
74,0.062469,22.451385,3.000000,0.595624,0.464764,0.066291
74,0.069935,22.017521,3.000000,0.608966,0.467004,0.036749
74,0.066570,17.455509,2.000000,0.576518,0.497533,0.035350
74,0.061512,17.704685,2.000000,0.569630,0.490980,0.075537
74,0.068932,16.868015,2.000000,0.628567,0.494484,0.022679
74,0.070460,12.140574,1.000000,0.594044,0.480918,0.031436
74,0.059461,13.042082,1.000000,0.535100,0.547405,0.132002
75,0.068015,52.673950,9.000000,0.608047,0.492061,0.000000
75,0.061791,32.872311,5.000000,0.610130,0.467604,0.069372
75,0.047100,28.633518,4.000000,0.560034,0.505649,0.215255
75,0.060833,28.097157,4.000000,0.581518,0.487734,0.076753
75,0.068826,27.929773,4.000000,0.570247,0.452614,0.062659
75,0.068932,27.480795,4.000000,0.628567,0.494484,0.022679
75,0.063779,22.987289,3.000000,0.584093,0.497651,0.049163
75,0.069935,22.601049,3.000000,0.608966,0.467004,0.036749
75,0.062289,23.100487,3.000000,0.574175,0.510442,0.070380
75,0.070460,22.699999,3.000000,0.594044,0.480918,0.031436
75,0.070611,17.733189,2.000000,0.589117,0.462522,0.048946
75,0.063552,18.100687,2.000000,0.568413,0.482708,0.060819
75,0.066570,17.953344,2.000000,0.576518,0.497533,0.035350
75,0.066020,12.546215,1.000000,0.633882,0.517492,0.045560
75,0.062469,12.950027,1.000000,0.595624,0.464764,0.066291
75,0.059461,8.425153,0.000000,0.535100,0.547405,0.132002
75,0.061512,8.153769,0.000000,0.569630,0.490980,0.075537
75,0.047959,8.721837,0.000000,0.536767,0.497507,0.212956
75,0.062957,7.987713,0.000000,0.587830,0.461695,0.066388
76,0.068932,37.412666,6.000000,0.628567,0.494484,0.000000
76,0.060833,33.045723,5.000000,0.581518,0.487734,0.094043
76,0.069935,32.536243,5.000000,0.608966,0.467004,0.040801
76,0.062289,33.049149,5.000000,0.574175,0.510442,0.088140
76,0.070460,32.637863,5.000000,0.594044,0.480918,0.041389
76,0.047100,28.596594,4.000000,0.560034,0.505649,0.229243
76,0.068826,27.873821,4.000000,0.570247,0.452614,0.078368
76,0.066020,27.479897,4.000000,0.633882,0.517492,0.041268
76,0.062469,27.894623,4.000000,0.595624,0.464764,0.081501
76,0.063779,22.932892,3.000000,0.584093,0.497651,0.068184
76,0.068015,12.611084,1.000000,0.608047,0.492061,0.022679
76,0.061791,12.814787,1.000000,0.610130,0.467604,0.081042
76,0.070611,12.671930,1.000000,0.589117,0.462522,0.058604
76,0.063552,13.049330,1.000000,0.568413,0.482708,0.082031
76,0.066570,12.898029,1.000000,0.576518,0.497533,0.057284
77,0.066570,31.846998,5.000000,0.576518,0.497533,0.000000
77,0.066020,31.219845,5.000000,0.633882,0.517492,0.062796
77,0.062469,31.841934,5.000000,0.595624,0.464764,0.061031
77,0.062289,27.073723,4.000000,0.574175,0.510442,0.045807
77,0.066382,27.067196,4.000000,0.556813,0.439959,0.074640
77,0.063779,26.899338,4.000000,0.584093,0.497651,0.028922
77,0.072905,21.317909,3.000000,0.595336,0.483298,0.068437
77,0.063552,22.074043,3.000000,0.568413,0.482708,0.036328
77,0.068932,21.119062,3.000000,0.628567,0.494484,0.057284
77,0.065858,16.665375,2.000000,0.596088,0.481923,0.028537
77,0.072135,16.021542,2.000000,0.622125,0.438901,0.102704
77,0.060338,17.281485,2.000000,0.562291,0.469740,0.072753
77,0.066719,15.952940,2.000000,0.652435,0.475445,0.080796
77,0.048541,17.841387,2.000000,0.558637,0.522614,0.183870
77,0.047100,17.894897,2.000000,0.560034,0.505649,0.195655
77,0.061791,11.722180,1.000000,0.610130,0.467604,0.069377
77,0.061315,12.114764,1.000000,0.574644,0.529957,0.066386
77,0.065339,6.045242,0.000000,0.651727,0.505432,0.076846
77,0.070611,6.507895,0.000000,0.589117,0.462522,0.060884
77,0.068015,6.416626,0.000000,0.608047,0.492061,0.035350
77,0.068826,6.810721,0.000000,0.570247,0.452614,0.060837
77,0.070460,6.456798,0.000000,0.594044,0.480918,0.047457
77,0.069935,6.304319,0.000000,0.608966,0.467004,0.060343
77,0.060833,7.068568,0.000000,0.581518,0.487734,0.058876
78,0.068932,39.008236,7.000000,0.628567,0.494484,0.000000
78,0.072905,39.315369,7.000000,0.595336,0.483298,0.053649
78,0.048541,31.667318,5.000000,0.558637,0.522614,0.218418
78,0.047100,26.749994,4.000000,0.560034,0.505649,0.229243
78,0.066382,25.472160,4.000000,0.556813,0.439959,0.102195
78,0.061315,20.545530,3.000000,0.574644,0.529957,0.103318
78,0.066570,20.132278,3.000000,0.576518,0.497533,0.057284
78,0.062289,20.482239,3.000000,0.574175,0.510442,0.088140
78,0.066020,19.163971,3.000000,0.633882,0.517492,0.041268
78,0.063552,15.482715,2.000000,0.568413,0.482708,0.082031
78,0.063779,15.213013,2.000000,0.584093,0.497651,0.068184
78,0.072135,13.857819,2.000000,0.622125,0.438901,0.076776
78,0.066719,13.751907,2.000000,0.652435,0.475445,0.040319
78,0.065858,9.851807,1.000000,0.596088,0.481923,0.047393
78,0.062469,10.124390,1.000000,0.595624,0.464764,0.081501
78,0.061791,9.939507,1.000000,0.610130,0.467604,0.081042
78,0.060338,5.803016,0.000000,0.562291,0.469740,0.112847
79,0.065858,42.893921,7.000000,0.596088,0.481923,0.000000
79,0.062469,38.005432,6.000000,0.595624,0.464764,0.040113
79,0.068932,27.548882,4.000000,0.628567,0.494484,0.047393
79,0.072905,27.674469,4.000000,0.595336,0.483298,0.070491
79,0.061315,28.177717,4.000000,0.574644,0.529957,0.078284
79,0.066570,28.008659,4.000000,0.576518,0.497533,0.028537
79,0.062289,28.151825,4.000000,0.574175,0.510442,0.054997
79,0.072135,27.487289,4.000000,0.622125,0.438901,0.086657
79,0.048541,18.636665,2.000000,0.558637,0.522614,0.184334
79,0.066382,18.147697,2.000000,0.556813,0.439959,0.065739
79,0.066020,17.612534,2.000000,0.633882,0.517492,0.058376
79,0.063552,18.152027,2.000000,0.568413,0.482708,0.036035
79,0.066719,17.443962,2.000000,0.652435,0.475445,0.057574
79,0.061791,17.929827,2.000000,0.610130,0.467604,0.046601
79,0.047100,13.670483,1.000000,0.560034,0.505649,0.193299
79,0.063779,8.041687,0.000000,0.584093,0.497651,0.031028
80,0.065858,47.601410,8.000000,0.596088,0.481923,0.000000
80,0.061791,37.642269,6.000000,0.610130,0.467604,0.046601
80,0.072135,32.138302,5.000000,0.622125,0.438901,0.086657
80,0.066382,32.890427,5.000000,0.556813,0.439959,0.065739
80,0.066719,32.089012,5.000000,0.652435,0.475445,0.057574
80,0.066570,27.732084,4.000000,0.576518,0.497533,0.028537
80,0.047100,28.485807,4.000000,0.560034,0.505649,0.193299
80,0.068932,22.208448,3.000000,0.628567,0.494484,0.047393
80,0.072905,22.351479,3.000000,0.595336,0.483298,0.070491
80,0.061315,17.924629,2.000000,0.574644,0.529957,0.078284
80,0.062289,17.895134,2.000000,0.574175,0.510442,0.054997
80,0.048541,18.447313,2.000000,0.558637,0.522614,0.184334
80,0.066020,12.280941,1.000000,0.633882,0.517492,0.058376
80,0.062469,7.728409,0.000000,0.595624,0.464764,0.040113
80,0.063552,7.895329,0.000000,0.568413,0.482708,0.036035
81,0.066719,39.958992,7.000000,0.652435,0.475445,0.000000
81,0.066570,41.072571,7.000000,0.576518,0.497533,0.080796
81,0.072135,35.044376,6.000000,0.622125,0.438901,0.077059
81,0.066020,35.291386,6.000000,0.633882,0.517492,0.056173
81,0.047100,32.377934,5.000000,0.560034,0.505649,0.220120
81,0.068932,25.165850,4.000000,0.628567,0.494484,0.040319
81,0.066382,21.346855,3.000000,0.556813,0.439959,0.105463
81,0.072905,20.413536,3.000000,0.595336,0.483298,0.084751
81,0.061315,21.406061,3.000000,0.574644,0.529957,0.116681
81,0.065858,15.846344,2.000000,0.596088,0.481923,0.057574
81,0.061791,15.917147,2.000000,0.610130,0.467604,0.065684
81,0.062289,16.354988,2.000000,0.574175,0.510442,0.100004
81,0.048541,7.311192,0.000000,0.558637,0.522614,0.212886
82,0.047100,47.414852,8.000000,0.560034,0.505649,0.000000
82,0.066020,40.357704,7.000000,0.633882,0.517492,0.203639
82,0.061315,41.456741,7.000000,0.574644,0.529957,0.146095
82,0.068932,35.233856,6.000000,0.628567,0.494484,0.229243
82,0.065858,30.904846,5.000000,0.596088,0.481923,0.193299
82,0.061791,30.974621,5.000000,0.610130,0.467604,0.162335
82,0.066719,25.029926,4.000000,0.652435,0.475445,0.220120
82,0.072905,25.478134,4.000000,0.595336,0.483298,0.261940
82,0.072135,15.114174,2.000000,0.622125,0.438901,0.271087
82,0.066382,16.398304,2.000000,0.556813,0.439959,0.209602
82,0.066570,6.127949,0.000000,0.576518,0.497533,0.195655
82,0.062289,6.406326,0.000000,0.574175,0.510442,0.152663
83,0.061791,64.249565,12.000000,0.610130,0.467604,0.000000
83,0.065858,44.149780,8.000000,0.596088,0.481923,0.046601
83,0.066719,27.899895,5.000000,0.652435,0.475445,0.065684
83,0.072905,28.540192,5.000000,0.595336,0.483298,0.113820
83,0.061315,24.938093,4.000000,0.574644,0.529957,0.085772
83,0.068932,23.191338,4.000000,0.628567,0.494484,0.081042
83,0.072135,23.020248,4.000000,0.622125,0.438901,0.110137
83,0.047100,21.306818,3.000000,0.560034,0.505649,0.162335
83,0.066020,18.368149,3.000000,0.633882,0.517492,0.079004
83,0.066382,14.854707,2.000000,0.556813,0.439959,0.078390
84,0.066020,47.373371,9.000000,0.633882,0.517492,0.000000
84,0.072946,47.944542,9.000000,0.580022,0.501908,0.089874
84,0.068932,32.169884,6.000000,0.628567,0.494484,0.041268
84,0.065270,32.594032,6.000000,0.628223,0.491358,0.033991
84,0.066719,26.834883,5.000000,0.652435,0.475445,0.056173
84,0.072905,22.571220,4.000000,0.595336,0.483298,0.089734
84,0.061791,18.386963,3.000000,0.610130,0.467604,0.079004
84,0.072135,16.973286,3.000000,0.622125,0.438901,0.116308
84,0.061315,14.178864,2.000000,0.574644,0.529957,0.077236
84,0.061058,14.066057,2.000000,0.581409,0.462895,0.099366
84,0.047100,10.752931,1.000000,0.560034,0.505649,0.203639
84,0.065858,3.272286,0.000000,0.596088,0.481923,0.058376
84,0.066382,4.082874,0.000000,0.556813,0.439959,0.123877
84,0.062604,3.206151,0.000000,0.614379,0.471651,0.069502
85,0.066020,54.031334,10.000000,0.633882,0.517492,0.000000
85,0.072905,49.186172,9.000000,0.595336,0.483298,0.089734
85,0.065270,39.204025,7.000000,0.628223,0.491358,0.033991
85,0.066719,38.610043,7.000000,0.652435,0.475445,0.056173
85,0.061315,25.444288,4.000000,0.574644,0.529957,0.077236
85,0.061058,25.356045,4.000000,0.581409,0.462895,0.099366
85,0.061791,19.824575,3.000000,0.610130,0.467604,0.079004
85,0.072135,18.718224,3.000000,0.622125,0.438901,0.116308
85,0.068932,13.872204,2.000000,0.628567,0.494484,0.041268
85,0.047100,11.676207,1.000000,0.560034,0.505649,0.203639
85,0.072946,4.478282,0.000000,0.580022,0.501908,0.089874
86,0.061058,47.368465,8.000000,0.581409,0.462895,0.000000
86,0.066719,36.378975,6.000000,0.652435,0.475445,0.092174
86,0.061315,37.418484,6.000000,0.574644,0.529957,0.084140
86,0.068932,36.527527,6.000000,0.628567,0.494484,0.099915
86,0.066020,31.617756,5.000000,0.633882,0.517492,0.099366
86,0.072905,31.705498,5.000000,0.595336,0.483298,0.121981
86,0.061791,27.067261,4.000000,0.610130,0.467604,0.030221
86,0.072135,26.440327,4.000000,0.622125,0.438901,0.121767
86,0.065270,21.715614,3.000000,0.628223,0.491358,0.072333
86,0.047100,23.116480,3.000000,0.560034,0.505649,0.150976
87,0.047100,48.781288,8.000000,0.560034,0.505649,0.000000
87,0.070119,37.821301,6.000000,0.613699,0.493697,0.236829
87,0.064607,32.734238,5.000000,0.651991,0.530681,0.200207
87,0.066020,27.811489,4.000000,0.633882,0.517492,0.203639
87,0.066719,22.656965,3.000000,0.652435,0.475445,0.220120
87,0.061315,23.329580,3.000000,0.574644,0.529957,0.146095
87,0.072905,22.868263,3.000000,0.595336,0.483298,0.261940
87,0.061791,23.102345,3.000000,0.610130,0.467604,0.162335
87,0.072135,22.696682,3.000000,0.622125,0.438901,0.271087
87,0.069863,22.470718,3.000000,0.662441,0.462652,0.255324
87,0.061058,18.297216,2.000000,0.581409,0.462895,0.150976
87,0.068932,17.753141,2.000000,0.628567,0.494484,0.229243
87,0.062770,18.250198,2.000000,0.581287,0.538812,0.163474
87,0.065270,12.874809,1.000000,0.628223,0.491358,0.194895
87,0.057709,13.514557,1.000000,0.558572,0.452307,0.125309
87,0.072631,12.971174,1.000000,0.581879,0.472614,0.259546
88,0.066433,42.744392,7.000000,0.632021,0.501643,0.000000
88,0.046099,38.758911,6.000000,0.562784,0.500599,0.214805
88,0.072631,37.909706,6.000000,0.581879,0.472614,0.087592
88,0.072905,27.803665,4.000000,0.595336,0.483298,0.077844
88,0.069863,27.394073,4.000000,0.662441,0.462652,0.066914
88,0.064607,22.665594,3.000000,0.651991,0.530681,0.045275
88,0.062770,23.197174,3.000000,0.581287,0.538812,0.077939
88,0.064638,17.863901,2.000000,0.623534,0.507759,0.021278
88,0.061315,18.278963,2.000000,0.574644,0.529957,0.084639
88,0.061791,18.044836,2.000000,0.610130,0.467604,0.066668
88,0.047100,18.744322,2.000000,0.560034,0.505649,0.206356
88,0.057709,18.469543,2.000000,0.558572,0.452307,0.129649
88,0.061058,13.245617,1.000000,0.581409,0.462895,0.088301
88,0.070081,12.855837,1.000000,0.599955,0.518543,0.052967
88,0.065270,12.810410,1.000000,0.628223,0.491358,0.017746
88,0.068932,12.685055,1.000000,0.628567,0.494484,0.026764
88,0.066719,12.585964,1.000000,0.652435,0.475445,0.038696
88,0.066020,12.745171,1.000000,0.633882,0.517492,0.020321
88,0.070119,12.755255,1.000000,0.613699,0.493697,0.042341
88,0.072135,7.626884,0.000000,0.622125,0.438901,0.097466
89,0.072631,42.909721,7.000000,0.581879,0.472614,0.000000
89,0.069863,27.394073,4.000000,0.662441,0.462652,0.086090
89,0.061315,28.278963,4.000000,0.574644,0.529957,0.134143
89,0.066433,27.744392,4.000000,0.632021,0.501643,0.087592
89,0.047100,28.744322,4.000000,0.560034,0.505649,0.259546
89,0.066719,27.585964,4.000000,0.652435,0.475445,0.092119
89,0.072905,22.803665,3.000000,0.595336,0.483298,0.019156
89,0.064638,22.863895,3.000000,0.623534,0.507759,0.100270
89,0.061058,23.245617,3.000000,0.581409,0.462895,0.116371
89,0.070119,17.755280,2.000000,0.613699,0.493697,0.048355
89,0.064607,17.665586,2.000000,0.651991,0.530681,0.128930
89,0.062770,18.197174,2.000000,0.581287,0.538812,0.128731
89,0.066020,17.745171,2.000000,0.633882,0.517492,0.101102
89,0.065270,17.810410,2.000000,0.628223,0.491358,0.090081
89,0.068932,17.685055,2.000000,0.628567,0.494484,0.065541
89,0.061791,13.044809,1.000000,0.610130,0.467604,0.112196
89,0.070081,12.855837,1.000000,0.599955,0.518543,0.065367
89,0.057709,8.469543,0.000000,0.558572,0.452307,0.153147
89,0.046099,8.758936,0.000000,0.562784,0.500599,0.268292
90,0.069863,37.010849,6.000000,0.662441,0.462652,0.000000
90,0.070081,32.540489,5.000000,0.599955,0.518543,0.093757
90,0.072631,32.602299,5.000000,0.581879,0.472614,0.086090
90,0.061315,33.025902,5.000000,0.574644,0.529957,0.148636
90,0.066433,27.412685,4.000000,0.632021,0.501643,0.066914
90,0.061058,27.987619,4.000000,0.581409,0.462895,0.119666
90,0.066020,27.413578,4.000000,0.633882,0.517492,0.083615
90,0.066719,22.230959,3.000000,0.652435,0.475445,0.036666
90,0.070119,22.425163,3.000000,0.613699,0.493697,0.062356
90,0.047100,18.559662,2.000000,0.560034,0.505649,0.255324
90,0.072905,17.480675,2.000000,0.595336,0.483298,0.078065
90,0.068932,17.344622,2.000000,0.628567,0.494484,0.053079
90,0.061791,17.757299,2.000000,0.610130,0.467604,0.096388
90,0.064638,12.549743,1.000000,0.623534,0.507759,0.086159
90,0.064607,12.322268,1.000000,0.651991,0.530681,0.100516
90,0.065270,12.488411,1.000000,0.628223,0.491358,0.067585
90,0.062770,7.932054,0.000000,0.581287,0.538812,0.143808
91,0.061058,35.252937,6.000000,0.581409,0.462895,0.000000
91,0.070119,33.926071,6.000000,0.613699,0.493697,0.103612
91,0.070081,29.198067,5.000000,0.599955,0.518543,0.115436
91,0.066719,28.467945,5.000000,0.652435,0.475445,0.092174
91,0.072631,24.343880,4.000000,0.581879,0.472614,0.116371
91,0.066020,23.898697,4.000000,0.633882,0.517492,0.099366
91,0.047100,26.602278,4.000000,0.560034,0.505649,0.150976
91,0.064638,24.219976,4.000000,0.623534,0.507759,0.078748
91,0.064607,23.683376,4.000000,0.651991,0.530681,0.115850
91,0.072905,19.056976,3.000000,0.595336,0.483298,0.121981
91,0.061315,15.343066,2.000000,0.574644,0.529957,0.084140
91,0.066433,13.896591,2.000000,0.632021,0.501643,0.088301
91,0.065270,9.075226,1.000000,0.628223,0.491358,0.072333
91,0.069863,2.948673,0.000000,0.662441,0.462652,0.119666
91,0.068932,3.736030,0.000000,0.628567,0.494484,0.099915
91,0.061791,4.709484,0.000000,0.610130,0.467604,0.030221
92,0.066020,66.485123,12.000000,0.633882,0.517492,0.000000
92,0.072631,46.741646,8.000000,0.581879,0.472614,0.101102
92,0.064638,31.670197,5.000000,0.623534,0.507759,0.021123
92,0.061058,27.265226,4.000000,0.581409,0.462895,0.099366
92,0.066719,26.236944,4.000000,0.652435,0.475445,0.056173
92,0.065270,26.586815,4.000000,0.628223,0.491358,0.033991
92,0.070119,21.500866,3.000000,0.613699,0.493697,0.054514
92,0.047100,23.042614,3.000000,0.560034,0.505649,0.203639
92,0.072905,21.576302,3.000000,0.595336,0.483298,0.089734
92,0.061315,17.317196,2.000000,0.574644,0.529957,0.077236
92,0.070081,11.657628,1.000000,0.599955,0.518543,0.052935
92,0.064607,11.361032,1.000000,0.651991,0.530681,0.028276
92,0.066433,6.483895,0.000000,0.632021,0.501643,0.020321
93,0.065270,46.393616,8.000000,0.628223,0.491358,0.000000
93,0.072631,41.557205,7.000000,0.581879,0.472614,0.090081
93,0.066719,36.024010,6.000000,0.652435,0.475445,0.034522
93,0.072905,36.382507,6.000000,0.595336,0.483298,0.083732
93,0.066020,31.286163,5.000000,0.633882,0.517492,0.033991
93,0.064607,31.155066,5.000000,0.651991,0.530681,0.055001
93,0.047100,27.931826,4.000000,0.560034,0.505649,0.194895
93,0.061058,22.110428,3.000000,0.581409,0.462895,0.072333
93,0.061315,22.165352,3.000000,0.574644,0.529957,0.082237
93,0.070119,16.302813,2.000000,0.613699,0.493697,0.050696
93,0.064638,11.481682,1.000000,0.623534,0.507759,0.021962
93,0.070081,6.468437,0.000000,0.599955,0.518543,0.065333
94,0.064607,50.262444,9.000000,0.651991,0.530681,0.000000
94,0.072631,45.757938,8.000000,0.581879,0.472614,0.128930
94,0.066020,40.424023,7.000000,0.633882,0.517492,0.028276
94,0.065270,35.556419,6.000000,0.628223,0.491358,0.055001
94,0.061058,31.439714,5.000000,0.581409,0.462895,0.115850
94,0.070119,30.444550,5.000000,0.613699,0.493697,0.081496
94,0.064638,30.664951,5.000000,0.623534,0.507759,0.040384
94,0.047100,22.451700,3.000000,0.560034,0.505649,0.200207
94,0.072905,10.542732,1.000000,0.595336,0.483298,0.116633
94,0.061315,11.507346,1.000000,0.574644,0.529957,0.084063
94,0.066719,5.100927,0.000000,0.652435,0.475445,0.072206
95,0.064607,55.674419,10.000000,0.651991,0.530681,0.000000
95,0.072905,50.930321,9.000000,0.595336,0.483298,0.116633
95,0.047100,42.673370,7.000000,0.560034,0.505649,0.200207
95,0.061058,36.749298,6.000000,0.581409,0.462895,0.115850
95,0.070119,35.840675,6.000000,0.613699,0.493697,0.081496
95,0.065270,25.942818,4.000000,0.628223,0.491358,0.055001
95,0.072631,21.126787,3.000000,0.581879,0.472614,0.128930
95,0.064638,21.041943,3.000000,0.623534,0.507759,0.040384
95,0.066020,15.821934,2.000000,0.633882,0.517492,0.028276
95,0.061315,6.811055,0.000000,0.574644,0.529957,0.084063
96,0.065270,59.590424,11.000000,0.628223,0.491358,0.000000
96,0.066020,49.429245,9.000000,0.633882,0.517492,0.033991
96,0.072905,39.573761,7.000000,0.595336,0.483298,0.083732
96,0.047100,41.897781,7.000000,0.560034,0.505649,0.194895
96,0.064607,29.232622,5.000000,0.651991,0.530681,0.055001
96,0.070119,24.454227,4.000000,0.613699,0.493697,0.050696
96,0.064638,24.722586,4.000000,0.623534,0.507759,0.021962
96,0.061058,20.665642,3.000000,0.581409,0.462895,0.072333
96,0.072631,4.835741,0.000000,0.581879,0.472614,0.090081
97,0.070119,66.698929,12.000000,0.613699,0.493697,0.000000
97,0.066020,56.684074,10.000000,0.633882,0.517492,0.054514
97,0.064607,41.567009,7.000000,0.651991,0.530681,0.081496
97,0.065270,36.780014,6.000000,0.628223,0.491358,0.050696
97,0.072905,36.770096,6.000000,0.595336,0.483298,0.035809
97,0.047100,33.153465,5.000000,0.560034,0.505649,0.236829
97,0.061058,22.420025,3.000000,0.581409,0.462895,0.103612
97,0.064638,11.858644,1.000000,0.623534,0.507759,0.058393
98,0.066020,44.959793,8.000000,0.633882,0.517492,0.000000
98,0.067337,45.539047,8.000000,0.590488,0.479957,0.065252
98,0.070119,39.982407,7.000000,0.613699,0.493697,0.054514
98,0.067586,34.588989,6.000000,0.649132,0.508594,0.024526
98,0.072905,30.090546,5.000000,0.595336,0.483298,0.089734
98,0.061058,31.078438,5.000000,0.581409,0.462895,0.099366
98,0.065270,25.105621,4.000000,0.628223,0.491358,0.033991
98,0.064607,19.781912,3.000000,0.651991,0.530681,0.028276
98,0.064638,20.225203,3.000000,0.623534,0.507759,0.021123
98,0.047100,12.193241,1.000000,0.560034,0.505649,0.203639
98,0.063612,5.021886,0.000000,0.641779,0.533197,0.032055
99,0.072905,46.253311,8.000000,0.595336,0.483298,0.000000
99,0.066020,41.153526,7.000000,0.633882,0.517492,0.089734
99,0.067586,40.870544,7.000000,0.649132,0.508594,0.081989
99,0.067337,36.595589,6.000000,0.590488,0.479957,0.056042
99,0.061058,37.007271,6.000000,0.581409,0.462895,0.121981
99,0.064638,36.356018,6.000000,0.623534,0.507759,0.092541
99,0.065270,26.264816,4.000000,0.628223,0.491358,0.083732
99,0.064607,21.017782,3.000000,0.651991,0.530681,0.116633
99,0.070119,16.170773,2.000000,0.613699,0.493697,0.035809
99,0.047100,12.858000,1.000000,0.560034,0.505649,0.261940
100,0.070119,42.623241,7.000000,0.613699,0.493697,0.000000
100,0.064638,37.738220,6.000000,0.623534,0.507759,0.058393
100,0.065270,37.681610,6.000000,0.628223,0.491358,0.050696
100,0.061058,33.142448,5.000000,0.581409,0.462895,0.103612
100,0.069223,32.740471,5.000000,0.602229,0.463994,0.039879
100,0.067337,27.886917,4.000000,0.590488,0.479957,0.040094
100,0.063269,27.909239,4.000000,0.605946,0.483688,0.070060
100,0.064607,22.528273,3.000000,0.651991,0.530681,0.081496
100,0.072905,17.674469,2.000000,0.595336,0.483298,0.035809
100,0.066020,17.612534,2.000000,0.633882,0.517492,0.054514
100,0.067586,17.436890,2.000000,0.649132,0.508594,0.047366
100,0.060751,18.096756,2.000000,0.589992,0.492821,0.096634
100,0.047100,13.670483,1.000000,0.560034,0.505649,0.236829
100,0.072889,12.676289,1.000000,0.595167,0.497405,0.033652
100,0.066791,7.553788,0.000000,0.637921,0.505342,0.043655
100,0.068820,7.451408,0.000000,0.641463,0.516676,0.042005
101,0.067337,57.241253,10.000000,0.590488,0.479957,0.000000
101,0.072905,51.963890,9.000000,0.595336,0.483298,0.056042
101,0.064607,31.772984,5.000000,0.651991,0.530681,0.092457
101,0.070119,26.896996,4.000000,0.613699,0.493697,0.040094
101,0.067586,26.653717,4.000000,0.649132,0.508594,0.068751
101,0.072889,26.966230,4.000000,0.595167,0.497405,0.059835
101,0.065270,21.973213,3.000000,0.628223,0.491358,0.045322
101,0.063269,22.270393,3.000000,0.605946,0.483688,0.043767
101,0.066020,21.883030,3.000000,0.633882,0.517492,0.065252
101,0.064638,17.047150,2.000000,0.623534,0.507759,0.055030
101,0.061058,17.574823,2.000000,0.581409,0.462895,0.066936
101,0.069223,12.050039,1.000000,0.602229,0.463994,0.029864
101,0.060751,7.515214,0.000000,0.589992,0.492821,0.067794
101,0.047100,8.264241,0.000000,0.560034,0.505649,0.207150
102,0.067586,46.440125,8.000000,0.649132,0.508594,0.000000
102,0.067337,42.065163,7.000000,0.590488,0.479957,0.068751
102,0.072889,41.772579,7.000000,0.595167,0.497405,0.076941
102,0.064607,36.567001,6.000000,0.651991,0.530681,0.040721
102,0.063269,32.096214,5.000000,0.605946,0.483688,0.068543
102,0.064638,31.858629,5.000000,0.623534,0.507759,0.039061
102,0.065270,26.780014,4.000000,0.628223,0.491358,0.037918
102,0.066020,26.684074,4.000000,0.633882,0.517492,0.024526
102,0.070119,16.698940,2.000000,0.613699,0.493697,0.047366
102,0.061058,12.420025,1.000000,0.581409,0.462895,0.110054
102,0.069223,11.861744,1.000000,0.602229,0.463994,0.074673
102,0.072905,6.770096,0.000000,0.595336,0.483298,0.081989
103,0.066020,51.087208,9.000000,0.633882,0.517492,0.000000
103,0.063269,46.573540,8.000000,0.605946,0.483688,0.057643
103,0.064607,35.949070,6.000000,0.651991,0.530681,0.028276
103,0.070119,36.104748,6.000000,0.613699,0.493697,0.054514
103,0.069223,31.296879,5.000000,0.602229,0.463994,0.080622
103,0.064638,26.293247,4.000000,0.623534,0.507759,0.021123
103,0.061058,26.955629,4.000000,0.581409,0.462895,0.099366
103,0.072889,21.191683,3.000000,0.595167,0.497405,0.082750
103,0.067337,16.536892,2.000000,0.590488,0.479957,0.065252
103,0.065270,16.200417,2.000000,0.628223,0.491358,0.033991
103,0.067586,10.799347,1.000000,0.649132,0.508594,0.024526
104,0.069223,41.422455,7.000000,0.602229,0.463994,0.000000
104,0.065270,36.329216,6.000000,0.628223,0.491358,0.058381
104,0.066020,31.219845,5.000000,0.633882,0.517492,0.080622
104,0.072889,31.320740,5.000000,0.595167,0.497405,0.056017
104,0.067337,26.654285,4.000000,0.590488,0.479957,0.029864
104,0.067586,25.941742,4.000000,0.649132,0.508594,0.074673
104,0.068888,26.238655,4.000000,0.619001,0.494025,0.041253
104,0.064607,21.086441,3.000000,0.651991,0.530681,0.107501
104,0.070119,21.236794,3.000000,0.613699,0.493697,0.039879
104,0.066554,20.994461,3.000000,0.649887,0.520630,0.089419
104,0.064638,16.418900,2.000000,0.623534,0.507759,0.074495
104,0.061058,17.058828,2.000000,0.581409,0.462895,0.084281
104,0.067380,10.897005,1.000000,0.653695,0.499652,0.070535
104,0.062077,12.064536,1.000000,0.576061,0.469587,0.076429
104,0.063269,6.689662,0.000000,0.605946,0.483688,0.064539
104,0.070270,6.420280,0.000000,0.597905,0.458089,0.013515
105,0.067337,47.358646,8.000000,0.590488,0.479957,0.000000
105,0.064607,41.910297,7.000000,0.651991,0.530681,0.092457
105,0.066554,36.837692,6.000000,0.649887,0.520630,0.078577
105,0.067586,31.796112,5.000000,0.649132,0.508594,0.068751
105,0.069223,27.175570,4.000000,0.602229,0.463994,0.029864
105,0.068888,27.030521,4.000000,0.619001,0.494025,0.036913
105,0.065270,22.102013,3.000000,0.628223,0.491358,0.045322
105,0.066020,22.015667,3.000000,0.633882,0.517492,0.065252
105,0.072889,22.095331,3.000000,0.595167,0.497405,0.059835
105,0.070119,22.029047,3.000000,0.613699,0.493697,0.040094
105,0.064638,17.172821,2.000000,0.623534,0.507759,0.055030
105,0.061058,12.678022,1.000000,0.581409,0.462895,0.066936
105,0.062077,12.682528,1.000000,0.576061,0.469587,0.056067
105,0.067380,6.760801,0.000000,0.653695,0.499652,0.067833
106,0.067586,45.300964,8.000000,0.649132,0.508594,0.000000
106,0.069223,45.857567,8.000000,0.602229,0.463994,0.074673
106,0.066020,40.622978,7.000000,0.633882,0.517492,0.024526
106,0.072889,30.739807,5.000000,0.595167,0.497405,0.076941
106,0.067337,26.126015,4.000000,0.590488,0.479957,0.068751
106,0.068888,25.644760,4.000000,0.619001,0.494025,0.037535
106,0.065270,25.749619,4.000000,0.628223,0.491358,0.037918
106,0.070119,20.642616,3.000000,0.613699,0.493697,0.047366
106,0.064638,20.853460,3.000000,0.623534,0.507759,0.039061
106,0.062077,21.600981,3.000000,0.576061,0.469587,0.103695
106,0.066554,10.361956,1.000000,0.649887,0.520630,0.018261
106,0.064607,5.468454,0.000000,0.651991,0.530681,0.040721
106,0.061058,6.594446,0.000000,0.581409,0.462895,0.110054
1,0.056000,52.483994,9.000000,0.480000,0.480000,0.000000
1,0.056000,47.484024,8.000000,0.480000,0.480000,0.000000
1,0.056000,42.484009,7.000000,0.480000,0.480000,0.000000
1,0.056000,42.484001,7.000000,0.480000,0.480000,0.000000
1,0.056000,32.483997,5.000000,0.480000,0.480000,0.000000
1,0.056000,32.483994,5.000000,0.480000,0.480000,0.000000
1,0.056000,27.484066,4.000000,0.480000,0.480000,0.000000
1,0.056000,17.484087,2.000000,0.480000,0.480000,0.000000
1,0.056000,17.484083,2.000000,0.480000,0.480000,0.000000
1,0.056000,12.484022,1.000000,0.480000,0.480000,0.000000
2,0.056000,53.096878,9.000000,0.480000,0.480000,0.000000
2,0.056000,38.096870,6.000000,0.480000,0.480000,0.000000
2,0.056000,33.096886,5.000000,0.480000,0.480000,0.000000
2,0.056000,33.096863,5.000000,0.480000,0.480000,0.000000
2,0.056000,23.096916,3.000000,0.480000,0.480000,0.000000
2,0.062035,23.363199,3.000000,0.422943,0.437020,0.098915
2,0.052541,23.192711,3.000000,0.482909,0.503406,0.045398
2,0.060219,22.800194,3.000000,0.497653,0.432766,0.074685
2,0.056000,18.096920,2.000000,0.480000,0.480000,0.000000
2,0.056000,18.096931,2.000000,0.480000,0.480000,0.000000
2,0.056000,18.096931,2.000000,0.480000,0.480000,0.000000
2,0.053064,17.855223,2.000000,0.523470,0.523872,0.075888
2,0.058345,17.735374,2.000000,0.512980,0.538724,0.083820
2,0.062031,18.272047,2.000000,0.434573,0.428210,0.099460
2,0.056000,13.096889,1.000000,0.480000,0.480000,0.000000
2,0.056000,8.096889,0.000000,0.480000,0.480000,0.000000
3,0.056000,62.322723,11.000000,0.480000,0.480000,0.000000
3,0.056000,52.322685,9.000000,0.480000,0.480000,0.000000
3,0.060219,36.905357,6.000000,0.497653,0.432766,0.074685
3,0.056000,22.322811,3.000000,0.480000,0.480000,0.000000
3,0.062035,22.697382,3.000000,0.422943,0.437020,0.098915
3,0.052541,22.457542,3.000000,0.482909,0.503406,0.045398
3,0.058345,21.814171,3.000000,0.512980,0.538724,0.083820
3,0.062031,22.569151,3.000000,0.434573,0.428210,0.099460
3,0.056000,17.322803,2.000000,0.480000,0.480000,0.000000
3,0.056000,17.322800,2.000000,0.480000,0.480000,0.000000
3,0.056000,17.322817,2.000000,0.480000,0.480000,0.000000
3,0.053064,16.982771,2.000000,0.523470,0.523872,0.075888
3,0.056000,12.322742,1.000000,0.480000,0.480000,0.000000
3,0.056000,7.322742,0.000000,0.480000,0.480000,0.000000
3,0.056000,7.322742,0.000000,0.480000,0.480000,0.000000
4,0.060219,52.427345,9.000000,0.497653,0.432766,0.000000
4,0.062031,47.979252,8.000000,0.434573,0.428210,0.065878
4,0.052541,37.886391,6.000000,0.482909,0.503406,0.117940
4,0.056000,37.774338,6.000000,0.480000,0.480000,0.074685
4,0.056000,37.774292,6.000000,0.480000,0.480000,0.074685
4,0.062035,28.085775,4.000000,0.422943,0.437020,0.077069
4,0.056000,22.774366,3.000000,0.480000,0.480000,0.074685
4,0.056000,22.774378,3.000000,0.480000,0.480000,0.074685
4,0.058345,17.351540,2.000000,0.512980,0.538724,0.134643
4,0.056000,12.774327,1.000000,0.480000,0.480000,0.074685
4,0.056000,12.774327,1.000000,0.480000,0.480000,0.074685
4,0.056000,12.774327,1.000000,0.480000,0.480000,0.074685
4,0.053064,7.491708,0.000000,0.523470,0.523872,0.136950
5,0.056000,41.580795,7.000000,0.480000,0.480000,0.000000
5,0.058345,40.931351,7.000000,0.512980,0.538724,0.083820
5,0.062031,36.895664,6.000000,0.434573,0.428210,0.099460
5,0.056000,36.580788,6.000000,0.480000,0.480000,0.000000
5,0.056000,36.580833,6.000000,0.480000,0.480000,0.000000
5,0.056000,31.580812,5.000000,0.480000,0.480000,0.000000
5,0.056000,31.580946,5.000000,0.480000,0.480000,0.000000
5,0.056000,21.580942,3.000000,0.480000,0.480000,0.000000
5,0.052541,16.753006,2.000000,0.482909,0.503406,0.045398
5,0.062035,17.059307,2.000000,0.422943,0.437020,0.098915
5,0.060219,11.047806,1.000000,0.497653,0.432766,0.074685
5,0.056000,6.580851,0.000000,0.480000,0.480000,0.000000
6,0.056000,57.967838,10.000000,0.480000,0.480000,0.000000
6,0.052541,53.070183,9.000000,0.482909,0.503406,0.045398
6,0.056000,37.967850,6.000000,0.480000,0.480000,0.000000
6,0.056000,32.967888,5.000000,0.480000,0.480000,0.000000
6,0.056000,32.967865,5.000000,0.480000,0.480000,0.000000
6,0.056000,32.967831,5.000000,0.480000,0.480000,0.000000
6,0.062031,23.154898,3.000000,0.434573,0.428210,0.099460
6,0.056000,17.967907,2.000000,0.480000,0.480000,0.000000
6,0.062035,18.252230,2.000000,0.422943,0.437020,0.098915
6,0.060219,17.651054,2.000000,0.497653,0.432766,0.074685
6,0.058345,12.581841,1.000000,0.512980,0.538724,0.083820
7,0.056000,62.516235,11.000000,0.480000,0.480000,0.000000
7,0.053258,32.765289,5.000000,0.466876,0.466713,0.034644
7,0.058345,32.044472,5.000000,0.512980,0.538724,0.083820
7,0.060219,27.129066,4.000000,0.497653,0.432766,0.074685
7,0.054647,27.857086,4.000000,0.451335,0.437234,0.062149
7,0.056000,22.516342,3.000000,0.480000,0.480000,0.000000
7,0.062035,22.863836,3.000000,0.422943,0.437020,0.098915
7,0.047353,22.927753,3.000000,0.476789,0.556539,0.128998
7,0.056000,17.516338,2.000000,0.480000,0.480000,0.000000
7,0.056000,17.516331,2.000000,0.480000,0.480000,0.000000
7,0.062031,17.744875,2.000000,0.434573,0.428210,0.099460
7,0.056000,17.516342,2.000000,0.480000,0.480000,0.000000
7,0.061799,12.144708,1.000000,0.489911,0.456180,0.065937
7,0.056840,12.216599,1.000000,0.504363,0.494540,0.031535
7,0.056000,12.516278,1.000000,0.480000,0.480000,0.000000
7,0.052541,12.641335,1.000000,0.482909,0.503406,0.045398
7,0.055473,7.556813,0.000000,0.478326,0.507093,0.034315
8,0.056840,42.794968,7.000000,0.504363,0.494540,0.000000
8,0.058345,37.658607,6.000000,0.512980,0.538724,0.057888
8,0.056000,33.032387,5.000000,0.480000,0.480000,0.031535
8,0.060219,27.725624,4.000000,0.497653,0.432766,0.084554
8,0.062035,28.307714,4.000000,0.422943,0.437020,0.120406
8,0.056000,28.032381,4.000000,0.480000,0.480000,0.031535
8,0.056000,28.032410,4.000000,0.480000,0.480000,0.031535
8,0.053258,23.229645,3.000000,0.466876,0.466713,0.062439
8,0.054647,23.302372,3.000000,0.451335,0.437234,0.091783
8,0.052541,23.131447,3.000000,0.482909,0.503406,0.049309
8,0.047353,18.358337,2.000000,0.476789,0.556539,0.125565
8,0.062031,18.213472,2.000000,0.434573,0.428210,0.120166
8,0.056000,18.032419,2.000000,0.480000,0.480000,0.031535
8,0.056000,13.032376,1.000000,0.480000,0.480000,0.031535
8,0.056000,8.032376,0.000000,0.480000,0.480000,0.031535
8,0.061799,7.738019,0.000000,0.489911,0.456180,0.070478
9,0.060219,42.800194,7.000000,0.497653,0.432766,0.000000
9,0.056000,43.096863,7.000000,0.480000,0.480000,0.074685
9,0.058345,37.735374,6.000000,0.512980,0.538724,0.134643
9,0.054647,38.358067,6.000000,0.451335,0.437234,0.072675
9,0.053258,33.287689,5.000000,0.466876,0.466713,0.087146
9,0.052541,33.192711,5.000000,0.482909,0.503406,0.117940
9,0.056840,27.867264,4.000000,0.504363,0.494540,0.084554
9,0.056000,28.096943,4.000000,0.480000,0.480000,0.074685
9,0.056000,18.096916,2.000000,0.480000,0.480000,0.074685
9,0.056000,13.096889,1.000000,0.480000,0.480000,0.074685
9,0.062035,13.363199,1.000000,0.422943,0.437020,0.077069
9,0.047353,13.412208,1.000000,0.476789,0.556539,0.202302
9,0.056000,13.096889,1.000000,0.480000,0.480000,0.074685
9,0.062031,8.272047,0.000000,0.434573,0.428210,0.065878
10,0.056000,45.258369,8.000000,0.480000,0.480000,0.000000
10,0.060219,39.519127,7.000000,0.497653,0.432766,0.074685
10,0.052541,35.497093,6.000000,0.482909,0.503406,0.045398
10,0.056000,30.258369,5.000000,0.480000,0.480000,0.000000
10,0.056000,30.258358,5.000000,0.480000,0.480000,0.000000
10,0.056000,25.258474,4.000000,0.480000,0.480000,0.000000
10,0.058345,19.357628,3.000000,0.512980,0.538724,0.083820
10,0.054647,20.909004,3.000000,0.451335,0.437234,0.062149
10,0.053258,20.733734,3.000000,0.466876,0.466713,0.034644
10,0.056840,19.686234,3.000000,0.504363,0.494540,0.031535
10,0.062035,15.921869,2.000000,0.422943,0.437020,0.098915
10,0.056000,10.258349,1.000000,0.480000,0.480000,0.000000
10,0.047353,6.043975,0.000000,0.476789,0.556539,0.128998
11,0.056000,57.484001,10.000000,0.480000,0.480000,0.000000
11,0.054647,47.829361,8.000000,0.451335,0.437234,0.062149
11,0.060219,37.091782,6.000000,0.497653,0.432766,0.074685
11,0.053258,32.736267,5.000000,0.466876,0.466713,0.034644
11,0.052541,27.610703,4.000000,0.482909,0.503406,0.045398
11,0.056000,27.484076,4.000000,0.480000,0.480000,0.000000
11,0.056000,22.484076,3.000000,0.480000,0.480000,0.000000
11,0.058345,22.006088,3.000000,0.512980,0.538724,0.083820
11,0.056840,22.180450,3.000000,0.504363,0.494540,0.031535
11,0.062035,22.836094,3.000000,0.422943,0.437020,0.098915
11,0.056000,12.484022,1.000000,0.480000,0.480000,0.000000
11,0.056000,7.484022,0.000000,0.480000,0.480000,0.000000
12,0.058345,62.082855,11.000000,0.512980,0.538724,0.000000
12,0.056840,57.252747,10.000000,0.504363,0.494540,0.057888
12,0.060219,42.166351,7.000000,0.497653,0.432766,0.134643
12,0.056000,32.548531,5.000000,0.480000,0.480000,0.083820
12,0.056000,32.548492,5.000000,0.480000,0.480000,0.083820
12,0.054647,22.884922,3.000000,0.451335,0.437234,0.145813
12,0.053258,22.794312,3.000000,0.466876,0.466713,0.113208
12,0.052541,17.671967,2.000000,0.482909,0.503406,0.078877
12,0.056000,17.548597,2.000000,0.480000,0.480000,0.083820
12,0.062035,17.891579,2.000000,0.422943,0.437020,0.160096
12,0.056000,7.548534,0.000000,0.480000,0.480000,0.083820
13,0.056000,57.935585,10.000000,0.480000,0.480000,0.000000
13,0.056840,42.686523,7.000000,0.504363,0.494540,0.031535
13,0.054647,43.218964,7.000000,0.451335,0.437234,0.062149
13,0.056000,37.935616,6.000000,0.480000,0.480000,0.000000
13,0.060219,32.613770,5.000000,0.497653,0.432766,0.074685
13,0.053258,33.142578,5.000000,0.466876,0.466713,0.034644
13,0.058345,27.543457,4.000000,0.512980,0.538724,0.083820
13,0.052541,18.039551,2.000000,0.482909,0.503406,0.045398
13,0.056000,17.935659,2.000000,0.480000,0.480000,0.000000
13,0.062035,18.224487,2.000000,0.422943,0.437020,0.098915
14,0.056000,37.548496,6.000000,0.480000,0.480000,0.000000
14,0.056000,32.548515,5.000000,0.480000,0.480000,0.000000
14,0.058345,32.082855,5.000000,0.512980,0.538724,0.083820
14,0.058559,32.952892,5.000000,0.428944,0.450049,0.068289
14,0.056000,27.548605,4.000000,0.480000,0.480000,0.000000
14,0.059375,27.132286,4.000000,0.504185,0.447570,0.058025
14,0.056840,22.252747,3.000000,0.504363,0.494540,0.031535
14,0.060219,22.166351,3.000000,0.497653,0.432766,0.074685
14,0.053258,22.794312,3.000000,0.466876,0.466713,0.034644
14,0.052541,22.671967,3.000000,0.482909,0.503406,0.045398
14,0.062035,22.891579,3.000000,0.422943,0.437020,0.098915
14,0.054647,17.884981,2.000000,0.451335,0.437234,0.062149
14,0.061211,17.352880,2.000000,0.477087,0.409290,0.102646
14,0.051508,12.185848,1.000000,0.536242,0.482902,0.072070
14,0.057896,12.635944,1.000000,0.463583,0.484565,0.025723
14,0.047931,8.165913,0.000000,0.448772,0.441941,0.098736
15,0.052541,43.499031,7.000000,0.482909,0.503406,0.000000
15,0.056000,38.419468,6.000000,0.480000,0.480000,0.045398
15,0.056000,28.419479,4.000000,0.480000,0.480000,0.045398
15,0.058559,28.680145,4.000000,0.428944,0.450049,0.104799
15,0.056000,28.419477,4.000000,0.480000,0.480000,0.045398
15,0.053258,28.577911,4.000000,0.466876,0.466713,0.049114
15,0.062035,28.640623,4.000000,0.422943,0.437020,0.139629
15,0.051508,28.185581,4.000000,0.536242,0.482902,0.060067
15,0.058345,23.119209,3.000000,0.512980,0.538724,0.078877
15,0.056840,23.228745,3.000000,0.504363,0.494540,0.049309
15,0.060219,23.173042,3.000000,0.497653,0.432766,0.117940
15,0.059375,18.151079,2.000000,0.504185,0.447570,0.099969
15,0.061211,18.293301,2.000000,0.477087,0.409290,0.146257
15,0.054647,8.636371,0.000000,0.451335,0.437234,0.091006
15,0.057896,8.475806,0.000000,0.463583,0.484565,0.061613
16,0.058345,44.933380,8.000000,0.512980,0.538724,0.000000
16,0.060219,45.078400,8.000000,0.497653,0.432766,0.134643
16,0.051508,30.112167,5.000000,0.536242,0.482902,0.100418
16,0.056840,30.228455,5.000000,0.504363,0.494540,0.057888
16,0.056000,25.742315,4.000000,0.480000,0.480000,0.083820
16,0.056000,25.742268,4.000000,0.480000,0.480000,0.083820
16,0.053258,26.169067,4.000000,0.466876,0.466713,0.113208
16,0.058559,21.444492,3.000000,0.428944,0.450049,0.139116
16,0.061211,20.402395,3.000000,0.477087,0.409290,0.168187
16,0.056000,15.742262,2.000000,0.480000,0.480000,0.083820
16,0.062035,16.338005,2.000000,0.422943,0.437020,0.160096
16,0.052541,10.956573,1.000000,0.482909,0.503406,0.078877
16,0.059375,10.019234,1.000000,0.504185,0.447570,0.114744
17,0.056000,38.032349,6.000000,0.480000,0.480000,0.000000
17,0.051508,32.741226,5.000000,0.536242,0.482902,0.072070
17,0.059375,32.698326,5.000000,0.504185,0.447570,0.058025
17,0.052405,32.702774,5.000000,0.536148,0.485466,0.067018
17,0.056840,27.794968,4.000000,0.504363,0.494540,0.031535
17,0.056405,27.608229,4.000000,0.527314,0.493951,0.050587
17,0.056000,23.032398,3.000000,0.480000,0.480000,0.000000
17,0.053258,23.229645,3.000000,0.466876,0.466713,0.034644
17,0.053260,18.605112,2.000000,0.414409,0.415132,0.107833
17,0.056000,18.032419,2.000000,0.480000,0.480000,0.000000
17,0.058559,18.356918,2.000000,0.428944,0.450049,0.068289
17,0.058345,17.658607,2.000000,0.512980,0.538724,0.083820
17,0.051445,18.057217,2.000000,0.497627,0.485648,0.049349
17,0.059514,17.567419,2.000000,0.517710,0.548074,0.099488
17,0.062035,13.307714,1.000000,0.422943,0.437020,0.098915
17,0.046725,13.089794,1.000000,0.517766,0.486177,0.100443
17,0.052541,13.131447,1.000000,0.482909,0.503406,0.045398
17,0.055804,7.890664,0.000000,0.497858,0.424265,0.071948
17,0.061211,7.875306,0.000000,0.477087,0.409290,0.102646
17,0.060219,7.725628,0.000000,0.497653,0.432766,0.074685
18,0.056405,37.804234,6.000000,0.527314,0.493951,0.000000
18,0.046725,33.246368,5.000000,0.517766,0.486177,0.097751
18,0.052405,32.891075,5.000000,0.536148,0.485466,0.042307
18,0.056840,32.975708,5.000000,0.504363,0.494540,0.023372
18,0.053260,28.719446,4.000000,0.414409,0.415132,0.153112
18,0.052541,28.284607,4.000000,0.482909,0.503406,0.060035
18,0.058345,22.850525,3.000000,0.512980,0.538724,0.060943
18,0.059514,22.766813,3.000000,0.517710,0.548074,0.075076
18,0.059375,22.886948,3.000000,0.504185,0.447570,0.069125
18,0.056000,18.193701,2.000000,0.480000,0.480000,0.050587
18,0.056000,18.193699,2.000000,0.480000,0.480000,0.050587
18,0.056000,18.193705,2.000000,0.480000,0.480000,0.050587
18,0.051445,18.216461,2.000000,0.497627,0.485648,0.058725
18,0.051508,17.926395,2.000000,0.536242,0.482902,0.051653
18,0.058559,13.491554,1.000000,0.428944,0.450049,0.114684
18,0.062035,13.446426,1.000000,0.422943,0.437020,0.138304
18,0.053258,8.374756,0.000000,0.466876,0.466713,0.076173
19,0.059375,51.226837,9.000000,0.504185,0.447570,0.000000
19,0.052541,46.936798,8.000000,0.482909,0.503406,0.099969
19,0.056000,31.774359,5.000000,0.480000,0.480000,0.058025
19,0.056840,26.385193,4.000000,0.504363,0.494540,0.063949
19,0.059514,26.012127,4.000000,0.517710,0.548074,0.126364
19,0.056405,21.079063,3.000000,0.527314,0.493951,0.069125
19,0.046725,21.868515,3.000000,0.517766,0.486177,0.136070
19,0.052405,21.233940,3.000000,0.536148,0.485466,0.090125
19,0.056000,21.774467,3.000000,0.480000,0.480000,0.058025
19,0.053260,17.713305,2.000000,0.414409,0.415132,0.115945
19,0.058345,16.161652,2.000000,0.512980,0.538724,0.114744
19,0.056000,16.774473,2.000000,0.480000,0.480000,0.058025
19,0.051508,11.297169,1.000000,0.536242,0.482902,0.095741
19,0.062035,12.225761,1.000000,0.422943,0.437020,0.086499
19,0.051445,6.815109,0.000000,0.497627,0.485648,0.092716
19,0.058559,7.306359,0.000000,0.428944,0.450049,0.075745
20,0.059514,41.410908,7.000000,0.517710,0.548074,0.000000
20,0.056405,41.471058,7.000000,0.527314,0.493951,0.075076
20,0.059375,31.604094,5.000000,0.504185,0.447570,0.126364
20,0.052405,31.610659,5.000000,0.536148,0.485466,0.107324
20,0.056000,27.097021,4.000000,0.480000,0.480000,0.099488
20,0.058345,26.545486,4.000000,0.512980,0.538724,0.017199
20,0.062035,27.503185,4.000000,0.422943,0.437020,0.169961
20,0.056000,22.097021,3.000000,0.480000,0.480000,0.099488
20,0.056840,21.746674,3.000000,0.504363,0.494540,0.073289
20,0.046725,22.181664,3.000000,0.517766,0.486177,0.149477
20,0.053260,22.941959,3.000000,0.414409,0.415132,0.205422
20,0.056000,12.096949,1.000000,0.480000,0.480000,0.099488
20,0.051508,11.667452,1.000000,0.536242,0.482902,0.115715
20,0.052541,7.243130,0.000000,0.482909,0.503406,0.095872
21,0.056000,57.258163,10.000000,0.480000,0.480000,0.000000
21,0.058345,51.737404,9.000000,0.512980,0.538724,0.083820
21,0.059514,36.610336,6.000000,0.517710,0.548074,0.099488
21,0.056000,32.258194,5.000000,0.480000,0.480000,0.000000
21,0.052405,26.798849,4.000000,0.536148,0.485466,0.067018
21,0.062035,27.641897,4.000000,0.422943,0.437020,0.098915
21,0.056405,21.667204,3.000000,0.527314,0.493951,0.050587
21,0.046725,22.338238,3.000000,0.517766,0.486177,0.100443
21,0.053260,18.056303,2.000000,0.414409,0.415132,0.107833
21,0.056000,17.258297,2.000000,0.480000,0.480000,0.000000
21,0.059375,11.792688,1.000000,0.504185,0.447570,0.058025
21,0.056840,11.927414,1.000000,0.504363,0.494540,0.031535
21,0.051508,6.852579,0.000000,0.536242,0.482902,0.072070
22,0.056000,47.580772,8.000000,0.480000,0.480000,0.000000
22,0.052405,37.175533,6.000000,0.536148,0.485466,0.067018
22,0.056000,32.580799,5.000000,0.480000,0.480000,0.000000
22,0.046725,32.651386,5.000000,0.517766,0.486177,0.100443
22,0.058345,27.121239,4.000000,0.512980,0.538724,0.083820
22,0.059514,27.009102,4.000000,0.517710,0.548074,0.099488
22,0.062035,27.919321,4.000000,0.422943,0.437020,0.098915
22,0.059375,27.170019,4.000000,0.504185,0.447570,0.058025
22,0.056000,22.580858,3.000000,0.480000,0.480000,0.000000
22,0.053260,23.284966,3.000000,0.414409,0.415132,0.107833
22,0.056405,17.059298,2.000000,0.527314,0.493951,0.050587
22,0.056840,17.288895,2.000000,0.504363,0.494540,0.031535
23,0.059514,53.125702,9.000000,0.517710,0.548074,0.000000
23,0.059375,38.226559,6.000000,0.504185,0.447570,0.126364
23,0.056441,37.779484,6.000000,0.578647,0.518286,0.077746
23,0.056405,33.157089,5.000000,0.527314,0.493951,0.075076
23,0.056840,33.301041,5.000000,0.504363,0.494540,0.073289
23,0.056000,28.483994,4.000000,0.480000,0.480000,0.099488
23,0.058345,23.195976,3.000000,0.512980,0.538724,0.017199
23,0.062035,23.696108,3.000000,0.422943,0.437020,0.169961
23,0.056000,23.483997,3.000000,0.480000,0.480000,0.099488
23,0.056000,18.483963,2.000000,0.480000,0.480000,0.099488
23,0.046725,18.528202,2.000000,0.517766,0.486177,0.149477
23,0.053260,18.925255,2.000000,0.414409,0.415132,0.205422
23,0.052405,8.229952,0.000000,0.536148,0.485466,0.107324
23,0.061057,8.713813,0.000000,0.423417,0.501375,0.111968
23,0.055803,8.811706,0.000000,0.425706,0.468871,0.140156
23,0.053234,8.191539,0.000000,0.537698,0.433406,0.157760
24,0.056840,48.120300,8.000000,0.504363,0.494540,0.000000
24,0.056000,48.322670,8.000000,0.480000,0.480000,0.031535
24,0.056441,42.543259,7.000000,0.578647,0.518286,0.080094
24,0.056405,37.961060,6.000000,0.527314,0.493951,0.023372
24,0.056000,33.322693,5.000000,0.480000,0.480000,0.031535
24,0.059514,27.926327,4.000000,0.517710,0.548074,0.073289
24,0.062035,28.557396,4.000000,0.422943,0.437020,0.120406
24,0.059375,23.037880,3.000000,0.504185,0.447570,0.063949
24,0.058345,23.004059,3.000000,0.512980,0.538724,0.057888
24,0.056000,13.322681,1.000000,0.480000,0.480000,0.031535
24,0.046725,13.371628,1.000000,0.517766,0.486177,0.102572
24,0.053260,8.810955,0.000000,0.414409,0.415132,0.138659
25,0.058345,47.735374,8.000000,0.512980,0.538724,0.000000
25,0.056441,42.212543,7.000000,0.578647,0.518286,0.072988
25,0.056840,37.867264,6.000000,0.504363,0.494540,0.057888
25,0.059514,37.647156,6.000000,0.517710,0.548074,0.017199
25,0.056000,33.096905,5.000000,0.480000,0.480000,0.083820
25,0.046725,28.152424,4.000000,0.517766,0.486177,0.133563
25,0.056000,23.096924,3.000000,0.480000,0.480000,0.083820
25,0.062035,23.363199,3.000000,0.422943,0.437020,0.160096
25,0.059375,22.773748,3.000000,0.504185,0.447570,0.114744
25,0.056000,23.096937,3.000000,0.480000,0.480000,0.083820
25,0.056405,17.686647,2.000000,0.527314,0.493951,0.060943
26,0.056441,36.456623,6.000000,0.578647,0.518286,0.000000
26,0.056929,36.597740,6.000000,0.564563,0.603453,0.107497
26,0.062035,32.919434,5.000000,0.422943,0.437020,0.194146
26,0.056000,32.580833,5.000000,0.480000,0.480000,0.109731
26,0.046725,27.651386,4.000000,0.517766,0.486177,0.121479
26,0.060287,26.892786,4.000000,0.524291,0.553535,0.079845
26,0.054065,21.778345,3.000000,0.563746,0.595915,0.101008
26,0.050919,21.934975,3.000000,0.566604,0.570683,0.086509
26,0.058345,17.121239,2.000000,0.512980,0.538724,0.072988
26,0.059514,17.009094,2.000000,0.517710,0.548074,0.077746
26,0.056000,17.580853,2.000000,0.480000,0.480000,0.109731
26,0.059375,17.170019,2.000000,0.504185,0.447570,0.119243
26,0.056405,17.059298,2.000000,0.527314,0.493951,0.059670
26,0.054973,17.824198,2.000000,0.459442,0.446621,0.149833
26,0.056840,12.288895,1.000000,0.504363,0.494540,0.080094
26,0.056000,12.580791,1.000000,0.480000,0.480000,0.109731
27,0.056441,33.251934,5.000000,0.578647,0.518286,0.000000
27,0.056000,33.806549,5.000000,0.480000,0.480000,0.109731
27,0.046725,33.841351,5.000000,0.517766,0.486177,0.121479
27,0.062713,28.006062,4.000000,0.586285,0.542902,0.070277
27,0.058345,28.579811,4.000000,0.512980,0.538724,0.072988
27,0.059514,28.524498,4.000000,0.517710,0.548074,0.077746
27,0.056929,23.321589,3.000000,0.564563,0.603453,0.107497
27,0.053700,23.934082,3.000000,0.463247,0.471445,0.132275
27,0.056405,23.549253,3.000000,0.527314,0.493951,0.059670
27,0.055284,18.746624,2.000000,0.495075,0.551268,0.093903
27,0.056000,18.806526,2.000000,0.480000,0.480000,0.109731
27,0.054973,18.926628,2.000000,0.459442,0.446621,0.149833
27,0.054065,18.410650,2.000000,0.563746,0.595915,0.101008
27,0.060287,18.467108,2.000000,0.524291,0.553535,0.079845
27,0.059375,13.603876,1.000000,0.504185,0.447570,0.119243
27,0.050919,13.487891,1.000000,0.566604,0.570683,0.086509
27,0.043511,13.914251,1.000000,0.519388,0.466747,0.156141
27,0.062035,13.973532,1.000000,0.422943,0.437020,0.194146
27,0.056000,8.806523,0.000000,0.480000,0.480000,0.109731
27,0.056840,8.662521,0.000000,0.504363,0.494540,0.080094
27,0.057594,8.140783,0.000000,0.590755,0.645097,0.159393
27,0.065359,9.043010,0.000000,0.397857,0.443143,0.222398
28,0.056405,46.706295,8.000000,0.527314,0.493951,0.000000
28,0.056441,41.031418,7.000000,0.578647,0.518286,0.059670
28,0.062713,30.473221,5.000000,0.586285,0.542902,0.105834
28,0.058345,26.775787,4.000000,0.512980,0.538724,0.060943
28,0.055284,27.154537,4.000000,0.495075,0.551268,0.079361
28,0.056000,22.290558,3.000000,0.480000,0.480000,0.050587
28,0.043511,22.535057,3.000000,0.519388,0.466747,0.133581
28,0.053700,22.580072,3.000000,0.463247,0.471445,0.075018
28,0.056929,21.189552,3.000000,0.564563,0.603453,0.141952
28,0.059514,21.650192,3.000000,0.517710,0.548074,0.075076
28,0.046725,22.369553,3.000000,0.517766,0.486177,0.097751
28,0.062035,17.669640,2.000000,0.422943,0.437020,0.138304
28,0.056000,12.290485,1.000000,0.480000,0.480000,0.050587
28,0.060287,11.519920,1.000000,0.524291,0.553535,0.084045
28,0.054973,7.563168,0.000000,0.459442,0.446621,0.091168
28,0.054065,6.391728,0.000000,0.563746,0.595915,0.134609
28,0.059375,6.830421,0.000000,0.504185,0.447570,0.069125
28,0.050919,6.567122,0.000000,0.566604,0.570683,0.117272
29,0.056929,47.641102,8.000000,0.564563,0.603453,0.000000
29,0.056405,32.961094,5.000000,0.527314,0.493951,0.141952
29,0.056441,32.543259,5.000000,0.578647,0.518286,0.107497
29,0.062713,32.197708,5.000000,0.586285,0.542902,0.097701
29,0.056000,28.322729,4.000000,0.480000,0.480000,0.176211
29,0.053700,28.501949,4.000000,0.463247,0.471445,0.196306
29,0.059514,27.926315,4.000000,0.517710,0.548074,0.087495
29,0.060287,27.845665,4.000000,0.524291,0.553535,0.081502
29,0.055284,23.238506,3.000000,0.495075,0.551268,0.096717
29,0.043511,23.474083,3.000000,0.519388,0.466747,0.221915
29,0.058345,18.004059,2.000000,0.512980,0.538724,0.096993
29,0.046725,18.371628,2.000000,0.517766,0.486177,0.184641
29,0.056000,13.322681,1.000000,0.480000,0.480000,0.176211
29,0.062035,8.557396,0.000000,0.422943,0.437020,0.256796
30,0.062713,39.880428,7.000000,0.586285,0.542902,0.000000
30,0.053700,37.263176,6.000000,0.463247,0.471445,0.176749
30,0.043511,37.212353,6.000000,0.519388,0.466747,0.224517
30,0.056929,30.690523,5.000000,0.564563,0.603453,0.097701
30,0.056405,31.275110,5.000000,0.527314,0.493951,0.105834
30,0.056000,31.935665,5.000000,0.480000,0.480000,0.148272
30,0.055284,31.781910,5.000000,0.495075,0.551268,0.118098
30,0.056441,20.511723,3.000000,0.578647,0.518286,0.070277
30,0.060287,21.064196,3.000000,0.524291,0.553535,0.067886
30,0.059514,16.211517,2.000000,0.517710,0.548074,0.075942
30,0.058345,16.353569,2.000000,0.512980,0.538724,0.085492
30,0.046725,12.025089,1.000000,0.517766,0.486177,0.187839
30,0.056000,6.935668,0.000000,0.480000,0.480000,0.148272
31,0.060287,50.442928,9.000000,0.524291,0.553535,0.000000
31,0.043511,41.772217,7.000000,0.519388,0.466747,0.199840
31,0.062713,29.072075,5.000000,0.586285,0.542902,0.067886
31,0.056929,30.010071,5.000000,0.564563,0.603453,0.081502
31,0.056441,29.803047,5.000000,0.578647,0.518286,0.079845
31,0.056405,25.686970,4.000000,0.527314,0.493951,0.084045
31,0.055284,26.273800,4.000000,0.495075,0.551268,0.058002
31,0.056000,21.451908,3.000000,0.480000,0.480000,0.110672
31,0.058345,20.777817,3.000000,0.512980,0.538724,0.029118
31,0.053700,16.830952,2.000000,0.463247,0.471445,0.136363
31,0.059514,15.613352,2.000000,0.517710,0.548074,0.012229
31,0.046725,11.555367,1.000000,0.517766,0.486177,0.159763
32,0.056000,48.742008,8.000000,0.480000,0.480000,0.000000
32,0.063739,32.629066,5.000000,0.617668,0.655894,0.270710
32,0.055284,33.678894,5.000000,0.495075,0.551268,0.090635
32,0.055931,28.386555,4.000000,0.543934,0.600293,0.163396
32,0.065784,28.035604,4.000000,0.553411,0.580300,0.175161
32,0.058345,28.503044,4.000000,0.512980,0.538724,0.083820
32,0.054996,23.093025,3.000000,0.596356,0.488162,0.117233
32,0.060287,23.384249,3.000000,0.524291,0.553535,0.110672
32,0.040000,23.901564,3.000000,0.530710,0.505308,0.170799
32,0.062713,22.898281,3.000000,0.586285,0.542902,0.148272
32,0.043511,23.855562,3.000000,0.519388,0.466747,0.131999
32,0.053700,18.876446,2.000000,0.463247,0.471445,0.030401
32,0.056405,18.470835,2.000000,0.527314,0.493951,0.050587
32,0.056441,13.157444,1.000000,0.578647,0.518286,0.109731
32,0.059514,8.444762,0.000000,0.517710,0.548074,0.099488
32,0.046725,8.778721,0.000000,0.517766,0.486177,0.100443
32,0.056929,8.230864,0.000000,0.564563,0.603453,0.176211
33,0.065784,45.567516,8.000000,0.553411,0.580300,0.000000
33,0.055284,37.019035,6.000000,0.495075,0.551268,0.125482
33,0.062713,35.257660,6.000000,0.586285,0.542902,0.064881
33,0.063739,29.650209,5.000000,0.617668,0.655894,0.116087
33,0.058345,31.622253,5.000000,0.512980,0.538724,0.099350
33,0.054996,30.697083,5.000000,0.596356,0.488162,0.163546
33,0.060287,26.354202,4.000000,0.524291,0.553535,0.070638
33,0.055931,21.359406,3.000000,0.543934,0.600293,0.102090
33,0.043511,22.417679,3.000000,0.519388,0.466747,0.266300
33,0.056441,20.842438,3.000000,0.578647,0.518286,0.124001
33,0.040000,12.521492,1.000000,0.530710,0.505308,0.275292
33,0.056405,11.549576,1.000000,0.527314,0.493951,0.145359
33,0.056000,7.161461,0.000000,0.480000,0.480000,0.175161
33,0.053700,7.464760,0.000000,0.463247,0.471445,0.203097
34,0.056441,52.496014,9.000000,0.578647,0.518286,0.000000
34,0.054996,42.408470,7.000000,0.596356,0.488162,0.044047
34,0.063739,36.777939,6.000000,0.617668,0.655894,0.190885
34,0.043511,38.444771,6.000000,0.519388,0.466747,0.156141
34,0.062713,27.143818,4.000000,0.586285,0.542902,0.070277
34,0.040000,28.507221,4.000000,0.530710,0.505308,0.172019
34,0.055284,23.204647,3.000000,0.495075,0.551268,0.093903
34,0.058345,22.965675,3.000000,0.512980,0.538724,0.072988
34,0.060287,22.804235,3.000000,0.524291,0.553535,0.079845
34,0.055931,22.807369,3.000000,0.543934,0.600293,0.108347
34,0.065784,12.330480,1.000000,0.553411,0.580300,0.124001
34,0.056405,12.921904,1.000000,0.527314,0.493951,0.059670
35,0.055284,38.543392,6.000000,0.495075,0.551268,0.000000
35,0.055931,38.221073,6.000000,0.543934,0.600293,0.078641
35,0.054996,32.897438,5.000000,0.596356,0.488162,0.128408
35,0.043511,33.738197,5.000000,0.519388,0.466747,0.160044
35,0.062713,32.682720,5.000000,0.586285,0.542902,0.118098
35,0.056441,27.968464,4.000000,0.578647,0.518286,0.093903
35,0.040000,28.968731,4.000000,0.489722,0.515630,0.159290
35,0.066422,22.212605,3.000000,0.624798,0.697262,0.250073
35,0.063739,17.385904,2.000000,0.617668,0.655894,0.198197
35,0.065784,17.834127,2.000000,0.553411,0.580300,0.125482
35,0.058423,18.098385,2.000000,0.550255,0.559497,0.064311
35,0.049663,18.287260,2.000000,0.566402,0.515844,0.101037
35,0.040000,13.788911,1.000000,0.530710,0.505308,0.167124
35,0.058345,13.349510,1.000000,0.512980,0.538724,0.038771
35,0.060287,13.218531,1.000000,0.524291,0.553535,0.058002
35,0.056405,13.313997,1.000000,0.527314,0.493951,0.079361
36,0.054996,43.190819,7.000000,0.596356,0.488162,0.000000
36,0.066422,37.601543,6.000000,0.624798,0.697262,0.286670
36,0.062713,28.006062,4.000000,0.586285,0.542902,0.103622
36,0.055284,28.746624,4.000000,0.495075,0.551268,0.128408
36,0.063739,22.750662,3.000000,0.617668,0.655894,0.228161
36,0.062652,23.032671,3.000000,0.582636,0.499596,0.079084
36,0.058423,23.363731,3.000000,0.550255,0.559497,0.106068
36,0.040000,23.957876,3.000000,0.530710,0.505308,0.165098
36,0.042308,23.861746,3.000000,0.539311,0.458219,0.144064
36,0.056159,23.670063,3.000000,0.505986,0.553863,0.122664
36,0.055931,18.469296,2.000000,0.543934,0.600293,0.149938
36,0.043511,18.914251,2.000000,0.519388,0.466747,0.140826
36,0.056441,18.251934,2.000000,0.578647,0.518286,0.044047
36,0.049663,13.526247,1.000000,0.566402,0.515844,0.070280
36,0.057414,13.357298,1.000000,0.556160,0.531697,0.071843
36,0.058137,13.032067,1.000000,0.604933,0.490211,0.032663
36,0.060287,13.467108,1.000000,0.524291,0.553535,0.121119
36,0.058345,13.579811,1.000000,0.512980,0.538724,0.109851
36,0.056405,8.549253,0.000000,0.527314,0.493951,0.070835
36,0.049837,8.720496,0.000000,0.526834,0.579466,0.143252
36,0.065784,8.136373,0.000000,0.553411,0.580300,0.163546
36,0.040000,9.112629,0.000000,0.489722,0.515630,0.187185
36,0.043695,9.024943,0.000000,0.491172,0.511470,0.157114
37,0.058423,43.363720,7.000000,0.550255,0.559497,0.000000
37,0.058345,38.579811,6.000000,0.512980,0.538724,0.045434
37,0.054996,38.190819,6.000000,0.596356,0.488162,0.106068
37,0.063739,32.750656,5.000000,0.617668,0.655894,0.147954
37,0.049663,33.526260,5.000000,0.566402,0.515844,0.104463
37,0.060287,23.467108,3.000000,0.524291,0.553535,0.032818
37,0.055284,23.746616,3.000000,0.495075,0.551268,0.064311
37,0.062652,23.032679,3.000000,0.582636,0.499596,0.091890
37,0.040000,18.957876,2.000000,0.530710,0.505308,0.197258
37,0.042308,18.861746,2.000000,0.539311,0.458219,0.205222
37,0.057414,18.357298,2.000000,0.556160,0.531697,0.036665
37,0.056441,18.251934,2.000000,0.578647,0.518286,0.062070
37,0.056159,13.670037,1.000000,0.505986,0.553863,0.050218
37,0.055931,13.469296,1.000000,0.543934,0.600293,0.057108
37,0.062713,13.006062,1.000000,0.586285,0.542902,0.059738
37,0.066422,12.601543,1.000000,0.624798,0.697262,0.203985
37,0.043511,8.914251,0.000000,0.519388,0.466747,0.191393
37,0.058137,8.032067,0.000000,0.604933,0.490211,0.102463
38,0.066422,54.490032,10.000000,0.624798,0.697262,0.000000
38,0.060287,36.478573,6.000000,0.524291,0.553535,0.214809
38,0.056159,36.944645,6.000000,0.505986,0.553863,0.238283
38,0.040000,27.605909,4.000000,0.530710,0.505308,0.369101
38,0.055931,26.483517,4.000000,0.543934,0.600293,0.179543
38,0.062713,25.419331,4.000000,0.586285,0.542902,0.200222
38,0.054996,20.843773,3.000000,0.596356,0.488162,0.286670
38,0.063739,14.832602,2.000000,0.617668,0.655894,0.058689
38,0.049663,16.614351,2.000000,0.566402,0.515844,0.287963
38,0.055284,17.120655,2.000000,0.495075,0.551268,0.250073
38,0.062652,15.480474,2.000000,0.582636,0.499596,0.253473
38,0.057414,16.226225,2.000000,0.556160,0.531697,0.235917
38,0.058423,11.241059,1.000000,0.550255,0.559497,0.203985
38,0.042308,12.385092,1.000000,0.539311,0.458219,0.393369
38,0.056441,10.984173,1.000000,0.578647,0.518286,0.249285
38,0.058345,6.737404,0.000000,0.512980,0.538724,0.241453
39,0.056441,42.826729,7.000000,0.578647,0.518286,0.000000
39,0.066422,37.018135,6.000000,0.624798,0.697262,0.249285
39,0.062713,37.521049,6.000000,0.586285,0.542902,0.070277
39,0.049663,33.167789,5.000000,0.566402,0.515844,0.068945
39,0.054996,27.750748,4.000000,0.596356,0.488162,0.044047
39,0.062652,27.554132,4.000000,0.582636,0.499596,0.066486
39,0.042308,28.584873,4.000000,0.539311,0.458219,0.164797
39,0.055931,23.096962,3.000000,0.543934,0.600293,0.108347
39,0.063739,22.203526,3.000000,0.617668,0.655894,0.190885
39,0.057414,22.957722,3.000000,0.556160,0.531697,0.029687
39,0.040000,18.704380,2.000000,0.530710,0.505308,0.172019
39,0.058423,17.965729,2.000000,0.550255,0.559497,0.062070
39,0.056159,13.346533,1.000000,0.505986,0.553863,0.085236
39,0.060287,8.094242,0.000000,0.524291,0.553535,0.079845
39,0.055284,8.441729,0.000000,0.495075,0.551268,0.093903
40,0.054996,52.799644,9.000000,0.596356,0.488162,0.000000
40,0.056441,37.873974,6.000000,0.578647,0.518286,0.044047
40,0.066422,32.082958,5.000000,0.624798,0.697262,0.286670
40,0.049663,33.207626,5.000000,0.566402,0.515844,0.070280
40,0.062652,32.607346,5.000000,0.582636,0.499596,0.079084
40,0.062713,27.574940,4.000000,0.586285,0.542902,0.103622
40,0.055931,28.138332,4.000000,0.543934,0.600293,0.149938
40,0.063739,27.264318,4.000000,0.617668,0.655894,0.228161
40,0.057414,28.002119,4.000000,0.556160,0.531697,0.071843
40,0.042308,18.615637,2.000000,0.539311,0.458219,0.144064
40,0.040000,18.732555,2.000000,0.530710,0.505308,0.165098
40,0.058423,8.009973,0.000000,0.550255,0.559497,0.106068
40,0.056159,8.382478,0.000000,0.505986,0.553863,0.122664
41,0.063739,60.318825,11.000000,0.617668,0.655894,0.000000
41,0.062652,45.905937,8.000000,0.582636,0.499596,0.198787
41,0.056441,36.362133,6.000000,0.578647,0.518286,0.190885
41,0.066422,25.008617,4.000000,0.624798,0.697262,0.058689
41,0.049663,26.933001,4.000000,0.566402,0.515844,0.230413
41,0.054996,21.234947,3.000000,0.596356,0.488162,0.228161
41,0.062713,20.850452,3.000000,0.586285,0.542902,0.145049
41,0.055931,21.814480,3.000000,0.543934,0.600293,0.127918
41,0.057414,21.581404,3.000000,0.556160,0.531697,0.178567
41,0.042308,22.631201,3.000000,0.539311,0.458219,0.336340
41,0.040000,17.831253,2.000000,0.530710,0.505308,0.315194
42,0.066422,62.147781,11.000000,0.624798,0.697262,0.000000
42,0.054996,37.848541,6.000000,0.596356,0.488162,0.286670
42,0.057414,38.046555,6.000000,0.556160,0.531697,0.235917
42,0.049663,33.247459,5.000000,0.566402,0.515844,0.287963
42,0.065965,32.472305,5.000000,0.590216,0.512792,0.233212
42,0.056441,27.921219,4.000000,0.578647,0.518286,0.249285
42,0.063739,22.325111,3.000000,0.617668,0.655894,0.058689
42,0.055931,23.179703,3.000000,0.543934,0.600293,0.179543
42,0.062713,17.628830,2.000000,0.586285,0.542902,0.200222
42,0.040000,18.760736,2.000000,0.530710,0.505308,0.369101
42,0.062652,12.660511,1.000000,0.582636,0.499596,0.253473
42,0.042308,13.646400,1.000000,0.539311,0.458219,0.393369
42,0.052469,13.235386,1.000000,0.552940,0.548382,0.243444
42,0.066172,6.699471,0.000000,0.673377,0.668073,0.060806
43,0.055931,46.897221,8.000000,0.543934,0.600293,0.000000
43,0.065965,40.691345,7.000000,0.590216,0.512792,0.155473
43,0.062713,40.958233,7.000000,0.586285,0.542902,0.107418
43,0.056441,36.456623,6.000000,0.578647,0.518286,0.108347
43,0.040000,37.887630,6.000000,0.530710,0.505308,0.199131
43,0.049663,32.012756,5.000000,0.566402,0.515844,0.124812
43,0.066422,25.138264,4.000000,0.624798,0.697262,0.179543
43,0.063739,15.440531,2.000000,0.617668,0.655894,0.127918
43,0.062652,16.012182,2.000000,0.582636,0.499596,0.147847
43,0.054996,11.332741,1.000000,0.596356,0.488162,0.149938
43,0.057414,11.670198,1.000000,0.556160,0.531697,0.087872
43,0.052469,11.992135,1.000000,0.552940,0.548382,0.074100
43,0.042308,7.692728,0.000000,0.539311,0.458219,0.223877
44,0.049663,43.127960,7.000000,0.566402,0.515844,0.000000
44,0.066422,41.953312,7.000000,0.624798,0.697262,0.287963
44,0.054996,42.701851,7.000000,0.596356,0.488162,0.070280
44,0.056441,37.779484,6.000000,0.578647,0.518286,0.068945
44,0.063739,37.142700,6.000000,0.617668,0.655894,0.230413
44,0.062652,37.501007,6.000000,0.582636,0.499596,0.132475
44,0.065965,22.299971,3.000000,0.590216,0.512792,0.164795
44,0.040000,23.676212,3.000000,0.530710,0.505308,0.103845
44,0.055931,18.055592,2.000000,0.543934,0.600293,0.124812
44,0.062713,17.467159,2.000000,0.586285,0.542902,0.136270
44,0.057414,12.913324,1.000000,0.556160,0.531697,0.080656
44,0.052469,8.115071,0.000000,0.552940,0.548382,0.051215
45,0.062652,52.341507,9.000000,0.582636,0.499596,0.000000
45,0.049663,43.008488,7.000000,0.566402,0.515844,0.132475
45,0.065965,42.127548,7.000000,0.590216,0.512792,0.037771
45,0.056441,32.637749,5.000000,0.578647,0.518286,0.066486
45,0.057414,32.780174,5.000000,0.556160,0.531697,0.071103
45,0.066422,26.758842,4.000000,0.624798,0.697262,0.253473
45,0.063739,26.960354,4.000000,0.617668,0.655894,0.198787
45,0.040000,28.591715,4.000000,0.530710,0.505308,0.232509
45,0.055931,27.931480,4.000000,0.543934,0.600293,0.147847
45,0.054996,12.555161,1.000000,0.596356,0.488162,0.079084
45,0.062713,7.305482,0.000000,0.586285,0.542902,0.054259
46,0.057414,57.646999,10.000000,0.556160,0.531697,0.000000
46,0.066422,51.564373,9.000000,0.624798,0.697262,0.235917
46,0.055931,42.807369,7.000000,0.543934,0.600293,0.087872
46,0.063739,36.777924,6.000000,0.617668,0.655894,0.178567
46,0.040000,38.507248,6.000000,0.530710,0.505308,0.179050
46,0.056441,27.496014,4.000000,0.578647,0.518286,0.029687
46,0.065965,21.955286,3.000000,0.590216,0.512792,0.095028
46,0.062652,17.181946,2.000000,0.582636,0.499596,0.071103
46,0.054996,17.408470,2.000000,0.596356,0.488162,0.071843
46,0.049663,12.888948,1.000000,0.566402,0.515844,0.080656
47,0.054996,47.212883,8.000000,0.596356,0.488162,0.000000
47,0.063739,41.534752,7.000000,0.617668,0.655894,0.228161
47,0.057385,36.708744,6.000000,0.634423,0.612293,0.161540
47,0.057414,32.469398,5.000000,0.556160,0.531697,0.071843
47,0.055931,32.641888,5.000000,0.543934,0.600293,0.149938
47,0.066422,26.305080,4.000000,0.624798,0.697262,0.286670
47,0.040000,23.394558,3.000000,0.530710,0.505308,0.165098
47,0.056441,22.307034,3.000000,0.578647,0.518286,0.044047
47,0.065965,21.725496,3.000000,0.590216,0.512792,0.114089
47,0.062652,16.969292,2.000000,0.582636,0.499596,0.079084
47,0.049663,17.729624,2.000000,0.566402,0.515844,0.070280
47,0.055550,13.021371,1.000000,0.499958,0.545179,0.120012
47,0.048999,12.541377,1.000000,0.593396,0.555842,0.103741
47,0.059936,6.418027,0.000000,0.647604,0.650349,0.214866
47,0.041618,8.651723,0.000000,0.476807,0.524686,0.185129
48,0.065965,52.414825,9.000000,0.590216,0.512792,0.000000
48,0.056441,37.873974,6.000000,0.578647,0.518286,0.096186
48,0.049663,38.207642,6.000000,0.566402,0.515844,0.164795
48,0.054996,32.799644,5.000000,0.596356,0.488162,0.114089
48,0.066422,32.082958,5.000000,0.624798,0.697262,0.233212
48,0.063739,27.264318,4.000000,0.617668,0.655894,0.182336
48,0.057414,28.002119,4.000000,0.556160,0.531697,0.095028
48,0.055931,28.138332,4.000000,0.543934,0.600293,0.155473
48,0.040000,18.732546,2.000000,0.530710,0.505308,0.266542
48,0.062652,17.607315,2.000000,0.582636,0.499596,0.037771
48,0.048999,18.058947,2.000000,0.593396,0.555842,0.178012
48,0.057385,12.401605,1.000000,0.634423,0.612293,0.157434
48,0.055550,8.437924,0.000000,0.499958,0.545179,0.143640
49,0.056441,50.889683,9.000000,0.578647,0.518286,0.000000
49,0.065965,45.001942,8.000000,0.590216,0.512792,0.096186
49,0.049663,36.534790,6.000000,0.566402,0.515844,0.068945
49,0.054996,25.745979,4.000000,0.596356,0.488162,0.044047
49,0.063739,24.711016,4.000000,0.617668,0.655894,0.190885
49,0.055931,26.400776,4.000000,0.543934,0.600293,0.108347
49,0.066422,19.360386,3.000000,0.624798,0.697262,0.249285
49,0.057414,21.137430,3.000000,0.556160,0.531697,0.029687
49,0.062652,20.374111,3.000000,0.582636,0.499596,0.066486
49,0.057385,19.976465,3.000000,0.634423,0.612293,0.130416
49,0.048999,16.247318,2.000000,0.593396,0.555842,0.089212
49,0.040000,12.549657,1.000000,0.530710,0.505308,0.172019
50,0.071303,44.429695,8.000000,0.582802,0.541617,0.000000
50,0.054996,40.501495,7.000000,0.596356,0.488162,0.176744
50,0.066422,34.036270,6.000000,0.624798,0.697262,0.204935
50,0.053670,35.868942,6.000000,0.578496,0.532981,0.176713
50,0.057385,29.687761,5.000000,0.634423,0.612293,0.172745
50,0.056441,20.653458,3.000000,0.578647,0.518286,0.151512
50,0.055931,21.193924,3.000000,0.543934,0.600293,0.174693
50,0.065965,14.714836,2.000000,0.590216,0.512792,0.064828
50,0.063739,14.407051,2.000000,0.617668,0.655894,0.165353
50,0.057414,15.915443,2.000000,0.556160,0.531697,0.141966
50,0.053134,16.285873,2.000000,0.551289,0.559454,0.185743
50,0.049663,11.335533,1.000000,0.566402,0.515844,0.219400
50,0.062652,10.108341,1.000000,0.582636,0.499596,0.101202
50,0.048999,11.031696,1.000000,0.593396,0.555842,0.223992
50,0.040000,12.408833,1.000000,0.530710,0.505308,0.320560
51,0.056441,36.031418,6.000000,0.578647,0.518286,0.000000
51,0.068137,28.813831,5.000000,0.657520,0.706838,0.274686
51,0.065965,30.174347,5.000000,0.590216,0.512792,0.096186
51,0.051964,25.678459,4.000000,0.629302,0.504760,0.069686
51,0.057385,25.149733,4.000000,0.634423,0.612293,0.130416
51,0.053134,26.608841,4.000000,0.551289,0.559454,0.067007
51,0.066422,19.554855,3.000000,0.624798,0.697262,0.249285
51,0.062652,20.533644,3.000000,0.582636,0.499596,0.066486
51,0.060177,14.483587,2.000000,0.660693,0.658665,0.197279
51,0.071303,14.914099,2.000000,0.582802,0.541617,0.151512
51,0.040000,17.634092,2.000000,0.530710,0.505308,0.172019
51,0.057414,16.270622,2.000000,0.556160,0.531697,0.029687
51,0.063739,14.893394,2.000000,0.617668,0.655894,0.190885
51,0.055931,16.524887,2.000000,0.543934,0.600293,0.108347
51,0.049663,11.654182,1.000000,0.566402,0.515844,0.068945
51,0.048999,11.376766,1.000000,0.593396,0.555842,0.089212
51,0.068217,9.440861,1.000000,0.622943,0.546828,0.130782
51,0.053670,11.228165,1.000000,0.578496,0.532981,0.033245
51,0.055512,5.466492,0.000000,0.623613,0.459562,0.086583
51,0.054996,5.892649,0.000000,0.596356,0.488162,0.044047
52,0.060177,57.044823,10.000000,0.660693,0.658665,0.000000
52,0.071303,42.275391,7.000000,0.582802,0.541617,0.199626
52,0.055931,28.138332,4.000000,0.543934,0.600293,0.144082
52,0.065965,27.414865,4.000000,0.590216,0.512792,0.203874
52,0.062652,27.607304,4.000000,0.582636,0.499596,0.215039
52,0.068137,21.685991,3.000000,0.657520,0.706838,0.099860
52,0.063739,22.264318,3.000000,0.617668,0.655894,0.055961
52,0.057385,22.401646,3.000000,0.634423,0.612293,0.069499
52,0.066422,17.082958,2.000000,0.624798,0.697262,0.086690
52,0.053134,18.183308,2.000000,0.551289,0.559454,0.179750
52,0.051964,17.684889,2.000000,0.629302,0.504760,0.211525
52,0.048999,18.058964,2.000000,0.593396,0.555842,0.183150
52,0.056441,12.873974,1.000000,0.578647,0.518286,0.197279
52,0.049663,13.207598,1.000000,0.566402,0.515844,0.227637
52,0.068217,12.021890,1.000000,0.622943,0.546828,0.165626
52,0.053670,12.979374,1.000000,0.578496,0.532981,0.188875
52,0.040000,8.732581,0.000000,0.530710,0.505308,0.307175
52,0.057414,8.002119,0.000000,0.556160,0.531697,0.192042
53,0.063739,45.440399,8.000000,0.617668,0.655894,0.000000
53,0.062652,36.012272,6.000000,0.582636,0.499596,0.198787
53,0.068137,34.476635,6.000000,0.657520,0.706838,0.087051
53,0.057385,35.669292,6.000000,0.634423,0.612293,0.085376
53,0.051964,26.141481,4.000000,0.629302,0.504760,0.222915
53,0.068217,25.036421,4.000000,0.622943,0.546828,0.143597
53,0.048999,21.764910,3.000000,0.593396,0.555842,0.194824
53,0.071303,15.459012,2.000000,0.582802,0.541617,0.165353
53,0.055931,16.897221,2.000000,0.543934,0.600293,0.127918
53,0.065965,15.691442,2.000000,0.590216,0.512792,0.182336
53,0.066422,15.138264,2.000000,0.624798,0.697262,0.058689
53,0.056441,16.456623,2.000000,0.578647,0.518286,0.190885
53,0.049663,17.012663,2.000000,0.566402,0.515844,0.230413
53,0.053134,11.972179,1.000000,0.551289,0.559454,0.173740
53,0.060177,5.074677,0.000000,0.660693,0.658665,0.055961
53,0.053670,6.632305,0.000000,0.578496,0.532981,0.187828
54,0.057385,42.055164,7.000000,0.634423,0.612293,0.000000
54,0.068137,31.244123,5.000000,0.657520,0.706838,0.161439
54,0.068217,31.624763,5.000000,0.622943,0.546828,0.136246
54,0.053134,32.941082,5.000000,0.551289,0.559454,0.114370
54,0.063739,26.899561,4.000000,0.617668,0.655894,0.085376
54,0.048999,27.800135,4.000000,0.593396,0.555842,0.117020
54,0.071303,26.912121,4.000000,0.582802,0.541617,0.172745
54,0.065965,27.070181,4.000000,0.590216,0.512792,0.157434
54,0.051964,22.376207,3.000000,0.629302,0.504760,0.145027
54,0.055931,22.890110,3.000000,0.543934,0.600293,0.092868
54,0.066422,21.694019,3.000000,0.624798,0.697262,0.139787
54,0.062652,17.288284,2.000000,0.582636,0.499596,0.159065
54,0.049663,12.968611,1.000000,0.566402,0.515844,0.158508
54,0.056441,7.590499,0.000000,0.578647,0.518286,0.130416
55,0.053134,43.344791,7.000000,0.551289,0.559454,0.000000
55,0.057385,37.632572,6.000000,0.634423,0.612293,0.114370
55,0.048999,38.231495,6.000000,0.593396,0.555842,0.059186
55,0.071303,37.517582,6.000000,0.582802,0.541617,0.185743
55,0.063739,32.507473,5.000000,0.617668,0.655894,0.173740
55,0.051964,32.890690,5.000000,0.629302,0.504760,0.104390
55,0.068137,26.980570,4.000000,0.657520,0.706838,0.260262
55,0.055931,28.303814,4.000000,0.543934,0.600293,0.058675
55,0.065965,22.644655,3.000000,0.590216,0.512792,0.146220
55,0.066422,17.342251,2.000000,0.624798,0.697262,0.229638
55,0.068217,12.286611,1.000000,0.622943,0.546828,0.167732
55,0.062652,12.820022,1.000000,0.582636,0.499596,0.125065
55,0.049663,8.366922,0.000000,0.566402,0.515844,0.066370
56,0.071303,47.396492,8.000000,0.582802,0.541617,0.000000
56,0.051964,42.787827,7.000000,0.629302,0.504760,0.204167
56,0.048999,38.145260,6.000000,0.593396,0.555842,0.223992
56,0.063739,37.385864,6.000000,0.617668,0.655894,0.165353
56,0.065965,37.529716,6.000000,0.590216,0.512792,0.064828
56,0.055931,33.221073,5.000000,0.543934,0.600293,0.174693
56,0.057385,27.517113,4.000000,0.634423,0.612293,0.172745
56,0.068137,16.833281,2.000000,0.657520,0.706838,0.221896
56,0.066422,17.212605,2.000000,0.624798,0.697262,0.204935
56,0.062652,17.713650,2.000000,0.582636,0.499596,0.101202
56,0.053134,13.264050,1.000000,0.551289,0.559454,0.185743
56,0.068217,12.154250,1.000000,0.622943,0.546828,0.051046
57,0.050857,43.224125,7.000000,0.614418,0.554611,0.000000
57,0.063739,37.750618,6.000000,0.617668,0.655894,0.180649
57,0.055931,33.469296,5.000000,0.543934,0.600293,0.103942
57,0.057385,32.863552,5.000000,0.634423,0.612293,0.099298
57,0.065965,27.874445,4.000000,0.590216,0.512792,0.161687
57,0.068137,27.275148,4.000000,0.657520,0.706838,0.260629
57,0.063745,28.199932,4.000000,0.552520,0.542522,0.143771
57,0.051964,23.096464,3.000000,0.629302,0.504760,0.065016
57,0.066422,22.601543,3.000000,0.624798,0.697262,0.236917
57,0.058886,22.838249,3.000000,0.629976,0.700890,0.200304
57,0.048999,18.404022,2.000000,0.593396,0.555842,0.028096
57,0.071303,17.759785,2.000000,0.582802,0.541617,0.207524
57,0.050125,13.786904,1.000000,0.511501,0.572914,0.105683
57,0.073911,12.831502,1.000000,0.563189,0.557693,0.236197
57,0.045811,8.374517,0.000000,0.619351,0.528133,0.060549
57,0.068217,7.551328,0.000000,0.622943,0.546828,0.174085
57,0.053134,8.506275,0.000000,0.551289,0.559454,0.067382
57,0.062652,8.032702,0.000000,0.582636,0.499596,0.140188
58,0.063739,62.872208,11.000000,0.617668,0.655894,0.000000
58,0.066422,47.731190,8.000000,0.624798,0.697262,0.058689
58,0.065965,42.989311,7.000000,0.590216,0.512792,0.182336
58,0.068137,32.422424,5.000000,0.657520,0.706838,0.087051
58,0.063745,28.297228,4.000000,0.552520,0.542522,0.155973
58,0.057385,22.979053,3.000000,0.634423,0.612293,0.085376
58,0.051964,23.199358,3.000000,0.629302,0.504760,0.222915
58,0.073911,22.948692,3.000000,0.563189,0.557693,0.168473
58,0.055931,18.552036,2.000000,0.543934,0.600293,0.127918
58,0.048999,18.490292,2.000000,0.593396,0.555842,0.194824
58,0.058886,12.955127,1.000000,0.629976,0.700890,0.075302
58,0.071303,12.880893,1.000000,0.582802,0.541617,0.165353
58,0.050857,8.320088,0.000000,0.614418,0.554611,0.180649
58,0.050125,8.852477,0.000000,0.511501,0.572914,0.201406
59,0.057385,54.803162,10.000000,0.634423,0.612293,0.000000
59,0.073911,39.725197,7.000000,0.563189,0.557693,0.192471
59,0.068137,33.371910,6.000000,0.657520,0.706838,0.161439
59,0.055931,36.276665,6.000000,0.543934,0.600293,0.092868
59,0.063745,30.621515,5.000000,0.552520,0.542522,0.135499
59,0.063739,24.528637,4.000000,0.617668,0.655894,0.085376
59,0.066422,24.165916,4.000000,0.624798,0.697262,0.139787
59,0.071303,19.550793,3.000000,0.582802,0.541617,0.172745
59,0.051964,15.369778,2.000000,0.629302,0.504760,0.145027
59,0.048999,16.117884,2.000000,0.593396,0.555842,0.117020
59,0.065965,9.829731,1.000000,0.590216,0.512792,0.157434
59,0.058886,4.741755,0.000000,0.629976,0.700890,0.111847
60,0.071303,56.427742,10.000000,0.582802,0.541617,0.000000
60,0.068137,35.654922,6.000000,0.657520,0.706838,0.221896
60,0.063745,37.129673,6.000000,0.552520,0.542522,0.081425
60,0.063739,36.413155,6.000000,0.617668,0.655894,0.165353
60,0.073911,31.542076,5.000000,0.563189,0.557693,0.038326
60,0.051964,31.964659,5.000000,0.629302,0.504760,0.204167
60,0.048999,32.455105,5.000000,0.593396,0.555842,0.223992
60,0.055931,27.559147,4.000000,0.543934,0.600293,0.174693
60,0.065965,16.610601,2.000000,0.590216,0.512792,0.064828
60,0.066422,11.175434,1.000000,0.624798,0.697262,0.204935
60,0.057385,6.593215,0.000000,0.634423,0.612293,0.172745
61,0.068137,43.740089,8.000000,0.657520,0.706838,0.000000
61,0.051964,40.627110,7.000000,0.629302,0.504760,0.301265
61,0.055931,41.483517,7.000000,0.543934,0.600293,0.213395
61,0.073911,35.018242,6.000000,0.563189,0.557693,0.216770
61,0.066422,34.490032,6.000000,0.624798,0.697262,0.038838
61,0.065965,30.116934,5.000000,0.590216,0.512792,0.252659
61,0.071303,24.853521,4.000000,0.582802,0.541617,0.221896
61,0.063739,19.832602,3.000000,0.617668,0.655894,0.087051
61,0.063745,15.864711,2.000000,0.552520,0.542522,0.234823
61,0.048999,16.333553,2.000000,0.593396,0.555842,0.276339
62,0.079371,48.344154,8.000000,0.527413,0.579454,0.000000
62,0.073911,33.241734,5.000000,0.563189,0.557693,0.070720
62,0.065965,33.276566,5.000000,0.590216,0.512792,0.169888
62,0.071303,28.183601,4.000000,0.582802,0.541617,0.108699
62,0.048999,28.705961,4.000000,0.593396,0.555842,0.312205
62,0.068137,22.790661,3.000000,0.657520,0.706838,0.234314
62,0.063739,23.176212,3.000000,0.617668,0.655894,0.204238
62,0.063745,23.540489,3.000000,0.552520,0.542522,0.164864
62,0.072654,22.436237,3.000000,0.685929,0.726697,0.252023
62,0.068291,22.845821,3.000000,0.648529,0.640676,0.181117
62,0.064546,23.305645,3.000000,0.591607,0.486243,0.199185
62,0.051964,18.456593,2.000000,0.629302,0.504760,0.306949
62,0.055931,18.758888,2.000000,0.543934,0.600293,0.236421
62,0.066422,18.055305,2.000000,0.624798,0.697262,0.218950
62,0.045487,8.693514,0.000000,0.618841,0.519543,0.358864
62,0.050103,8.957386,0.000000,0.526742,0.574952,0.292736
63,0.068137,56.685951,10.000000,0.657520,0.706838,0.000000
63,0.064546,42.458504,7.000000,0.591607,0.486243,0.285778
63,0.072654,31.154362,5.000000,0.685929,0.726697,0.058848
63,0.066422,32.082958,5.000000,0.624798,0.697262,0.038838
63,0.065965,27.414865,4.000000,0.590216,0.512792,0.252659
63,0.063739,27.264318,4.000000,0.617668,0.655894,0.087051
63,0.063745,27.810719,4.000000,0.552520,0.542522,0.234823
63,0.079371,22.516220,3.000000,0.527413,0.579454,0.234314
63,0.071303,22.275400,3.000000,0.582802,0.541617,0.221896
63,0.048999,23.058952,3.000000,0.593396,0.555842,0.276339
63,0.068291,11.768732,1.000000,0.648529,0.640676,0.083204
63,0.055931,13.138332,1.000000,0.543934,0.600293,0.213395
63,0.073911,7.362638,0.000000,0.563189,0.557693,0.216770
63,0.051964,7.684889,0.000000,0.629302,0.504760,0.301265
64,0.072654,46.581680,8.000000,0.685929,0.726697,0.000000
64,0.065965,42.702080,7.000000,0.590216,0.512792,0.291767
64,0.068291,42.127735,7.000000,0.648529,0.640676,0.121918
64,0.063739,37.568264,6.000000,0.617668,0.655894,0.142967
64,0.066422,27.407074,4.000000,0.624798,0.697262,0.094734
64,0.071303,27.578144,4.000000,0.582802,0.541617,0.253654
64,0.068137,22.054214,3.000000,0.657520,0.706838,0.058848
64,0.064546,22.740860,3.000000,0.591607,0.486243,0.325285
64,0.063745,23.053976,3.000000,0.552520,0.542522,0.280598
64,0.079371,17.792183,2.000000,0.527413,0.579454,0.252023
64,0.048999,18.274622,2.000000,0.593396,0.555842,0.331854
64,0.055931,13.345184,1.000000,0.543934,0.600293,0.270355
65,0.076393,46.229782,8.000000,0.685585,0.771797,0.000000
65,0.072654,31.410732,5.000000,0.685929,0.726697,0.067648
65,0.079371,32.681812,5.000000,0.527413,0.579454,0.289330
65,0.048999,28.188353,4.000000,0.593396,0.555842,0.395484
65,0.063325,27.695515,4.000000,0.588714,0.476675,0.403175
65,0.065965,22.587208,3.000000,0.590216,0.512792,0.353253
65,0.068291,21.984150,3.000000,0.648529,0.640676,0.186549
65,0.068137,21.906925,3.000000,0.657520,0.706838,0.119146
65,0.074044,21.248583,3.000000,0.694641,0.697892,0.095751
65,0.058975,22.833378,3.000000,0.591516,0.694802,0.220111
65,0.063739,17.446697,2.000000,0.617668,0.655894,0.203995
65,0.066422,17.277428,2.000000,0.624798,0.697262,0.149390
65,0.071303,17.457041,2.000000,0.582802,0.541617,0.309743
65,0.064546,17.627903,2.000000,0.591607,0.486243,0.387651
65,0.063745,12.956709,1.000000,0.552520,0.542522,0.340351
65,0.055931,8.262444,0.000000,0.543934,0.600293,0.328466
66,0.076393,46.588886,8.000000,0.685585,0.771797,0.000000
66,0.072654,36.752594,6.000000,0.685929,0.726697,0.067648
66,0.058975,38.039722,6.000000,0.591516,0.694802,0.220111
66,0.064546,32.853855,5.000000,0.591607,0.486243,0.387651
66,0.074044,26.605865,4.000000,0.694641,0.697892,0.095751
66,0.063325,22.914989,3.000000,0.588714,0.476675,0.403175
66,0.065965,22.816998,3.000000,0.590216,0.512792,0.353253
66,0.068137,22.201504,3.000000,0.657520,0.706838,0.119146
66,0.079371,17.902582,2.000000,0.527413,0.579454,0.289330
66,0.068291,17.271374,2.000000,0.648529,0.640676,0.186549
66,0.063739,17.689869,2.000000,0.617668,0.655894,0.203995
66,0.066422,17.536720,2.000000,0.624798,0.697262,0.149390
66,0.063745,18.151289,2.000000,0.552520,0.542522,0.340351
66,0.048999,13.360918,1.000000,0.593396,0.555842,0.395484
66,0.071303,12.699255,1.000000,0.582802,0.541617,0.309743
67,0.071303,42.941406,7.000000,0.582802,0.541617,0.000000
67,0.072654,37.094406,6.000000,0.685929,0.726697,0.253654
67,0.068137,32.496056,5.000000,0.657520,0.706838,0.221896
67,0.064546,28.079731,4.000000,0.591607,0.486243,0.097125
67,0.076187,26.751736,4.000000,0.708232,0.765124,0.310118
67,0.075298,21.870541,3.000000,0.699253,0.743537,0.280825
67,0.076393,21.947964,3.000000,0.685585,0.771797,0.309743
67,0.081924,22.047245,3.000000,0.651178,0.800000,0.346801
67,0.068291,17.558598,2.000000,0.648529,0.640676,0.143386
67,0.063745,18.345884,2.000000,0.552520,0.542522,0.081425
67,0.048999,18.533430,2.000000,0.593396,0.555842,0.223992
67,0.065965,18.046787,2.000000,0.590216,0.512792,0.064828
67,0.063325,18.134464,2.000000,0.588714,0.476675,0.113969
67,0.074044,16.963120,2.000000,0.694641,0.697892,0.226755
67,0.066422,12.796013,1.000000,0.624798,0.697262,0.204935
67,0.056899,13.191889,1.000000,0.611437,0.727025,0.274369
67,0.058975,13.246038,1.000000,0.591516,0.694802,0.227899
67,0.079371,8.123343,0.000000,0.527413,0.579454,0.108699
67,0.063739,7.933040,0.000000,0.617668,0.655894,0.165353
67,0.062685,8.203627,0.000000,0.580639,0.503997,0.098199
68,0.075298,42.238689,7.000000,0.699253,0.743537,0.000000
68,0.076393,32.307022,5.000000,0.685585,0.771797,0.039427
68,0.068291,32.845795,5.000000,0.648529,0.640676,0.154965
68,0.071303,28.183599,4.000000,0.582802,0.541617,0.280825
68,0.076187,27.133884,4.000000,0.708232,0.765124,0.029795
68,0.081924,27.394630,4.000000,0.651178,0.800000,0.108086
68,0.072654,22.436237,3.000000,0.685929,0.726697,0.036328
68,0.056899,23.404587,3.000000,0.611437,0.727025,0.204912
68,0.074044,22.320414,3.000000,0.694641,0.697892,0.058601
68,0.064546,23.305645,3.000000,0.591607,0.486243,0.355788
68,0.065965,18.276577,2.000000,0.590216,0.512792,0.322169
68,0.066422,18.055305,2.000000,0.624798,0.697262,0.129491
68,0.068137,17.790661,2.000000,0.657520,0.706838,0.094727
68,0.058975,18.452412,2.000000,0.591516,0.694802,0.204846
68,0.048999,13.705988,1.000000,0.593396,0.555842,0.367985
68,0.063745,8.540506,0.000000,0.552520,0.542522,0.313071
68,0.063325,8.353939,0.000000,0.588714,0.476675,0.371252
69,0.074044,41.784485,7.000000,0.694641,0.697892,0.000000
69,0.076393,36.768417,6.000000,0.685585,0.771797,0.095751
69,0.068291,37.414955,6.000000,0.648529,0.640676,0.102716
69,0.056899,33.085499,5.000000,0.611437,0.727025,0.194015
69,0.081924,26.873566,4.000000,0.651178,0.800000,0.156171
69,0.066422,27.666367,4.000000,0.624798,0.697262,0.103383
69,0.075298,21.686455,3.000000,0.699253,0.743537,0.058601
69,0.064546,22.966774,3.000000,0.591607,0.486243,0.299380
69,0.068137,22.348793,3.000000,0.657520,0.706838,0.070650
69,0.058975,23.142887,3.000000,0.591516,0.694802,0.182636
69,0.076187,16.560661,2.000000,0.708232,0.765124,0.087788
69,0.072654,16.923485,2.000000,0.685929,0.726697,0.039567
69,0.065965,12.931892,1.000000,0.590216,0.512792,0.266394
69,0.048999,13.447186,1.000000,0.593396,0.555842,0.323265
69,0.071303,7.820345,0.000000,0.582802,0.541617,0.226755
70,0.074044,46.873787,8.000000,0.694641,0.697892,0.000000
70,0.068137,47.422405,8.000000,0.657520,0.706838,0.070650
70,0.081924,36.960411,6.000000,0.651178,0.800000,0.156171
70,0.058975,33.194481,5.000000,0.591516,0.694802,0.182636
70,0.068291,27.486792,4.000000,0.648529,0.640676,0.102716
70,0.066422,27.731190,4.000000,0.624798,0.697262,0.103383
70,0.064546,23.023252,3.000000,0.591607,0.486243,0.299380
70,0.076187,21.656199,3.000000,0.708232,0.765124,0.087788
70,0.075298,16.778498,2.000000,0.699253,0.743537,0.058601
70,0.072654,17.008944,2.000000,0.685929,0.726697,0.039567
70,0.065965,17.989340,2.000000,0.590216,0.512792,0.266394
70,0.076393,11.858172,1.000000,0.685585,0.771797,0.095751
70,0.056899,13.138709,1.000000,0.611437,0.727025,0.194015
70,0.048999,13.490319,1.000000,0.593396,0.555842,0.323265
71,0.072578,43.336678,8.000000,0.699745,0.711110,0.000000
71,0.076599,33.580696,6.000000,0.668552,0.800000,0.122213
71,0.076187,27.834711,5.000000,0.708232,0.765124,0.077025
71,0.068137,24.476652,4.000000,0.657520,0.706838,0.061511
71,0.068540,23.358288,4.000000,0.718895,0.720871,0.046327
71,0.064546,25.764112,4.000000,0.591607,0.486243,0.311693
71,0.065965,20.691442,3.000000,0.590216,0.512792,0.278969
71,0.081924,18.486591,3.000000,0.651178,0.800000,0.153097
71,0.066422,15.138264,2.000000,0.624798,0.697262,0.098524
71,0.075298,13.096781,2.000000,0.699253,0.743537,0.048816
71,0.074044,13.301007,2.000000,0.694641,0.697892,0.022667
71,0.048999,16.764908,2.000000,0.593396,0.555842,0.323381
71,0.076393,8.267512,1.000000,0.685585,0.771797,0.086083
71,0.056899,11.011519,1.000000,0.611437,0.727025,0.181045
71,0.068291,9.614553,1.000000,0.648529,0.640676,0.110510
71,0.053070,10.870757,1.000000,0.644184,0.696401,0.203671
71,0.061024,9.987488,1.000000,0.661878,0.724734,0.122779
71,0.072654,3.590593,0.000000,0.685929,0.726697,0.023898
71,0.058975,6.130967,0.000000,0.591516,0.694802,0.175025
71,0.063218,4.806814,0.000000,0.661907,0.628117,0.144761
72,0.076187,35.509796,6.000000,0.708232,0.765124,0.000000
72,0.068291,36.625076,6.000000,0.648529,0.640676,0.184384
72,0.064546,32.345566,5.000000,0.591607,0.486243,0.385583
72,0.065965,27.299971,4.000000,0.590216,0.512792,0.351942
72,0.075298,25.673983,4.000000,0.699253,0.743537,0.029795
72,0.066422,21.953312,3.000000,0.624798,0.697262,0.153924
72,0.061024,21.858826,3.000000,0.661878,0.724734,0.166402
72,0.056899,22.500521,3.000000,0.611437,0.727025,0.220994
72,0.076393,20.781000,3.000000,0.685585,0.771797,0.024222
72,0.081924,20.918259,3.000000,0.651178,0.800000,0.091907
72,0.068540,20.837858,3.000000,0.718895,0.720871,0.094978
72,0.072578,15.824337,2.000000,0.699745,0.711110,0.077025
72,0.074044,15.801984,2.000000,0.694641,0.697892,0.087788
72,0.053070,17.412304,2.000000,0.644184,0.696401,0.254794
72,0.048999,12.972714,1.000000,0.593396,0.555842,0.394384
72,0.068137,6.538692,0.000000,0.657520,0.706838,0.119829
72,0.076599,5.977163,0.000000,0.668552,0.800000,0.059094
73,0.076187,38.503563,7.000000,0.708232,0.765124,0.000000
73,0.066422,40.592026,7.000000,0.624798,0.697262,0.153924
73,0.075298,33.741070,6.000000,0.699253,0.743537,0.029795
73,0.081924,34.094513,6.000000,0.651178,0.800000,0.091907
73,0.061024,25.455322,4.000000,0.661878,0.724734,0.166402
73,0.072578,23.958591,4.000000,0.699745,0.711110,0.077025
73,0.074044,23.926287,4.000000,0.694641,0.697892,0.087788
73,0.056899,21.383717,3.000000,0.611437,0.727025,0.220994
73,0.068540,18.978189,3.000000,0.718895,0.720871,0.094978
73,0.076393,13.895899,2.000000,0.685585,0.771797,0.024222
73,0.048999,17.066854,2.000000,0.593396,0.555842,0.394384
73,0.068291,10.117195,1.000000,0.648529,0.640676,0.184384
73,0.065965,11.093575,1.000000,0.590216,0.512792,0.351942
73,0.064546,6.159478,0.000000,0.591607,0.486243,0.385583
73,0.053070,6.256153,0.000000,0.644184,0.696401,0.254794
74,0.072578,56.090858,10.000000,0.699745,0.711110,0.000000
74,0.061024,52.059326,9.000000,0.661878,0.724734,0.122779
74,0.074044,36.069901,6.000000,0.694641,0.697892,0.022667
74,0.076187,25.796364,4.000000,0.708232,0.765124,0.077025
74,0.066422,27.147781,4.000000,0.624798,0.697262,0.098524
74,0.075298,25.950111,4.000000,0.699253,0.743537,0.048816
74,0.081924,21.178791,3.000000,0.651178,0.800000,0.153097
74,0.068540,21.103537,3.000000,0.718895,0.720871,0.046327
74,0.068291,21.840538,3.000000,0.648529,0.640676,0.110510
74,0.056899,17.660057,2.000000,0.611437,0.727025,0.181045
74,0.076393,11.050274,1.000000,0.685585,0.771797,0.086083
74,0.065965,12.472313,1.000000,0.590216,0.512792,0.278969
74,0.048999,8.102116,0.000000,0.593396,0.555842,0.323381
75,0.068291,50.691555,9.000000,0.648529,0.640676,0.000000
75,0.074044,44.640755,8.000000,0.694641,0.697892,0.102716
75,0.081924,34.789272,6.000000,0.651178,0.800000,0.241360
75,0.076187,29.267775,5.000000,0.708232,0.765124,0.184384
75,0.066422,31.110611,5.000000,0.624798,0.697262,0.076913
75,0.076393,24.614063,4.000000,0.685585,0.771797,0.186549
75,0.075298,19.477425,3.000000,0.699253,0.743537,0.154965
75,0.068540,19.686628,3.000000,0.718895,0.720871,0.122500
75,0.056899,21.809175,3.000000,0.611437,0.727025,0.161255
75,0.072578,14.669379,2.000000,0.699745,0.711110,0.110510
75,0.061024,10.989990,1.000000,0.661878,0.724734,0.128452
75,0.065965,11.553154,1.000000,0.590216,0.512792,0.171742
76,0.074044,38.479595,7.000000,0.694641,0.697892,0.000000
76,0.073524,33.590710,6.000000,0.691126,0.734423,0.046093
76,0.068291,29.758125,5.000000,0.648529,0.640676,0.102716
76,0.056899,26.117813,4.000000,0.611437,0.727025,0.194015
76,0.068540,23.535395,4.000000,0.718895,0.720871,0.066650
76,0.076393,23.447105,4.000000,0.685585,0.771797,0.095751
76,0.076187,23.025785,4.000000,0.708232,0.765124,0.087788
76,0.075298,18.280867,3.000000,0.699253,0.743537,0.058601
76,0.072578,18.514404,3.000000,0.699745,0.711110,0.022667
76,0.071136,17.819843,3.000000,0.743691,0.655080,0.078200
76,0.087093,18.799105,3.000000,0.624604,0.781945,0.181586
76,0.066422,15.267910,2.000000,0.624798,0.697262,0.103383
76,0.061024,10.121155,1.000000,0.661878,0.724734,0.138388
76,0.066590,10.053416,1.000000,0.637992,0.621948,0.133326
76,0.065965,5.806319,0.000000,0.590216,0.512792,0.266394
76,0.081924,3.660240,0.000000,0.651178,0.800000,0.156171
76,0.060323,5.192812,0.000000,0.660803,0.647130,0.154908
77,0.076187,38.790188,7.000000,0.708232,0.765124,0.000000
77,0.072578,34.225128,6.000000,0.699745,0.711110,0.077025
77,0.074044,29.194233,5.000000,0.694641,0.697892,0.087788
77,0.073524,29.293171,5.000000,0.691126,0.734423,0.049743
77,0.068540,29.243881,5.000000,0.718895,0.720871,0.094978
77,0.075298,29.017183,5.000000,0.699253,0.743537,0.029795
77,0.071136,28.606712,5.000000,0.743691,0.655080,0.150764
77,0.087093,19.478655,3.000000,0.624604,0.781945,0.139035
77,0.061024,20.655823,3.000000,0.661878,0.724734,0.166402
77,0.066590,20.595560,3.000000,0.637992,0.621948,0.214879
77,0.076393,14.165215,2.000000,0.685585,0.771797,0.024222
77,0.056899,11.543317,1.000000,0.611437,0.727025,0.220994
77,0.068291,5.332595,0.000000,0.648529,0.640676,0.184384
77,0.066422,5.786495,0.000000,0.624798,0.697262,0.153924
78,0.066590,52.492855,9.000000,0.637992,0.621948,0.000000
78,0.074044,46.695148,8.000000,0.694641,0.697892,0.133326
78,0.061024,37.527161,6.000000,0.661878,0.724734,0.142046
78,0.068540,31.723427,5.000000,0.718895,0.720871,0.149050
78,0.076187,26.465124,4.000000,0.708232,0.765124,0.214879
78,0.075298,26.594412,4.000000,0.699253,0.743537,0.185567
78,0.087093,26.857080,4.000000,0.624604,0.781945,0.286731
78,0.073524,21.751495,3.000000,0.691126,0.734423,0.165522
78,0.071136,21.360744,3.000000,0.743691,0.655080,0.122286
78,0.072578,16.712780,2.000000,0.699745,0.711110,0.140785
78,0.076393,16.678654,2.000000,0.685585,0.771797,0.216701
78,0.056899,8.032350,0.000000,0.611437,0.727025,0.165374
79,0.071136,43.016560,8.000000,0.743691,0.655080,0.000000
79,0.074044,38.658314,7.000000,0.694641,0.697892,0.078200
79,0.075298,38.464867,7.000000,0.699253,0.743537,0.126226
79,0.073524,33.766296,6.000000,0.691126,0.734423,0.114761
79,0.076187,28.216860,5.000000,0.708232,0.765124,0.150764
79,0.087093,23.968992,4.000000,0.624604,0.781945,0.254545
79,0.068540,18.712507,3.000000,0.718895,0.720871,0.089733
79,0.072578,18.692074,3.000000,0.699745,0.711110,0.083931
79,0.076393,18.626625,3.000000,0.685585,0.771797,0.165607
79,0.066590,15.188984,2.000000,0.637992,0.621948,0.122286
79,0.061024,15.254822,2.000000,0.661878,0.724734,0.156525
80,0.073524,32.805054,5.000000,0.691126,0.734423,0.000000
80,0.072578,32.778896,5.000000,0.699745,0.711110,0.031828
80,0.087093,27.876406,4.000000,0.624604,0.781945,0.162376
80,0.068540,27.786097,4.000000,0.718895,0.720871,0.059515
80,0.066590,28.305988,4.000000,0.637992,0.621948,0.165522
80,0.067386,27.793198,4.000000,0.723862,0.686250,0.092005
80,0.077379,27.311258,4.000000,0.745630,0.748647,0.069087
80,0.074044,22.766998,3.000000,0.694641,0.697892,0.046093
80,0.075298,22.698927,3.000000,0.699253,0.743537,0.022594
80,0.076393,22.755856,3.000000,0.685585,0.771797,0.055101
80,0.075156,22.243929,3.000000,0.765993,0.800000,0.112208
80,0.076187,17.611570,2.000000,0.708232,0.765124,0.049743
80,0.061024,18.329163,2.000000,0.661878,0.724734,0.128950
80,0.067663,17.575474,2.000000,0.757177,0.601922,0.187697
80,0.071136,12.541022,1.000000,0.743691,0.655080,0.114761
80,0.077047,12.540236,1.000000,0.714712,0.800000,0.092284
81,0.073524,42.541649,7.000000,0.691126,0.734423,0.000000
81,0.068540,37.520451,6.000000,0.718895,0.720871,0.059515
81,0.067386,37.528381,6.000000,0.723862,0.686250,0.092005
81,0.075156,26.913200,4.000000,0.765993,0.800000,0.112208
81,0.074583,27.185410,4.000000,0.734245,0.737019,0.044518
81,0.072578,22.512373,3.000000,0.699745,0.711110,0.031828
81,0.066590,23.102701,3.000000,0.637992,0.621948,0.165522
81,0.074044,22.499062,3.000000,0.694641,0.697892,0.046093
81,0.091585,22.895065,3.000000,0.573003,0.800000,0.230850
81,0.062843,17.763153,2.000000,0.713084,0.735423,0.109051
81,0.071227,17.244690,2.000000,0.743384,0.731519,0.057198
81,0.071136,17.245949,2.000000,0.743691,0.655080,0.114761
81,0.079042,12.310085,1.000000,0.697255,0.788247,0.087228
81,0.064929,12.955414,1.000000,0.670709,0.627946,0.159745
81,0.067663,12.284531,1.000000,0.757177,0.601922,0.187697
81,0.075298,12.422798,1.000000,0.699253,0.743537,0.022594
81,0.077379,11.988609,1.000000,0.745630,0.748647,0.069087
81,0.077047,7.245060,0.000000,0.714712,0.800000,0.092284
81,0.061024,8.128662,0.000000,0.661878,0.724734,0.128950
81,0.076187,7.324963,0.000000,0.708232,0.765124,0.049743
81,0.076393,7.486538,0.000000,0.685585,0.771797,0.055101
81,0.069899,7.799789,0.000000,0.670578,0.695313,0.064238
81,0.087093,7.621572,0.000000,0.624604,0.781945,0.162376
82,0.071136,42.918205,8.000000,0.743691,0.655080,0.000000
82,0.074583,42.762474,8.000000,0.734245,0.737019,0.108481
82,0.067663,28.017365,5.000000,0.757177,0.601922,0.076179
82,0.068540,23.623953,4.000000,0.718895,0.720871,0.089733
82,0.071227,22.914917,4.000000,0.743384,0.731519,0.095554
82,0.077379,17.256424,3.000000,0.745630,0.748647,0.132593
82,0.062843,19.248108,3.000000,0.713084,0.735423,0.133792
82,0.072578,18.603214,3.000000,0.699745,0.711110,0.083931
82,0.074044,13.568979,2.000000,0.694641,0.697892,0.078200
82,0.091585,14.587340,2.000000,0.573003,0.800000,0.322127
82,0.075156,12.062515,2.000000,0.765993,0.800000,0.186892
82,0.064929,14.742493,2.000000,0.670709,0.627946,0.101632
82,0.067386,13.644409,2.000000,0.723862,0.686250,0.057597
82,0.066590,10.121178,1.000000,0.637992,0.621948,0.122286
82,0.075298,8.372910,1.000000,0.699253,0.743537,0.126226
82,0.079042,3.083079,0.000000,0.697255,0.788247,0.190040
82,0.073524,3.678559,0.000000,0.691126,0.734423,0.114761
83,0.071136,61.950897,11.000000,0.743691,0.655080,0.000000
83,0.074044,37.231075,6.000000,0.694641,0.697892,0.078200
83,0.075156,36.582470,6.000000,0.765993,0.800000,0.186892
83,0.077379,31.665939,5.000000,0.745630,0.748647,0.132593
83,0.067663,21.993587,3.000000,0.757177,0.601922,0.076179
83,0.068540,22.254761,3.000000,0.718895,0.720871,0.089733
83,0.071227,21.949478,3.000000,0.743384,0.731519,0.095554
83,0.091585,22.669548,3.000000,0.573003,0.800000,0.322127
83,0.062843,17.523491,2.000000,0.713084,0.735423,0.133792
83,0.064929,17.736351,2.000000,0.670709,0.627946,0.101632
83,0.067386,17.263565,2.000000,0.723862,0.686250,0.057597
83,0.066590,17.899399,2.000000,0.637992,0.621948,0.122286
83,0.072578,12.245856,1.000000,0.699745,0.711110,0.083931
83,0.075298,12.146669,1.000000,0.699253,0.743537,0.126226
83,0.074583,6.883817,0.000000,0.734245,0.737019,0.108481
84,0.067663,45.150948,8.000000,0.757177,0.601922,0.000000
84,0.068540,40.572250,7.000000,0.718895,0.720871,0.153786
84,0.071136,35.082088,6.000000,0.743691,0.655080,0.076179
84,0.071227,35.079803,6.000000,0.743384,0.731519,0.166444
84,0.062843,31.005630,5.000000,0.713084,0.735423,0.179208
84,0.072578,25.557802,4.000000,0.699745,0.711110,0.156020
84,0.077379,19.622517,3.000000,0.745630,0.748647,0.207874
84,0.075298,20.397854,3.000000,0.699253,0.743537,0.201296
84,0.074044,15.534027,2.000000,0.694641,0.697892,0.149575
84,0.091585,16.241196,2.000000,0.573003,0.800000,0.390449
84,0.067386,15.586395,2.000000,0.723862,0.686250,0.110585
84,0.075156,9.487855,1.000000,0.765993,0.800000,0.258837
84,0.066590,11.611929,1.000000,0.637992,0.621948,0.122258
84,0.064929,6.348942,0.000000,0.670709,0.627946,0.096345
85,0.071136,40.475521,7.000000,0.743691,0.655080,0.000000
85,0.071227,40.473419,7.000000,0.743384,0.731519,0.095554
85,0.072578,35.913170,6.000000,0.699745,0.711110,0.083931
85,0.074044,30.891302,5.000000,0.694641,0.697892,0.078200
85,0.067663,25.538872,4.000000,0.757177,0.601922,0.076179
85,0.062843,26.325180,4.000000,0.713084,0.735423,0.133792
85,0.077379,25.052715,4.000000,0.745630,0.748647,0.132593
85,0.091585,26.541904,4.000000,0.573003,0.800000,0.322127
85,0.075156,24.928829,4.000000,0.765993,0.800000,0.186892
85,0.075298,15.766026,2.000000,0.699253,0.743537,0.126226
85,0.066590,16.883011,2.000000,0.637992,0.621948,0.122286
85,0.068540,10.926455,1.000000,0.718895,0.720871,0.089733
85,0.067386,5.939495,0.000000,0.723862,0.686250,0.057597
86,0.072578,43.158993,8.000000,0.699745,0.711110,0.000000
86,0.071136,37.426414,7.000000,0.743691,0.655080,0.083931
86,0.067663,32.532459,6.000000,0.757177,0.601922,0.156020
86,0.062843,33.848671,6.000000,0.713084,0.735423,0.102855
86,0.091585,29.211433,5.000000,0.573003,0.800000,0.254038
86,0.075156,26.511301,5.000000,0.765993,0.800000,0.131906
86,0.074044,18.122414,3.000000,0.694641,0.697892,0.022667
86,0.075298,17.912695,3.000000,0.699253,0.743537,0.048816
86,0.071227,12.422897,2.000000,0.743384,0.731519,0.052323
86,0.066590,14.782387,2.000000,0.637992,0.621948,0.140785
86,0.068540,13.181239,2.000000,0.718895,0.720871,0.046327
86,0.077379,6.718670,1.000000,0.745630,0.748647,0.081314
87,0.073357,36.132412,6.000000,0.765380,0.698248,0.000000
87,0.063798,32.054298,5.000000,0.716256,0.584772,0.177964
87,0.062843,32.124054,5.000000,0.713084,0.735423,0.126290
87,0.068205,26.473938,4.000000,0.757909,0.800000,0.137432
87,0.074044,26.784504,4.000000,0.694641,0.697892,0.071072
87,0.071136,21.459095,3.000000,0.743691,0.655080,0.062254
87,0.077379,21.128212,3.000000,0.745630,0.748647,0.077308
87,0.075156,21.031258,3.000000,0.765993,0.800000,0.128456
87,0.072578,21.801609,3.000000,0.699745,0.711110,0.068022
87,0.066590,17.560610,2.000000,0.637992,0.621948,0.172926
87,0.072578,17.237213,2.000000,0.650355,0.666773,0.121817
87,0.067663,16.508682,2.000000,0.757177,0.601922,0.133446
87,0.057944,17.306976,2.000000,0.718612,0.744881,0.171294
87,0.097695,17.479563,2.000000,0.535403,0.779962,0.350080
87,0.075298,11.686455,1.000000,0.699253,0.743537,0.089186
87,0.071227,11.457458,1.000000,0.743384,0.731519,0.051644
87,0.068540,11.812008,1.000000,0.718895,0.720871,0.072671
87,0.091585,12.293690,1.000000,0.573003,0.800000,0.293957
88,0.071136,46.754177,8.000000,0.743691,0.655080,0.000000
88,0.071513,26.325480,4.000000,0.789187,0.789844,0.174532
88,0.073357,21.454716,3.000000,0.765380,0.698248,0.062254
88,0.062843,22.363716,3.000000,0.713084,0.735423,0.133792
88,0.068205,21.767776,3.000000,0.757909,0.800000,0.184056
88,0.077781,21.466974,3.000000,0.742011,0.755188,0.141696
88,0.072578,22.068146,3.000000,0.699745,0.711110,0.083931
88,0.071489,21.881208,3.000000,0.727189,0.616585,0.050991
88,0.071354,21.991156,3.000000,0.714933,0.692362,0.054805
88,0.068540,22.077648,3.000000,0.718895,0.720871,0.089733
88,0.063798,17.299784,2.000000,0.716256,0.584772,0.117733
88,0.076841,16.744677,2.000000,0.716594,0.702262,0.086417
88,0.075298,16.962584,2.000000,0.699253,0.743537,0.126226
88,0.077379,16.450861,2.000000,0.745630,0.748647,0.132593
88,0.071227,11.752670,1.000000,0.743384,0.731519,0.095554
88,0.067663,11.799625,1.000000,0.757177,0.601922,0.076179
88,0.060681,12.705997,1.000000,0.676928,0.741701,0.164656
88,0.067123,11.441514,1.000000,0.801620,0.800000,0.194374
88,0.075156,11.361986,1.000000,0.765993,0.800000,0.186892
88,0.074044,12.052434,1.000000,0.694641,0.697892,0.078200
88,0.097695,7.689599,0.000000,0.535403,0.779962,0.371876
88,0.057944,7.531395,0.000000,0.718612,0.744881,0.175019
88,0.091585,7.519212,0.000000,0.573003,0.800000,0.322127
88,0.072578,7.467445,0.000000,0.650355,0.666773,0.095568
88,0.060813,7.119977,0.000000,0.757659,0.639303,0.106025
88,0.067645,6.905237,0.000000,0.744678,0.677340,0.044651
88,0.066590,7.763875,0.000000,0.637992,0.621948,0.122286
89,0.071136,46.655819,8.000000,0.743691,0.655080,0.000000
89,0.071227,31.654266,5.000000,0.743384,0.731519,0.095554
89,0.062843,27.283829,4.000000,0.713084,0.735423,0.133792
89,0.077781,26.359913,4.000000,0.742011,0.755188,0.141696
89,0.072578,26.979301,4.000000,0.699745,0.711110,0.083931
89,0.071513,21.214130,3.000000,0.789187,0.789844,0.174532
89,0.068205,21.669830,3.000000,0.757909,0.800000,0.184056
89,0.071489,21.786690,3.000000,0.727189,0.616585,0.050991
89,0.068540,21.989092,3.000000,0.718895,0.720871,0.089733
89,0.067123,21.333649,3.000000,0.801620,0.800000,0.194374
89,0.067663,21.702644,3.000000,0.757177,0.601922,0.076179
89,0.074044,16.963140,2.000000,0.694641,0.697892,0.078200
89,0.075156,16.251743,2.000000,0.765993,0.800000,0.186892
89,0.075298,11.870541,1.000000,0.699253,0.743537,0.126226
89,0.076841,11.646030,1.000000,0.716594,0.702262,0.086417
89,0.063798,12.217974,1.000000,0.716256,0.584772,0.117733
89,0.077379,6.343304,0.000000,0.745630,0.748647,0.132593
89,0.060681,7.636485,0.000000,0.676928,0.741701,0.164656
89,0.071354,6.899956,0.000000,0.714933,0.692362,0.054805
89,0.073357,6.347292,0.000000,0.765380,0.698248,0.062254
90,0.071513,45.546021,8.000000,0.789187,0.789844,0.000000
90,0.071136,36.065666,6.000000,0.743691,0.655080,0.174532
90,0.068540,31.457781,5.000000,0.718895,0.720871,0.115145
90,0.075156,30.590269,5.000000,0.765993,0.800000,0.045008
90,0.075298,26.318283,4.000000,0.699253,0.743537,0.113450
90,0.072578,21.446232,3.000000,0.699745,0.711110,0.133414
90,0.067123,20.686649,3.000000,0.801620,0.800000,0.047360
90,0.067663,21.120758,3.000000,0.757177,0.601922,0.240180
90,0.076841,21.054153,3.000000,0.716594,0.702262,0.141752
90,0.063798,21.727003,3.000000,0.716256,0.584772,0.277457
90,0.062843,16.804504,2.000000,0.713084,0.735423,0.133929
90,0.068205,16.082153,2.000000,0.757909,0.800000,0.047267
90,0.071489,16.219639,2.000000,0.727189,0.616585,0.225273
90,0.074044,11.427193,1.000000,0.694641,0.697892,0.150965
90,0.071227,6.063843,0.000000,0.743384,0.731519,0.086148
90,0.077781,5.717534,0.000000,0.742011,0.755188,0.089614
91,0.063798,47.054291,8.000000,0.716256,0.584772,0.000000
91,0.062843,42.124054,7.000000,0.713084,0.735423,0.188583
91,0.074044,41.784466,7.000000,0.694641,0.697892,0.175950
91,0.071513,25.991432,4.000000,0.789187,0.789844,0.277457
91,0.071136,21.459095,3.000000,0.743691,0.655080,0.117733
91,0.075298,21.686455,3.000000,0.699253,0.743537,0.229998
91,0.067123,21.117985,3.000000,0.801620,0.800000,0.284206
91,0.067663,21.508682,3.000000,0.757177,0.601922,0.060233
91,0.068205,21.473938,3.000000,0.757909,0.800000,0.275784
91,0.068540,16.812004,2.000000,0.718895,0.720871,0.176629
91,0.075156,16.031258,2.000000,0.765993,0.800000,0.296232
91,0.072578,16.801613,2.000000,0.699745,0.711110,0.181442
91,0.076841,16.448738,2.000000,0.716594,0.702262,0.196422
91,0.071489,11.597706,1.000000,0.727189,0.616585,0.087267
92,0.063798,37.708897,6.000000,0.716256,0.584772,0.000000
92,0.071513,36.882210,6.000000,0.789187,0.789844,0.277457
92,0.075156,36.913185,6.000000,0.765993,0.800000,0.296232
92,0.068714,38.006042,6.000000,0.643854,0.752586,0.227292
92,0.067663,27.284531,4.000000,0.757177,0.601922,0.060233
92,0.062283,27.949013,4.000000,0.685876,0.740231,0.197267
92,0.074044,22.499056,3.000000,0.694641,0.697892,0.175950
92,0.068205,22.257507,3.000000,0.757909,0.800000,0.275784
92,0.071136,17.245962,2.000000,0.743691,0.655080,0.117733
92,0.075298,17.422798,2.000000,0.699253,0.743537,0.229998
92,0.067123,16.980656,2.000000,0.801620,0.800000,0.284206
92,0.068540,17.520428,2.000000,0.718895,0.720871,0.176629
92,0.071489,17.353764,2.000000,0.727189,0.616585,0.087267
92,0.062843,12.763153,1.000000,0.713084,0.735423,0.188583
92,0.076841,12.237907,1.000000,0.716594,0.702262,0.196422
92,0.068958,7.809027,0.000000,0.673716,0.580318,0.067109
92,0.072578,7.512383,0.000000,0.699745,0.711110,0.181442
92,0.067982,6.868286,0.000000,0.811233,0.800000,0.288359
93,0.075156,36.361946,6.000000,0.765993,0.800000,0.000000
93,0.071136,36.754181,6.000000,0.743691,0.655080,0.186892
93,0.075298,36.962566,6.000000,0.699253,0.743537,0.097148
93,0.071489,36.881203,6.000000,0.727189,0.616585,0.235403
93,0.074044,32.052437,5.000000,0.694641,0.697892,0.146648
93,0.076841,31.744650,5.000000,0.716594,0.702262,0.132855
93,0.071513,21.325480,3.000000,0.789187,0.789844,0.045008
93,0.062283,22.582764,3.000000,0.685876,0.740231,0.169028
93,0.063798,17.299782,2.000000,0.716256,0.584772,0.296232
93,0.067663,16.799625,2.000000,0.757177,0.601922,0.258837
93,0.068205,16.767776,2.000000,0.757909,0.800000,0.069977
93,0.068540,17.077654,2.000000,0.718895,0.720871,0.127978
93,0.062843,17.363716,2.000000,0.713084,0.735423,0.156447
93,0.068714,7.649947,0.000000,0.643854,0.752586,0.150265
93,0.067123,6.441514,0.000000,0.801620,0.800000,0.087870
94,0.074044,39.015526,7.000000,0.694641,0.697892,0.000000
94,0.075298,33.833031,6.000000,0.699253,0.743537,0.058601
94,0.071489,33.667896,6.000000,0.727189,0.616585,0.109734
94,0.063798,34.517712,6.000000,0.716256,0.584772,0.175950
94,0.067663,33.502270,6.000000,0.757177,0.601922,0.149575
94,0.071513,27.539606,5.000000,0.789187,0.789844,0.150965
94,0.076841,23.390707,4.000000,0.716594,0.702262,0.035979
94,0.075156,17.613729,3.000000,0.765993,0.800000,0.146648
94,0.068205,18.437607,3.000000,0.757909,0.800000,0.153957
94,0.062283,15.092280,2.000000,0.685876,0.740231,0.129260
94,0.068540,9.066792,1.000000,0.718895,0.720871,0.066650
94,0.062843,9.647545,1.000000,0.713084,0.735423,0.122827
94,0.071136,3.409940,0.000000,0.743691,0.655080,0.078200
95,0.071513,31.426119,6.000000,0.789187,0.789844,0.000000
95,0.076841,32.404137,6.000000,0.716594,0.702262,0.141752
95,0.075156,31.511202,6.000000,0.765993,0.800000,0.045008
95,0.068205,32.458145,6.000000,0.757909,0.800000,0.047267
95,0.071489,27.722797,5.000000,0.727189,0.616585,0.225273
95,0.062283,29.359772,5.000000,0.685876,0.740231,0.151785
95,0.063798,23.699463,4.000000,0.716256,0.584772,0.277457
95,0.068540,23.181183,4.000000,0.718895,0.720871,0.115145
95,0.067663,17.532459,3.000000,0.757177,0.601922,0.240180
95,0.075298,12.912695,2.000000,0.699253,0.743537,0.113450
95,0.062843,13.848671,2.000000,0.713084,0.735423,0.133929
95,0.074044,8.122346,1.000000,0.694641,0.697892,0.150965
96,0.071513,36.659515,6.000000,0.789187,0.789844,0.000000
96,0.068205,32.061615,5.000000,0.757909,0.800000,0.047267
96,0.071489,27.164734,4.000000,0.727189,0.616585,0.225273
96,0.076109,26.882452,4.000000,0.739026,0.594827,0.253086
96,0.075298,27.238712,4.000000,0.699253,0.743537,0.113450
96,0.082575,27.028486,4.000000,0.692680,0.696756,0.187321
96,0.075156,21.692715,3.000000,0.765993,0.800000,0.045008
96,0.063798,22.545248,3.000000,0.716256,0.584772,0.277457
96,0.062843,22.603378,3.000000,0.713084,0.735423,0.133929
96,0.074044,22.320421,3.000000,0.694641,0.697892,0.150965
96,0.068994,21.917187,3.000000,0.771858,0.742067,0.067093
96,0.062283,17.802513,2.000000,0.685876,0.740231,0.151785
96,0.067663,17.090569,2.000000,0.757177,0.601922,0.240180
96,0.061513,13.138247,1.000000,0.635250,0.771678,0.184966
96,0.073831,11.330109,1.000000,0.814098,0.800000,0.036316
96,0.068540,12.343340,1.000000,0.718895,0.720871,0.115145
96,0.076841,12.040615,1.000000,0.716594,0.702262,0.141752
96,0.065464,7.169900,0.000000,0.759225,0.800000,0.068694
97,0.076109,41.986351,7.000000,0.739026,0.594827,0.000000
97,0.082575,42.127563,7.000000,0.692680,0.696756,0.150210
97,0.073831,36.452438,6.000000,0.814098,0.800000,0.268197
97,0.062283,32.875763,5.000000,0.685876,0.740231,0.234466
97,0.075156,26.802958,4.000000,0.765993,0.800000,0.258057
97,0.063798,27.627075,4.000000,0.716256,0.584772,0.125825
97,0.071513,26.770876,4.000000,0.789187,0.789844,0.253086
97,0.071489,22.259254,3.000000,0.727189,0.616585,0.054904
97,0.074044,22.409737,3.000000,0.694641,0.697892,0.137819
97,0.075298,17.330755,2.000000,0.699253,0.743537,0.190268
97,0.068994,17.019943,2.000000,0.771858,0.742067,0.200034
97,0.068540,17.431881,2.000000,0.718895,0.720871,0.175948
97,0.061513,13.200305,1.000000,0.635250,0.771678,0.284502
97,0.062843,7.683266,0.000000,0.713084,0.735423,0.221715
97,0.076841,7.139261,0.000000,0.716594,0.702262,0.136352
97,0.067663,7.187550,0.000000,0.757177,0.601922,0.086839
97,0.068205,7.159557,0.000000,0.757909,0.800000,0.269033
98,0.075156,55.700478,10.000000,0.765993,0.800000,0.000000
98,0.074044,41.516491,7.000000,0.694641,0.697892,0.146648
98,0.082575,31.137049,5.000000,0.692680,0.696756,0.165936
98,0.073831,30.229141,5.000000,0.814098,0.800000,0.049896
98,0.071489,31.314146,5.000000,0.727189,0.616585,0.235403
98,0.076109,25.947191,4.000000,0.739026,0.594827,0.258057
98,0.071513,25.657385,4.000000,0.789187,0.789844,0.045008
98,0.068994,25.992340,4.000000,0.771858,0.742067,0.095262
98,0.075298,16.410326,2.000000,0.699253,0.743537,0.097148
98,0.068540,16.546314,2.000000,0.718895,0.720871,0.127978
98,0.062283,12.143294,1.000000,0.685876,0.740231,0.169028
98,0.061513,12.579720,1.000000,0.635250,0.771678,0.192246
98,0.063798,6.808852,0.000000,0.716256,0.584772,0.296232
99,0.075298,45.029598,8.000000,0.699253,0.743537,0.000000
99,0.068540,40.218040,7.000000,0.718895,0.720871,0.075864
99,0.082575,34.651340,6.000000,0.692680,0.696756,0.093586
99,0.074044,30.176718,5.000000,0.694641,0.697892,0.058601
99,0.071513,28.987148,5.000000,0.789187,0.789844,0.113450
99,0.073831,23.394196,4.000000,0.814098,0.800000,0.135595
99,0.071489,24.896511,4.000000,0.727189,0.616585,0.165572
99,0.068994,24.450939,4.000000,0.771858,0.742067,0.096168
99,0.076109,14.388403,2.000000,0.739026,0.594827,0.190268
99,0.062283,16.044521,2.000000,0.685876,0.740231,0.130897
99,0.061513,16.648890,2.000000,0.635250,0.771678,0.155997
99,0.075156,9.046885,1.000000,0.765993,0.800000,0.097148
100,0.069411,27.975380,5.000000,0.808035,0.796247,0.000000
100,0.075816,29.867233,5.000000,0.660895,0.695247,0.204184
100,0.075156,28.164930,5.000000,0.765993,0.800000,0.071339
100,0.071513,28.096352,5.000000,0.789187,0.789844,0.029346
100,0.068540,24.509520,4.000000,0.718895,0.720871,0.129997
100,0.073831,22.415558,4.000000,0.814098,0.800000,0.044856
100,0.076109,18.557074,3.000000,0.739026,0.594827,0.269515
100,0.074044,19.462194,3.000000,0.694641,0.697892,0.173549
100,0.082575,18.858870,3.000000,0.692680,0.696756,0.214712
100,0.075298,19.293339,3.000000,0.699253,0.743537,0.140143
100,0.071489,14.140461,2.000000,0.727189,0.616585,0.239588
100,0.068994,13.628832,2.000000,0.771858,0.742067,0.076895
100,0.067751,14.234802,2.000000,0.740938,0.674799,0.166805
100,0.062283,10.458570,1.000000,0.685876,0.740231,0.157818
100,0.061513,11.152376,1.000000,0.635250,0.771678,0.192447
100,0.075843,9.864513,1.000000,0.660946,0.732649,0.179142
100,0.078712,8.898483,1.000000,0.707186,0.683139,0.197002
101,0.069411,32.408878,6.000000,0.808035,0.796247,0.000000
101,0.076937,28.694454,5.000000,0.699501,0.744153,0.147251
101,0.073470,22.558523,4.000000,0.777621,0.712697,0.116101
101,0.069790,22.829954,4.000000,0.783173,0.785707,0.028390
101,0.068540,24.066732,4.000000,0.718895,0.720871,0.129997
101,0.076109,18.037489,3.000000,0.739026,0.594827,0.269515
101,0.074044,19.015608,3.000000,0.694641,0.697892,0.173549
101,0.082575,18.363615,3.000000,0.692680,0.696756,0.214712
101,0.061513,20.842129,3.000000,0.635250,0.771678,0.192447
101,0.068775,13.830542,2.000000,0.731816,0.723112,0.119194
101,0.065997,12.863180,2.000000,0.803493,0.780633,0.039589
101,0.075810,11.981413,2.000000,0.794655,0.800000,0.065539
101,0.078712,13.406425,2.000000,0.707186,0.683139,0.197002
101,0.073831,11.803909,2.000000,0.814098,0.800000,0.044856
101,0.067751,8.769867,1.000000,0.740938,0.674799,0.166805
101,0.068994,8.114995,1.000000,0.771858,0.742067,0.076895
101,0.075298,8.833124,1.000000,0.699253,0.743537,0.140143
101,0.074668,6.971257,1.000000,0.801213,0.800000,0.053218
101,0.071513,7.539608,1.000000,0.789187,0.789844,0.029346
101,0.077102,2.128801,0.000000,0.780691,0.618005,0.237284
101,0.085369,3.816320,0.000000,0.657605,0.692728,0.254634
101,0.062283,5.092307,0.000000,0.685876,0.740231,0.157818
101,0.080783,3.991693,0.000000,0.666361,0.668633,0.241761
101,0.075843,4.450361,0.000000,0.660946,0.732649,0.179142
101,0.071489,3.667931,0.000000,0.727189,0.616585,0.239588
101,0.075156,2.613706,0.000000,0.765993,0.800000,0.071339
101,0.075816,4.453237,0.000000,0.660895,0.695247,0.204184
102,0.069790,42.003590,7.000000,0.783173,0.785707,0.000000
102,0.067751,37.396362,6.000000,0.740938,0.674799,0.146352
102,0.069411,26.827591,4.000000,0.808035,0.796247,0.028390
102,0.076109,27.090288,4.000000,0.739026,0.594827,0.250743
102,0.068540,22.520433,3.000000,0.718895,0.720871,0.104192
102,0.082575,22.226587,3.000000,0.692680,0.696756,0.192090
102,0.061513,23.262383,3.000000,0.635250,0.771678,0.170406
102,0.065997,22.017448,3.000000,0.803493,0.780633,0.043491
102,0.076937,17.364834,2.000000,0.699501,0.744153,0.121684
102,0.074668,16.644722,2.000000,0.801213,0.800000,0.054999
102,0.073831,16.574768,2.000000,0.814098,0.800000,0.053934
102,0.075810,16.648949,2.000000,0.794655,0.800000,0.063841
102,0.068775,17.421709,2.000000,0.731816,0.723112,0.094141
102,0.074044,17.499052,2.000000,0.694641,0.697892,0.147299
102,0.078712,12.244476,1.000000,0.707186,0.683139,0.173701
102,0.068994,12.122684,1.000000,0.771858,0.742067,0.056276
102,0.075298,12.422798,1.000000,0.699253,0.743537,0.113382
102,0.073470,11.890129,1.000000,0.777621,0.712697,0.098560
102,0.071513,11.882225,1.000000,0.789187,0.789844,0.018976
103,0.078712,28.800072,5.000000,0.707186,0.683139,0.000000
103,0.074668,27.450638,5.000000,0.801213,0.800000,0.178365
103,0.069601,23.702991,4.000000,0.757910,0.765159,0.146235
103,0.069790,18.258017,3.000000,0.783173,0.785707,0.173701
103,0.081045,18.285894,3.000000,0.725253,0.673501,0.031879
103,0.068540,19.420956,3.000000,0.718895,0.720871,0.112729
103,0.082575,18.759830,3.000000,0.692680,0.696756,0.044639
103,0.069826,18.589542,3.000000,0.763480,0.736126,0.124305
103,0.075810,17.460135,3.000000,0.794655,0.800000,0.172716
103,0.067751,14.141815,2.000000,0.740938,0.674799,0.115156
103,0.073470,13.002790,2.000000,0.777621,0.712697,0.095256
103,0.074044,14.372857,2.000000,0.694641,0.697892,0.051735
103,0.068775,14.198856,2.000000,0.731816,0.723112,0.113918
103,0.061513,16.090374,2.000000,0.635250,0.771678,0.216798
103,0.073831,7.293228,1.000000,0.814098,0.800000,0.187485
103,0.075298,9.201296,1.000000,0.699253,0.743537,0.083235
103,0.065997,8.289259,1.000000,0.803493,0.780633,0.200731
103,0.071513,7.985004,1.000000,0.789187,0.789844,0.172325
103,0.076304,8.770271,1.000000,0.719983,0.639756,0.060699
103,0.076109,8.453101,1.000000,0.739026,0.594827,0.117803
103,0.069411,7.862080,1.000000,0.808035,0.796247,0.197002
103,0.068312,9.043822,1.000000,0.744038,0.757834,0.144538
103,0.076937,4.070879,0.000000,0.699501,0.744153,0.078682
103,0.068994,3.526041,0.000000,0.771858,0.742067,0.138024
103,0.067219,4.684591,0.000000,0.708568,0.653548,0.120741
103,0.075543,1.532115,0.000000,0.843625,0.800000,0.202380
103,0.066088,6.413136,0.000000,0.587021,0.800000,0.227403
104,0.073831,41.697098,7.000000,0.814098,0.800000,0.000000
104,0.065997,32.123981,5.000000,0.803493,0.780633,0.082678
104,0.082575,27.325638,4.000000,0.692680,0.696756,0.197594
104,0.067751,27.489349,4.000000,0.740938,0.674799,0.183143
104,0.061513,28.324444,4.000000,0.635250,0.771678,0.220028
104,0.069601,22.301289,3.000000,0.757910,0.765159,0.082723
104,0.069411,21.940891,3.000000,0.808035,0.796247,0.044856
104,0.069826,22.252663,3.000000,0.763480,0.736126,0.102670
104,0.075810,21.768629,3.000000,0.794655,0.800000,0.027744
104,0.074668,16.764538,2.000000,0.801213,0.800000,0.015367
104,0.069790,17.110579,2.000000,0.783173,0.785707,0.053934
104,0.068540,17.608986,2.000000,0.718895,0.720871,0.147127
104,0.076109,17.194210,2.000000,0.739026,0.594827,0.268197
104,0.071513,16.993574,2.000000,0.789187,0.789844,0.036316
104,0.068312,12.447352,1.000000,0.744038,0.757834,0.103598
104,0.076304,12.330116,1.000000,0.719983,0.639756,0.222691
104,0.075298,12.514841,1.000000,0.699253,0.743537,0.135595
104,0.074044,12.588355,1.000000,0.694641,0.697892,0.174830
104,0.068775,7.513788,0.000000,0.731816,0.723112,0.136250
104,0.073470,7.001192,0.000000,0.777621,0.712697,0.115120
104,0.081045,7.122526,0.000000,0.725253,0.673501,0.195196
104,0.078712,7.342888,0.000000,0.707186,0.683139,0.187485
105,0.071513,42.327614,7.000000,0.789187,0.789844,0.000000
105,0.065997,32.443531,5.000000,0.803493,0.780633,0.058140
105,0.068312,32.730988,5.000000,0.744038,0.757834,0.068296
105,0.074668,32.124054,5.000000,0.801213,0.800000,0.036071
105,0.061513,28.510611,4.000000,0.635250,0.771678,0.184966
105,0.069411,27.280792,4.000000,0.808035,0.796247,0.029346
105,0.069601,22.601143,3.000000,0.757910,0.765159,0.047918
105,0.067751,22.768311,3.000000,0.740938,0.674799,0.156280
105,0.076109,22.505962,3.000000,0.739026,0.594827,0.253086
105,0.075810,17.127670,2.000000,0.794655,0.800000,0.045135
105,0.069790,17.431625,2.000000,0.783173,0.785707,0.018976
105,0.073831,17.064087,2.000000,0.814098,0.800000,0.036316
105,0.075298,17.790970,2.000000,0.699253,0.743537,0.113450
105,0.069826,12.557899,1.000000,0.763480,0.736126,0.073854
105,0.082575,12.622810,1.000000,0.692680,0.696756,0.187321
105,0.074044,12.856316,1.000000,0.694641,0.697892,0.150965
105,0.068540,7.874672,0.000000,0.718895,0.720871,0.115145
105,0.076304,7.626768,0.000000,0.719983,0.639756,0.205625
106,0.075810,36.529228,6.000000,0.794655,0.800000,0.000000
106,0.082575,37.127560,6.000000,0.692680,0.696756,0.177850
106,0.071513,26.770876,4.000000,0.789187,0.789844,0.045135
106,0.074668,26.524891,4.000000,0.801213,0.800000,0.013166
106,0.069411,26.714291,4.000000,0.808035,0.796247,0.065539
106,0.068312,22.258291,3.000000,0.744038,0.757834,0.104701
106,0.069601,22.101379,3.000000,0.757910,0.765159,0.084274
106,0.067751,22.303375,3.000000,0.740938,0.674799,0.184045
106,0.073831,21.452438,3.000000,0.814098,0.800000,0.027744
106,0.074044,22.409733,3.000000,0.694641,0.697892,0.163113
106,0.065997,16.910929,2.000000,0.803493,0.780633,0.101458
106,0.061513,18.200321,2.000000,0.635250,0.771678,0.217032
106,0.076109,16.986361,2.000000,0.739026,0.594827,0.262447
106,0.069790,16.896547,2.000000,0.783173,0.785707,0.063841
106,0.069826,17.049133,2.000000,0.763480,0.736126,0.104537
106,0.075298,12.330755,1.000000,0.699253,0.743537,0.118782
107,0.075810,36.888294,6.000000,0.794655,0.800000,0.000000
107,0.071513,27.104923,4.000000,0.789187,0.789844,0.045135
107,0.085373,27.059652,4.000000,0.727916,0.694311,0.176218
107,0.071156,27.412884,4.000000,0.747901,0.770838,0.075368
107,0.075298,27.606884,4.000000,0.699253,0.743537,0.118782
107,0.069826,27.354412,4.000000,0.763480,0.736126,0.104537
107,0.074668,21.884384,3.000000,0.801213,0.800000,0.013166
107,0.069411,22.054192,3.000000,0.808035,0.796247,0.065539
107,0.071106,22.005594,3.000000,0.804904,0.770245,0.060837
107,0.076109,22.298124,3.000000,0.739026,0.594827,0.262447
107,0.065997,17.230488,2.000000,0.803493,0.780633,0.101458
107,0.063415,17.106350,2.000000,0.837858,0.783471,0.132879
107,0.073831,16.819427,2.000000,0.814098,0.800000,0.027744
107,0.067751,17.582336,2.000000,0.740938,0.674799,0.184045
107,0.069790,12.217594,1.000000,0.783173,0.785707,0.063841
107,0.074044,12.677675,1.000000,0.694641,0.697892,0.163113
107,0.069601,12.401255,1.000000,0.757910,0.765159,0.084274
107,0.082575,12.424711,1.000000,0.692680,0.696756,0.177850
107,0.061513,8.386480,0.000000,0.635250,0.771678,0.217032
107,0.064681,7.692106,0.000000,0.740904,0.800000,0.123587
107,0.068312,7.541895,0.000000,0.744038,0.757834,0.104701
108,0.085373,29.797844,5.000000,0.727916,0.694311,0.000000
108,0.082575,30.443707,5.000000,0.692680,0.696756,0.045100
108,0.075810,24.494701,4.000000,0.794655,0.800000,0.176218
108,0.071156,25.422794,4.000000,0.747901,0.770838,0.172515
108,0.073831,24.372833,4.000000,0.814098,0.800000,0.195456
108,0.071106,24.702206,4.000000,0.804904,0.770245,0.187860
108,0.071513,19.877941,3.000000,0.789187,0.789844,0.192934
108,0.069601,20.402218,3.000000,0.757910,0.765159,0.183354
108,0.069790,20.077282,3.000000,0.783173,0.785707,0.200973
108,0.069411,19.788185,3.000000,0.808035,0.796247,0.219392
108,0.069826,20.319347,3.000000,0.763480,0.736126,0.167837
108,0.065997,15.100094,2.000000,0.803493,0.780633,0.234304
108,0.067751,15.722595,2.000000,0.740938,0.674799,0.178374
108,0.074668,14.487746,2.000000,0.801213,0.800000,0.185163
108,0.076109,10.219725,1.000000,0.739026,0.594827,0.155469
108,0.063415,9.880442,1.000000,0.837858,0.783471,0.269674
108,0.075298,10.766026,1.000000,0.699253,0.743537,0.121487
108,0.074044,5.891283,0.000000,0.694641,0.697892,0.118166
109,0.076109,42.090263,7.000000,0.739026,0.594827,0.000000
109,0.074668,36.644730,6.000000,0.801213,0.800000,0.264291
109,0.065997,37.017452,6.000000,0.803493,0.780633,0.261389
109,0.071106,31.775261,5.000000,0.804904,0.770245,0.234357
109,0.071513,21.882225,3.000000,0.789187,0.789844,0.253086
109,0.069601,22.201332,3.000000,0.757910,0.765159,0.223438
109,0.069790,22.003563,3.000000,0.783173,0.785707,0.250743
109,0.069411,21.827591,3.000000,0.808035,0.796247,0.269515
109,0.069826,22.150900,3.000000,0.763480,0.736126,0.189055
109,0.067751,22.396362,3.000000,0.740938,0.674799,0.130313
109,0.063415,16.883759,2.000000,0.837858,0.783471,0.285455
109,0.071156,17.213875,2.000000,0.747901,0.770838,0.225693
109,0.082575,12.226612,1.000000,0.692680,0.696756,0.150210
109,0.073831,11.574768,1.000000,0.814098,0.800000,0.268197
109,0.075810,11.648949,1.000000,0.794655,0.800000,0.262447
109,0.085373,11.833490,1.000000,0.727916,0.694311,0.155469
109,0.075298,7.422798,0.000000,0.699253,0.743537,0.190268
110,0.065997,37.443546,6.000000,0.803493,0.780633,0.000000
110,0.069601,37.601139,6.000000,0.757910,0.765159,0.061244
110,0.071156,37.611881,6.000000,0.747901,0.770838,0.076827
110,0.075810,37.127651,6.000000,0.794655,0.800000,0.101458
110,0.069790,32.431644,5.000000,0.783173,0.785707,0.043491
110,0.069826,32.557919,5.000000,0.763480,0.736126,0.078499
110,0.069411,27.280792,4.000000,0.808035,0.796247,0.039589
110,0.076109,17.505959,2.000000,0.739026,0.594827,0.261389
110,0.074668,17.124041,2.000000,0.801213,0.800000,0.090058
110,0.071106,17.235935,2.000000,0.804904,0.770245,0.052734
110,0.067751,17.768311,2.000000,0.740938,0.674799,0.147384
110,0.085373,17.285839,2.000000,0.727916,0.694311,0.234304
110,0.071513,12.327621,1.000000,0.789187,0.789844,0.058140
110,0.082575,12.622810,1.000000,0.692680,0.696756,0.225289
110,0.063415,7.328929,0.000000,0.837858,0.783471,0.043130
110,0.073831,7.064087,0.000000,0.814098,0.800000,0.082678
111,0.069790,44.007195,8.000000,0.783173,0.785707,0.000000
111,0.065997,34.034950,6.000000,0.803493,0.780633,0.043491
111,0.075810,28.297897,5.000000,0.794655,0.800000,0.063841
111,0.069826,29.301815,5.000000,0.763480,0.736126,0.065031
111,0.069411,28.655182,5.000000,0.808035,0.796247,0.028390
111,0.074668,28.289455,5.000000,0.801213,0.800000,0.054999
111,0.071106,23.550510,4.000000,0.804904,0.770245,0.031923
111,0.076109,19.180582,3.000000,0.739026,0.594827,0.250743
111,0.067751,19.792725,3.000000,0.740938,0.674799,0.146352
111,0.085373,18.666943,3.000000,0.727916,0.694311,0.200973
111,0.069601,14.402683,2.000000,0.757910,0.765159,0.036076
111,0.071156,9.427750,1.000000,0.747901,0.770838,0.042148
111,0.071513,3.764432,0.000000,0.789187,0.789844,0.018976
111,0.082575,4.453224,0.000000,0.692680,0.696756,0.192090
112,0.074668,61.491947,12.000000,0.801213,0.800000,0.000000
112,0.075810,46.502579,9.000000,0.794655,0.800000,0.013166
112,0.069411,31.955677,6.000000,0.808035,0.796247,0.053218
112,0.071106,26.822973,5.000000,0.804904,0.770245,0.051633
112,0.069826,22.775509,4.000000,0.763480,0.736126,0.100716
112,0.085373,21.970577,4.000000,0.727916,0.694311,0.185163
112,0.071156,17.935183,3.000000,0.747901,0.770838,0.073513
112,0.067751,13.397919,2.000000,0.740938,0.674799,0.181411
112,0.069601,12.903396,2.000000,0.757910,0.765159,0.079621
112,0.069790,7.401895,1.000000,0.783173,0.785707,0.054999
112,0.065997,7.437116,1.000000,0.803493,0.780633,0.090058
112,0.076109,7.621749,1.000000,0.739026,0.594827,0.264291
113,0.068980,33.216194,6.000000,0.796538,0.800000,0.000000
113,0.075810,27.579805,5.000000,0.794655,0.800000,0.068323
113,0.069826,28.691299,5.000000,0.763480,0.736126,0.086828
113,0.071156,28.830719,5.000000,0.747901,0.770838,0.064559
113,0.069790,28.365055,5.000000,0.783173,0.785707,0.023734
113,0.065195,29.194218,5.000000,0.757981,0.790678,0.055275
113,0.067751,24.234802,4.000000,0.740938,0.674799,0.166538
113,0.071106,17.859531,3.000000,0.804904,0.770245,0.043649
113,0.076109,18.557074,3.000000,0.739026,0.594827,0.272331
113,0.064997,18.085358,3.000000,0.828462,0.799806,0.051049
113,0.085373,12.988425,2.000000,0.727916,0.694311,0.221438
113,0.069601,13.802961,2.000000,0.757910,0.765159,0.058543
113,0.069411,7.975380,1.000000,0.808035,0.796247,0.013144
113,0.075252,6.859875,1.000000,0.835391,0.800000,0.073778
113,0.074668,2.570416,0.000000,0.801213,0.800000,0.057072
113,0.065997,3.395800,0.000000,0.803493,0.780633,0.039044
114,0.085373,45.928741,8.000000,0.727916,0.694311,0.000000
114,0.076109,41.258942,7.000000,0.739026,0.594827,0.155469
114,0.064997,35.985046,6.000000,0.828462,0.799806,0.262713
114,0.069790,31.147449,5.000000,0.783173,0.785707,0.200973
114,0.071106,30.853901,5.000000,0.804904,0.770245,0.187860
114,0.068980,21.061058,3.000000,0.796538,0.800000,0.221438
114,0.069826,21.336864,3.000000,0.763480,0.736126,0.167837
114,0.069411,20.921188,3.000000,0.808035,0.796247,0.219392
114,0.075810,15.691500,2.000000,0.794655,0.800000,0.176218
114,0.071156,16.417839,2.000000,0.747901,0.770838,0.172515
114,0.065195,16.628904,2.000000,0.757981,0.790678,0.236918
114,0.067751,16.652466,2.000000,0.740938,0.674799,0.178374
114,0.069601,11.401737,1.000000,0.757910,0.765159,0.183354
114,0.075252,10.273476,1.000000,0.835391,0.800000,0.198111
115,0.067751,42.675323,7.000000,0.740938,0.674799,0.000000
115,0.082516,36.964169,6.000000,0.767237,0.539646,0.225905
115,0.064997,27.211838,4.000000,0.828462,0.799806,0.181206
115,0.067985,26.716318,4.000000,0.879093,0.773149,0.184948
115,0.071156,27.512388,4.000000,0.747901,0.770838,0.124978
115,0.065195,27.658955,4.000000,0.757981,0.790678,0.148070
115,0.069601,27.501190,4.000000,0.757910,0.765159,0.115706
115,0.085373,22.172741,3.000000,0.727916,0.694311,0.178374
115,0.071106,22.120773,3.000000,0.804904,0.770245,0.139468
115,0.069411,17.167492,2.000000,0.808035,0.796247,0.166805
115,0.075810,17.007990,2.000000,0.794655,0.800000,0.184045
115,0.075252,16.717691,2.000000,0.835391,0.800000,0.197586
115,0.068354,12.295833,1.000000,0.795602,0.773821,0.135444
115,0.078954,12.493672,1.000000,0.712674,0.719529,0.128355
115,0.069826,12.456145,1.000000,0.763480,0.736126,0.082553
115,0.068980,12.264624,1.000000,0.796538,0.800000,0.166538
115,0.076109,12.402024,1.000000,0.739026,0.594827,0.130313
115,0.069790,7.324613,0.000000,0.783173,0.785707,0.146352
115,0.066855,7.532988,0.000000,0.768381,0.790961,0.148044
116,0.075810,36.648918,6.000000,0.794655,0.800000,0.000000
116,0.068354,31.971352,5.000000,0.795602,0.773821,0.081435
116,0.069411,31.827591,5.000000,0.808035,0.796247,0.065539
116,0.082516,26.599869,4.000000,0.767237,0.539646,0.333409
116,0.067985,26.322271,4.000000,0.879093,0.773149,0.119917
116,0.071156,27.213875,4.000000,0.747901,0.770838,0.075368
116,0.076109,22.090281,3.000000,0.739026,0.594827,0.262447
116,0.069826,22.150902,3.000000,0.763480,0.736126,0.104537
116,0.075252,21.323814,3.000000,0.835391,0.800000,0.041116
116,0.071106,21.775259,3.000000,0.804904,0.770245,0.060837
116,0.069601,22.201326,3.000000,0.757910,0.765159,0.084274
116,0.065195,17.378038,2.000000,0.757981,0.790678,0.112911
116,0.078954,17.192938,2.000000,0.712674,0.719529,0.133520
116,0.064997,16.877258,2.000000,0.828462,0.799806,0.113294
116,0.067751,12.396362,1.000000,0.740938,0.674799,0.184045
116,0.085373,6.833487,0.000000,0.727916,0.694311,0.176218
116,0.068980,6.936374,0.000000,0.796538,0.800000,0.068323
117,0.075252,49.091904,9.000000,0.835391,0.800000,0.000000
117,0.071156,45.522240,8.000000,0.747901,0.770838,0.103251
117,0.069411,24.901485,4.000000,0.808035,0.796247,0.064667
117,0.071106,24.817375,4.000000,0.804904,0.770245,0.063497
117,0.078954,25.488644,4.000000,0.712674,0.719529,0.162936
117,0.064997,24.981308,4.000000,0.828462,0.799806,0.102788
117,0.075810,19.614382,3.000000,0.794655,0.800000,0.041116
117,0.082516,19.535503,3.000000,0.767237,0.539646,0.340345
117,0.067751,20.815582,3.000000,0.740938,0.674799,0.197586
117,0.067985,14.089398,2.000000,0.879093,0.773149,0.091204
117,0.069601,15.502160,2.000000,0.757910,0.765159,0.105326
117,0.065195,15.786134,2.000000,0.757981,0.790678,0.127447
117,0.068354,10.132499,1.000000,0.795602,0.773821,0.086099
117,0.076109,10.323644,1.000000,0.739026,0.594827,0.274107
117,0.069826,5.421074,0.000000,0.763480,0.736126,0.120377
118,0.064997,57.416199,11.000000,0.828462,0.799806,0.000000
118,0.075252,31.072186,6.000000,0.835391,0.800000,0.102788
118,0.071106,22.168482,4.000000,0.804904,0.770245,0.075184
118,0.078954,23.182848,4.000000,0.712674,0.719529,0.207259
118,0.082516,21.742538,4.000000,0.767237,0.539646,0.374428
118,0.067751,23.676880,4.000000,0.740938,0.674799,0.181206
118,0.069411,17.295578,3.000000,0.808035,0.796247,0.048845
118,0.075810,16.861732,3.000000,0.794655,0.800000,0.113294
118,0.067985,16.068380,3.000000,0.879093,0.773149,0.067575
118,0.069601,18.203222,3.000000,0.757910,0.765159,0.094726
118,0.068354,12.644680,2.000000,0.795602,0.773821,0.057111
118,0.076109,12.933533,2.000000,0.739026,0.594827,0.293252
118,0.071156,8.233696,1.000000,0.747901,0.770838,0.107681
118,0.065195,3.632329,0.000000,0.757981,0.790678,0.071425
119,0.075252,44.223186,8.000000,0.835391,0.800000,0.000000
119,0.071106,39.932549,7.000000,0.804904,0.770245,0.063497
119,0.067985,39.220707,7.000000,0.879093,0.773149,0.091204
119,0.067751,35.908569,6.000000,0.740938,0.674799,0.197586
119,0.082516,29.656937,5.000000,0.767237,0.539646,0.340345
119,0.069411,30.014786,5.000000,0.808035,0.796247,0.064667
119,0.069601,25.602085,4.000000,0.757910,0.765159,0.105326
119,0.075810,19.734062,3.000000,0.794655,0.800000,0.041116
119,0.064997,15.092834,2.000000,0.828462,0.799806,0.102788
119,0.076109,15.427591,2.000000,0.739026,0.594827,0.274107
119,0.078954,10.588863,1.000000,0.712674,0.719529,0.162936
119,0.068354,5.240665,0.000000,0.795602,0.773821,0.086099
119,0.071156,5.621803,0.000000,0.747901,0.770838,0.103251
120,0.075252,73.829254,14.000000,0.835391,0.800000,0.000000
120,0.069411,34.674885,6.000000,0.808035,0.796247,0.064667
120,0.064997,34.758255,6.000000,0.828462,0.799806,0.102788
120,0.067751,30.629608,5.000000,0.740938,0.674799,0.197586
120,0.082516,24.292637,4.000000,0.767237,0.539646,0.340345
120,0.069601,25.302225,4.000000,0.757910,0.765159,0.105326
120,0.076109,20.115843,3.000000,0.739026,0.594827,0.274107
120,0.078954,20.288143,3.000000,0.712674,0.719529,0.162936
120,0.071106,14.587064,2.000000,0.804904,0.770245,0.063497
120,0.067985,13.826697,2.000000,0.879093,0.773149,0.091204
120,0.075810,9.375021,1.000000,0.794655,0.800000,0.041116
121,0.069601,41.801521,7.000000,0.757910,0.765159,0.000000
121,0.075252,35.798649,6.000000,0.835391,0.800000,0.105326
121,0.069377,36.442757,6.000000,0.800574,0.648797,0.151597
121,0.064997,26.431152,4.000000,0.828462,0.799806,0.094726
121,0.082516,26.114136,4.000000,0.767237,0.539646,0.310210
121,0.071106,21.314579,3.000000,0.804904,0.770245,0.049753
121,0.067985,20.796883,3.000000,0.879093,0.773149,0.122663
121,0.075810,21.170227,3.000000,0.794655,0.800000,0.084274
121,0.067951,20.992859,3.000000,0.858570,0.749267,0.103921
121,0.060361,21.267159,3.000000,0.879216,0.764971,0.152490
121,0.067751,17.024414,2.000000,0.740938,0.674799,0.115706
121,0.076109,16.674618,2.000000,0.739026,0.594827,0.223438
121,0.077596,16.172297,2.000000,0.785245,0.740145,0.090095
121,0.069411,11.374390,1.000000,0.808035,0.796247,0.063452
121,0.078954,11.791901,1.000000,0.712674,0.719529,0.118522
122,0.071702,39.417850,7.000000,0.850995,0.800000,0.000000
122,0.069411,35.128086,6.000000,0.808035,0.796247,0.048913
122,0.067951,29.615402,5.000000,0.858570,0.749267,0.074072
122,0.059041,26.042564,4.000000,0.789631,0.800000,0.140697
122,0.075252,19.354429,3.000000,0.835391,0.800000,0.038775
122,0.071349,20.401535,3.000000,0.774293,0.597809,0.264145
122,0.075396,19.989725,3.000000,0.786234,0.724032,0.120729
122,0.067751,21.001556,3.000000,0.740938,0.674799,0.195362
122,0.060361,19.983990,3.000000,0.879216,0.764971,0.124806
122,0.075810,14.853743,2.000000,0.794655,0.800000,0.069724
122,0.067985,14.352067,2.000000,0.879093,0.773149,0.057430
122,0.077596,14.856516,2.000000,0.785245,0.740145,0.115734
122,0.082516,14.778370,2.000000,0.767237,0.539646,0.353019
122,0.071106,10.047751,1.000000,0.804904,0.770245,0.059526
122,0.078954,10.689116,1.000000,0.712674,0.719529,0.185767
122,0.069377,10.219985,1.000000,0.800574,0.648797,0.196991
122,0.069601,10.702075,1.000000,0.757910,0.765159,0.104896
122,0.089046,9.098785,1.000000,0.785164,0.591093,0.320317
122,0.076109,5.531482,0.000000,0.739026,0.594827,0.283291
122,0.064997,5.204373,0.000000,0.828462,0.799806,0.070742
123,0.067951,38.488327,7.000000,0.858570,0.749267,0.000000
123,0.067985,33.169933,6.000000,0.879093,0.773149,0.036229
123,0.075252,28.172806,5.000000,0.835391,0.800000,0.099449
123,0.069377,29.219471,5.000000,0.800574,0.648797,0.139065
123,0.071702,23.249565,4.000000,0.850995,0.800000,0.074072
123,0.067751,25.164673,4.000000,0.740938,0.674799,0.150020
123,0.069411,19.108383,3.000000,0.808035,0.796247,0.078841
123,0.060361,18.934128,3.000000,0.879216,0.764971,0.081069
123,0.089046,12.863647,2.000000,0.785164,0.591093,0.298295
123,0.082516,13.685471,2.000000,0.767237,0.539646,0.313392
123,0.077596,13.779960,2.000000,0.785245,0.740145,0.121696
123,0.075810,13.776619,2.000000,0.794655,0.800000,0.119514
123,0.071349,14.439082,2.000000,0.774293,0.597809,0.210001
123,0.075396,8.941063,1.000000,0.786234,0.724032,0.108492
123,0.069601,9.802509,1.000000,0.757910,0.765159,0.103921
123,0.059041,10.214264,1.000000,0.789631,0.800000,0.129274
123,0.071106,4.011218,0.000000,0.804904,0.770245,0.067553
123,0.078954,4.786854,0.000000,0.712674,0.719529,0.186480
124,0.082516,41.478436,7.000000,0.767237,0.539646,0.000000
124,0.067951,31.368528,5.000000,0.858570,0.749267,0.313392
124,0.075810,31.529259,5.000000,0.794655,0.800000,0.333409
124,0.075252,26.192522,4.000000,0.835391,0.800000,0.340345
124,0.069601,27.101376,4.000000,0.757910,0.765159,0.310210
124,0.067985,21.190933,3.000000,0.879093,0.773149,0.344706
124,0.069377,21.776249,3.000000,0.800574,0.648797,0.192327
124,0.069411,21.714291,3.000000,0.808035,0.796247,0.348883
124,0.089046,21.020111,3.000000,0.785164,0.591093,0.093383
124,0.071349,21.898712,3.000000,0.774293,0.597809,0.133437
124,0.075396,21.620977,3.000000,0.786234,0.724032,0.241977
124,0.067751,17.303375,2.000000,0.740938,0.674799,0.225905
124,0.077596,16.531143,2.000000,0.785245,0.740145,0.256042
124,0.071702,11.235334,1.000000,0.850995,0.800000,0.353019
124,0.060361,11.617133,1.000000,0.879216,0.764971,0.375440
124,0.059041,12.331032,1.000000,0.789631,0.800000,0.401896
125,0.067951,51.618950,9.000000,0.858570,0.749267,0.000000
125,0.082516,36.721302,6.000000,0.767237,0.539646,0.313392
125,0.060361,31.850426,5.000000,0.879216,0.764971,0.081069
125,0.075252,26.455107,4.000000,0.835391,0.800000,0.099449
125,0.070261,22.007904,3.000000,0.794287,0.710083,0.084055
125,0.059041,22.515099,3.000000,0.789631,0.800000,0.129274
125,0.069377,21.998571,3.000000,0.800574,0.648797,0.139065
125,0.069411,16.940891,2.000000,0.808035,0.796247,0.078841
125,0.075396,16.854013,2.000000,0.786234,0.724032,0.108492
125,0.067751,17.489349,2.000000,0.740938,0.674799,0.150020
125,0.077596,16.770369,2.000000,0.785245,0.740145,0.121696
125,0.075810,16.768629,2.000000,0.794655,0.800000,0.119514
125,0.089046,11.294586,1.000000,0.785164,0.591093,0.298295
125,0.071349,12.112613,1.000000,0.774293,0.597809,0.210001
125,0.071702,11.494967,1.000000,0.850995,0.800000,0.074072
125,0.067985,11.453639,1.000000,0.879093,0.773149,0.036229
125,0.079370,11.904791,1.000000,0.760093,0.507062,0.338227
125,0.078446,11.305710,1.000000,0.835273,0.800000,0.124816
125,0.077121,10.884479,1.000000,0.889152,0.800000,0.115609
125,0.069601,7.301303,0.000000,0.757910,0.765159,0.103921
125,0.063730,7.235973,0.000000,0.801582,0.751963,0.070997
126,0.067951,31.618975,5.000000,0.858570,0.749267,0.000000
126,0.059041,32.515099,5.000000,0.789631,0.800000,0.129274
126,0.077121,25.884457,4.000000,0.889152,0.800000,0.115609
126,0.075396,26.854013,4.000000,0.786234,0.724032,0.108492
126,0.082516,21.721302,3.000000,0.767237,0.539646,0.313392
126,0.079370,21.904791,3.000000,0.760093,0.507062,0.338227
126,0.071349,22.112593,3.000000,0.774293,0.597809,0.210001
126,0.089046,21.294586,3.000000,0.785164,0.591093,0.298295
126,0.077596,21.770376,3.000000,0.785245,0.740145,0.121696
126,0.060361,21.850430,3.000000,0.879216,0.764971,0.081069
126,0.075810,16.768629,2.000000,0.794655,0.800000,0.119514
126,0.069377,16.998585,2.000000,0.800574,0.648797,0.139065
126,0.070261,17.007896,2.000000,0.794287,0.710083,0.084055
126,0.067985,16.453634,2.000000,0.879093,0.773149,0.036229
126,0.075252,16.455107,2.000000,0.835391,0.800000,0.099449
126,0.078446,16.305710,2.000000,0.835273,0.800000,0.124816
126,0.067751,12.489349,1.000000,0.740938,0.674799,0.150020
126,0.071702,11.494967,1.000000,0.850995,0.800000,0.074072
126,0.069411,6.940891,0.000000,0.808035,0.796247,0.078841
127,0.075396,31.854031,5.000000,0.786234,0.724032,0.000000
127,0.069377,31.998577,5.000000,0.800574,0.648797,0.112571
127,0.067751,27.489349,4.000000,0.740938,0.674799,0.108089
127,0.089046,26.294586,4.000000,0.785164,0.591093,0.215050
127,0.060361,26.850412,4.000000,0.879216,0.764971,0.184037
127,0.071702,21.494967,3.000000,0.850995,0.800000,0.120729
127,0.078446,21.305710,3.000000,0.835273,0.800000,0.111140
127,0.067985,21.453615,3.000000,0.879093,0.773149,0.133735
127,0.075810,21.768629,3.000000,0.794655,0.800000,0.095422
127,0.071349,22.112595,3.000000,0.774293,0.597809,0.163322
127,0.079370,21.904791,3.000000,0.760093,0.507062,0.275351
127,0.082516,21.721302,3.000000,0.767237,0.539646,0.241977
127,0.077596,16.770374,2.000000,0.785245,0.740145,0.029845
127,0.075252,16.455107,2.000000,0.835391,0.800000,0.106938
127,0.067951,16.618975,2.000000,0.858570,0.749267,0.108492
127,0.070261,12.007916,1.000000,0.794287,0.710083,0.054821
127,0.077121,5.884472,0.000000,0.889152,0.800000,0.141091
127,0.059041,7.515099,0.000000,0.789631,0.800000,0.189145
128,0.060361,32.534405,6.000000,0.879216,0.764971,0.000000
128,0.078446,31.243164,6.000000,0.835273,0.800000,0.191192
128,0.070261,32.907696,6.000000,0.794287,0.710083,0.147384
128,0.071702,26.691771,5.000000,0.850995,0.800000,0.124806
128,0.067951,26.985718,5.000000,0.858570,0.749267,0.081069
128,0.067751,24.048828,4.000000,0.740938,0.674799,0.193099
128,0.082516,22.228271,4.000000,0.767237,0.539646,0.375440
128,0.075396,17.542847,3.000000,0.786234,0.724032,0.184037
128,0.067985,16.593754,3.000000,0.879093,0.773149,0.076918
128,0.071349,13.155791,2.000000,0.774293,0.597809,0.258350
128,0.075252,11.597290,2.000000,0.835391,0.800000,0.161284
128,0.069377,7.885559,1.000000,0.800574,0.648797,0.188156
128,0.089046,6.216797,1.000000,0.785164,0.591093,0.371977
128,0.075810,7.340451,1.000000,0.794655,0.800000,0.181481
128,0.079370,7.663207,1.000000,0.760093,0.507062,0.392755
128,0.077596,2.344547,0.000000,0.785245,0.740145,0.198743
129,0.067951,43.488323,8.000000,0.858570,0.749267,0.000000
129,0.071702,28.249552,5.000000,0.850995,0.800000,0.074072
129,0.082516,28.685471,5.000000,0.767237,0.539646,0.313392
129,0.070261,24.237427,4.000000,0.794287,0.710083,0.084055
129,0.067751,25.164673,4.000000,0.740938,0.674799,0.150020
129,0.079370,24.038857,4.000000,0.760093,0.507062,0.338227
129,0.075396,18.941063,3.000000,0.786234,0.724032,0.108492
129,0.067985,18.169926,3.000000,0.879093,0.773149,0.036229
129,0.069377,19.219469,3.000000,0.800574,0.648797,0.139065
129,0.075810,18.776619,3.000000,0.794655,0.800000,0.119514
129,0.078446,12.885071,2.000000,0.835273,0.800000,0.124816
129,0.075252,13.172798,2.000000,0.835391,0.800000,0.099449
129,0.089046,12.863647,2.000000,0.785164,0.591093,0.298295
129,0.060361,8.934170,1.000000,0.879216,0.764971,0.081069
129,0.071349,9.439106,1.000000,0.774293,0.597809,0.210001
130,0.060361,31.617119,5.000000,0.879216,0.764971,0.000000
130,0.078446,31.032059,5.000000,0.835273,0.800000,0.191192
130,0.067534,26.436943,4.000000,0.853066,0.800000,0.088011
130,0.071349,26.898712,4.000000,0.774293,0.597809,0.258350
130,0.067985,26.190922,4.000000,0.879093,0.773149,0.076918
130,0.075810,26.529268,4.000000,0.794655,0.800000,0.181481
130,0.068951,21.645805,3.000000,0.819134,0.800000,0.113604
130,0.070261,21.786255,3.000000,0.794287,0.710083,0.147384
130,0.067751,22.303375,3.000000,0.740938,0.674799,0.193099
130,0.079370,21.675516,3.000000,0.760093,0.507062,0.392755
130,0.075252,21.192522,3.000000,0.835391,0.800000,0.161284
130,0.071702,16.235334,2.000000,0.850995,0.800000,0.124806
130,0.075396,16.620977,2.000000,0.786234,0.724032,0.184037
130,0.089046,11.020111,1.000000,0.785164,0.591093,0.371977
130,0.069377,11.776269,1.000000,0.800574,0.648797,0.188156
130,0.080932,11.010044,1.000000,0.824623,0.569459,0.324073
130,0.076994,11.957115,1.000000,0.738320,0.657202,0.256251
130,0.063539,12.175574,1.000000,0.783026,0.703440,0.127195
130,0.082516,6.478436,0.000000,0.767237,0.539646,0.375440
130,0.067951,6.368522,0.000000,0.858570,0.749267,0.081069
130,0.076756,7.232994,0.000000,0.705146,0.452280,0.458209
131,0.080932,41.422798,7.000000,0.824623,0.569459,0.000000
131,0.069377,32.109737,5.000000,0.800574,0.648797,0.154155
131,0.075396,31.970549,5.000000,0.786234,0.724032,0.204624
131,0.067751,32.582336,5.000000,0.740938,0.674799,0.204241
131,0.079370,32.019409,5.000000,0.760093,0.507062,0.102428
131,0.071702,26.624783,4.000000,0.850995,0.800000,0.303742
131,0.075810,26.888309,4.000000,0.794655,0.800000,0.294222
131,0.068951,21.992794,3.000000,0.819134,0.800000,0.312137
131,0.070261,22.118715,3.000000,0.794287,0.710083,0.207858
131,0.063539,17.467737,2.000000,0.783026,0.703440,0.245008
131,0.067985,16.584965,2.000000,0.879093,0.773149,0.290788
131,0.071349,17.219551,2.000000,0.774293,0.597809,0.113891
131,0.067534,11.805517,1.000000,0.853066,0.800000,0.319069
131,0.078446,11.442535,1.000000,0.835273,0.800000,0.289443
131,0.060361,11.967085,1.000000,0.879216,0.764971,0.324073
131,0.075252,6.586399,0.000000,0.835391,0.800000,0.293917
131,0.089046,6.431824,0.000000,0.785164,0.591093,0.094190
131,0.076994,7.271900,0.000000,0.738320,0.657202,0.145012
132,0.067534,41.436943,7.000000,0.853066,0.800000,0.000000
132,0.080932,36.010044,6.000000,0.824623,0.569459,0.319069
132,0.071702,36.235325,6.000000,0.850995,0.800000,0.041738
132,0.063539,32.175579,5.000000,0.783026,0.703440,0.145155
132,0.060361,31.617107,5.000000,0.879216,0.764971,0.088011
132,0.069377,26.776249,4.000000,0.800574,0.648797,0.197022
132,0.075810,26.529268,4.000000,0.794655,0.800000,0.101299
132,0.067751,22.303375,3.000000,0.740938,0.674799,0.192535
132,0.079370,21.675516,3.000000,0.760093,0.507062,0.395897
132,0.068951,21.645805,3.000000,0.819134,0.800000,0.036772
132,0.078446,21.032059,3.000000,0.835273,0.800000,0.110561
132,0.067985,11.190946,1.000000,0.879093,0.773149,0.042711
132,0.075396,6.620983,0.000000,0.786234,0.724032,0.140233
132,0.070261,6.786281,0.000000,0.794287,0.710083,0.129737
132,0.071349,6.898732,0.000000,0.774293,0.597809,0.267465
133,0.067985,48.432621,9.000000,0.879093,0.773149,0.000000
133,0.071702,43.509167,8.000000,0.850995,0.800000,0.057430
133,0.069377,39.441803,7.000000,0.800574,0.648797,0.174702
133,0.079370,34.268089,6.000000,0.760093,0.507062,0.371149
133,0.075810,24.015980,4.000000,0.794655,0.800000,0.119917
133,0.080932,18.120766,3.000000,0.824623,0.569459,0.290788
133,0.063539,20.130257,3.000000,0.783026,0.703440,0.137105
133,0.060361,19.167435,3.000000,0.879216,0.764971,0.076918
133,0.078446,18.158722,3.000000,0.835273,0.800000,0.118281
133,0.067751,15.350647,2.000000,0.740938,0.674799,0.184948
133,0.068951,14.216892,2.000000,0.819134,0.800000,0.069389
133,0.067534,3.856780,0.000000,0.853066,0.800000,0.042711
134,0.067985,46.453621,8.000000,0.879093,0.773149,0.000000
134,0.078446,46.305710,8.000000,0.835273,0.800000,0.118281
134,0.079370,36.904762,6.000000,0.760093,0.507062,0.371149
134,0.069377,31.998577,5.000000,0.800574,0.648797,0.174702
134,0.063539,32.370346,5.000000,0.783026,0.703440,0.137105
134,0.071702,26.494967,4.000000,0.850995,0.800000,0.057430
134,0.080932,26.285213,4.000000,0.824623,0.569459,0.290788
134,0.075810,21.768629,3.000000,0.794655,0.800000,0.119917
134,0.060361,21.850412,3.000000,0.879216,0.764971,0.076918
134,0.067751,17.489349,2.000000,0.740938,0.674799,0.184948
134,0.068951,16.877132,2.000000,0.819134,0.800000,0.069389
135,0.067978,38.078060,7.000000,0.830875,0.760661,0.000000
135,0.067985,27.250504,5.000000,0.879093,0.773149,0.050681
135,0.079370,28.236383,5.000000,0.760093,0.507062,0.344204
135,0.067751,29.513763,5.000000,0.740938,0.674799,0.140047
135,0.071702,22.340853,4.000000,0.850995,0.800000,0.064887
135,0.060361,23.117565,4.000000,0.879216,0.764971,0.090372
135,0.071202,22.829372,4.000000,0.826296,0.612871,0.187586
135,0.080932,16.882504,3.000000,0.824623,0.569459,0.271924
135,0.078446,11.927292,2.000000,0.835273,0.800000,0.115740
135,0.069377,13.441360,2.000000,0.800574,0.648797,0.143759
135,0.075810,12.938856,2.000000,0.794655,0.800000,0.099322
135,0.073898,10.840399,2.000000,0.916697,0.800000,0.115277
135,0.082129,11.788651,2.000000,0.823310,0.800000,0.150002
135,0.063539,9.253755,1.000000,0.783026,0.703440,0.096828
135,0.068951,8.175908,1.000000,0.819134,0.800000,0.051484
135,0.079155,9.049956,1.000000,0.713880,0.531507,0.328985
136,0.073898,31.274067,5.000000,0.916697,0.800000,0.000000
136,0.076514,31.578217,5.000000,0.863338,0.565879,0.298624
136,0.068951,32.224117,5.000000,0.819134,0.800000,0.109388
136,0.060361,32.200375,5.000000,0.879216,0.764971,0.147131
136,0.067985,26.847662,4.000000,0.879093,0.773149,0.077702
136,0.069377,27.332066,4.000000,0.800574,0.648797,0.226386
136,0.078446,21.716187,3.000000,0.835273,0.800000,0.093263
136,0.067978,22.184296,3.000000,0.830875,0.760661,0.115277
136,0.063539,17.662527,2.000000,0.783026,0.703440,0.207768
136,0.078386,16.557156,2.000000,0.855589,0.796203,0.075966
136,0.069235,17.660549,2.000000,0.750446,0.727961,0.194737
136,0.078038,17.515076,2.000000,0.728496,0.483630,0.439914
136,0.071702,16.884415,2.000000,0.850995,0.800000,0.069273
136,0.079155,12.579643,1.000000,0.713880,0.531507,0.395647
136,0.071868,12.096863,1.000000,0.820523,0.734364,0.128035
136,0.061649,12.463326,1.000000,0.828123,0.800000,0.151163
136,0.071202,12.083153,1.000000,0.826296,0.612871,0.252217
136,0.064294,11.954269,1.000000,0.888552,0.783338,0.102220
136,0.067751,12.768311,1.000000,0.740938,0.674799,0.243233
136,0.082129,6.659795,0.000000,0.823310,0.800000,0.124480
136,0.079370,7.248700,0.000000,0.760093,0.507062,0.401996
136,0.075810,7.127666,0.000000,0.794655,0.800000,0.123531
136,0.080932,6.697968,0.000000,0.824623,0.569459,0.310597
137,0.064294,37.766479,7.000000,0.888552,0.783338,0.000000
137,0.063539,34.448578,6.000000,0.783026,0.703440,0.145491
137,0.076514,26.873264,5.000000,0.863338,0.565879,0.299091
137,0.079155,29.251606,5.000000,0.713880,0.531507,0.389470
137,0.073898,21.150928,4.000000,0.916697,0.800000,0.102220
137,0.078386,16.823223,3.000000,0.855589,0.796203,0.145610
137,0.071202,18.072441,3.000000,0.826296,0.612871,0.232491
137,0.069235,19.443806,3.000000,0.750446,0.727961,0.162192
137,0.067985,17.513186,3.000000,0.879093,0.773149,0.040167
137,0.067978,13.312702,2.000000,0.830875,0.760661,0.074072
137,0.078446,12.200943,2.000000,0.835273,0.800000,0.152639
137,0.060361,13.350892,2.000000,0.879216,0.764971,0.046492
137,0.068951,13.407247,2.000000,0.819134,0.800000,0.086146
137,0.069377,8.663701,1.000000,0.800574,0.648797,0.196487
137,0.078038,9.098305,1.000000,0.728496,0.483630,0.429952
137,0.067751,9.699738,1.000000,0.740938,0.674799,0.203451
137,0.071702,2.600485,0.000000,0.850995,0.800000,0.085629
137,0.071868,3.105049,0.000000,0.820523,0.734364,0.118791
137,0.061649,3.975398,0.000000,0.828123,0.800000,0.069177
138,0.076514,37.728710,7.000000,0.863338,0.565879,0.000000
138,0.078386,37.683964,7.000000,0.855589,0.796203,0.288618
138,0.067985,38.301270,7.000000,0.879093,0.773149,0.273221
138,0.064294,28.527822,5.000000,0.888552,0.783338,0.299091
138,0.073898,27.082413,5.000000,0.916697,0.800000,0.298624
138,0.071202,23.801655,4.000000,0.826296,0.612871,0.087430
138,0.060361,19.050779,3.000000,0.879216,0.764971,0.297115
138,0.069235,15.028662,2.000000,0.750446,0.727961,0.243085
138,0.067978,14.016628,2.000000,0.830875,0.760661,0.260042
138,0.078446,13.021896,2.000000,0.835273,0.800000,0.294628
138,0.068951,14.101228,2.000000,0.819134,0.800000,0.305480
138,0.079155,9.856742,1.000000,0.713880,0.531507,0.157738
138,0.069377,9.330680,1.000000,0.800574,0.648797,0.140623
138,0.078038,9.719536,1.000000,0.728496,0.483630,0.170249
138,0.067751,10.257660,1.000000,0.740938,0.674799,0.202970
138,0.063539,5.032907,0.000000,0.783026,0.703440,0.229894
139,0.078446,49.937454,9.000000,0.835273,0.800000,0.000000
139,0.078386,44.692280,8.000000,0.855589,0.796203,0.020872
139,0.076514,29.724751,5.000000,0.863338,0.565879,0.294628
139,0.060361,30.683897,5.000000,0.879216,0.764971,0.191192
139,0.064294,25.304499,4.000000,0.888552,0.783338,0.152639
139,0.071202,25.503162,4.000000,0.826296,0.612871,0.245035
139,0.067985,20.140152,3.000000,0.879093,0.773149,0.118281
139,0.073898,19.255856,3.000000,0.916697,0.800000,0.093263
139,0.069235,21.393347,3.000000,0.750446,0.727961,0.154233
139,0.067978,20.659122,3.000000,0.830875,0.760661,0.115740
139,0.068951,10.720485,1.000000,0.819134,0.800000,0.096309
139,0.079155,11.268617,1.000000,0.713880,0.531507,0.356966
139,0.067751,11.559479,1.000000,0.740938,0.674799,0.211728
139,0.069377,5.886964,0.000000,0.800574,0.648797,0.212485
139,0.078038,6.169075,0.000000,0.728496,0.483630,0.409644
140,0.071202,49.652409,9.000000,0.826296,0.612871,0.000000
140,0.076514,38.726730,7.000000,0.863338,0.565879,0.087430
140,0.069235,40.711010,7.000000,0.750446,0.727961,0.163819
140,0.078446,28.979675,5.000000,0.835273,0.800000,0.245035
140,0.060361,24.867340,4.000000,0.879216,0.764971,0.225168
140,0.064294,24.416161,4.000000,0.888552,0.783338,0.232491
140,0.067978,24.837875,4.000000,0.830875,0.760661,0.187586
140,0.078386,18.688112,3.000000,0.855589,0.796203,0.241941
140,0.067985,14.220720,2.000000,0.879093,0.773149,0.209671
140,0.073898,13.169120,2.000000,0.916697,0.800000,0.252217
140,0.079155,15.562652,2.000000,0.713880,0.531507,0.171192
140,0.067751,10.908569,1.000000,0.740938,0.674799,0.120287
140,0.068951,4.910860,0.000000,0.819134,0.800000,0.235100
141,0.060361,42.651043,8.000000,0.879216,0.764971,0.000000
141,0.078386,40.962540,8.000000,0.855589,0.796203,0.185936
141,0.076514,31.017818,6.000000,0.863338,0.565879,0.297115
141,0.073898,30.219452,6.000000,0.916697,0.800000,0.147131
141,0.067985,26.725101,5.000000,0.879093,0.773149,0.076918
141,0.069235,23.858948,4.000000,0.750446,0.727961,0.163086
141,0.078446,21.379990,4.000000,0.835273,0.800000,0.191192
141,0.067978,22.608776,4.000000,0.830875,0.760661,0.090372
141,0.064294,12.004957,2.000000,0.888552,0.783338,0.046492
141,0.071202,7.343276,1.000000,0.826296,0.612871,0.225168
141,0.079155,8.646564,1.000000,0.713880,0.531507,0.384478
141,0.067751,9.141815,1.000000,0.740938,0.674799,0.193099
142,0.060361,40.450642,7.000000,0.879216,0.764971,0.000000
142,0.076514,29.439602,5.000000,0.863338,0.565879,0.297115
142,0.073898,28.945374,5.000000,0.916697,0.800000,0.147131
142,0.071202,30.260092,5.000000,0.826296,0.612871,0.225168
142,0.077242,29.053463,5.000000,0.888591,0.610342,0.256798
142,0.058896,24.967672,4.000000,0.936139,0.797142,0.071218
142,0.079978,22.838430,4.000000,0.958334,0.800000,0.216009
142,0.061005,20.935516,3.000000,0.826640,0.800000,0.068723
142,0.078446,19.663803,3.000000,0.835273,0.800000,0.191192
142,0.067985,14.877458,2.000000,0.879093,0.773149,0.076918
142,0.069235,16.198383,2.000000,0.750446,0.727961,0.163086
142,0.085074,14.681210,2.000000,0.800766,0.769894,0.259358
142,0.067978,10.424480,1.000000,0.830875,0.760661,0.090372
142,0.079155,11.066920,1.000000,0.713880,0.531507,0.384478
142,0.067751,11.373505,1.000000,0.740938,0.674799,0.193099
142,0.064294,5.050699,0.000000,0.888552,0.783338,0.046492
142,0.078386,4.405347,0.000000,0.855589,0.796203,0.185936
143,0.073898,35.497837,6.000000,0.916697,0.800000,0.000000
143,0.067751,37.303375,6.000000,0.740938,0.674799,0.243233
143,0.078446,31.032059,5.000000,0.835273,0.800000,0.093263
143,0.067985,26.190920,4.000000,0.879093,0.773149,0.077702
143,0.079155,27.075384,4.000000,0.713880,0.531507,0.395647
143,0.060361,21.617123,3.000000,0.879216,0.764971,0.147131
143,0.076514,20.865345,3.000000,0.863338,0.565879,0.298624
143,0.071202,21.475456,3.000000,0.826296,0.612871,0.252217
143,0.077242,20.578215,3.000000,0.888591,0.610342,0.241063
143,0.058896,21.258013,3.000000,0.936139,0.797142,0.151320
143,0.079978,19.674730,3.000000,0.958334,0.800000,0.073690
143,0.061005,16.977692,2.000000,0.826640,0.800000,0.157268
143,0.085074,16.045002,2.000000,0.800766,0.769894,0.165368
143,0.067978,16.597691,2.000000,0.830875,0.760661,0.115277
143,0.069235,12.173141,1.000000,0.750446,0.727961,0.194737
144,0.073898,36.118832,6.000000,0.916697,0.800000,0.000000
144,0.077242,36.188118,6.000000,0.888591,0.610342,0.241063
144,0.078446,31.579361,5.000000,0.835273,0.800000,0.093263
144,0.067985,31.716324,5.000000,0.879093,0.773149,0.077702
144,0.079155,27.478771,4.000000,0.713880,0.531507,0.395647
144,0.079978,25.409250,4.000000,0.958334,0.800000,0.073690
144,0.067751,22.675323,3.000000,0.740938,0.674799,0.243233
144,0.076514,21.435642,3.000000,0.863338,0.565879,0.298624
144,0.060361,22.083715,3.000000,0.879216,0.764971,0.147131
144,0.061005,17.394562,2.000000,0.826640,0.800000,0.157268
144,0.085074,16.590519,2.000000,0.800766,0.769894,0.165368
144,0.077538,16.245193,2.000000,0.880232,0.800000,0.051523
144,0.071202,11.961617,1.000000,0.826296,0.612871,0.252217
144,0.058896,11.774149,1.000000,0.936139,0.797142,0.151320
144,0.074573,11.404672,1.000000,0.878289,0.800000,0.038998
144,0.061041,12.225809,1.000000,0.852742,0.760410,0.151888
144,0.074388,12.919130,1.000000,0.669008,0.512768,0.436215
144,0.067978,7.066971,0.000000,0.830875,0.760661,0.115277
144,0.069235,7.563055,0.000000,0.750446,0.727961,0.194737
144,0.063587,7.882701,0.000000,0.729903,0.620831,0.309325
145,0.077242,40.730698,7.000000,0.888591,0.610342,0.000000
145,0.074573,40.973213,7.000000,0.878289,0.800000,0.238792
145,0.079978,34.858353,6.000000,0.958334,0.800000,0.248628
145,0.058896,31.387045,5.000000,0.936139,0.797142,0.300736
145,0.061005,27.081909,4.000000,0.826640,0.800000,0.293948
145,0.067751,27.396362,4.000000,0.740938,0.674799,0.193135
145,0.074388,22.669426,3.000000,0.669008,0.512768,0.252800
145,0.079155,22.176224,3.000000,0.713880,0.531507,0.201497
145,0.078446,21.168884,3.000000,0.835273,0.800000,0.243292
145,0.076514,16.007919,2.000000,0.863338,0.565879,0.061481
145,0.067985,16.322268,2.000000,0.879093,0.773149,0.223778
145,0.073898,15.653075,2.000000,0.916697,0.800000,0.241063
145,0.060361,11.733784,1.000000,0.879216,0.764971,0.256798
145,0.085074,11.181381,1.000000,0.800766,0.769894,0.231566
145,0.077538,5.794610,0.000000,0.880232,0.800000,0.237238
145,0.071202,6.597012,0.000000,0.826296,0.612871,0.086829
145,0.061041,6.892906,0.000000,0.852742,0.760410,0.250443
146,0.078446,39.253326,7.000000,0.835273,0.800000,0.000000
146,0.085074,39.272072,7.000000,0.800766,0.769894,0.083669
146,0.079978,32.287510,6.000000,0.958334,0.800000,0.124011
146,0.077242,28.596035,5.000000,0.888591,0.610342,0.243292
146,0.074573,23.959883,4.000000,0.878289,0.800000,0.057879
146,0.067985,24.483406,4.000000,0.879093,0.773149,0.118281
146,0.058896,19.580570,3.000000,0.936139,0.797142,0.220016
146,0.061005,20.622864,3.000000,0.826640,0.800000,0.174620
146,0.073898,18.479630,3.000000,0.916697,0.800000,0.093263
146,0.067751,16.094543,2.000000,0.740938,0.674799,0.211728
146,0.074388,16.504139,2.000000,0.669008,0.512768,0.397744
146,0.079155,15.764342,2.000000,0.713880,0.531507,0.356966
146,0.076514,9.011879,1.000000,0.863338,0.565879,0.294628
146,0.060361,10.100676,1.000000,0.879216,0.764971,0.191192
147,0.074573,36.404686,6.000000,0.878289,0.800000,0.000000
147,0.058896,36.774128,6.000000,0.936139,0.797142,0.167146
147,0.078446,31.579361,5.000000,0.835273,0.800000,0.057879
147,0.084583,31.144676,5.000000,0.853981,0.800000,0.103010
147,0.077242,26.188116,4.000000,0.888591,0.610342,0.238792
147,0.077297,26.016266,4.000000,0.908076,0.800000,0.040365
147,0.079978,20.409250,3.000000,0.958334,0.800000,0.096583
147,0.067985,21.716316,3.000000,0.879093,0.773149,0.073948
147,0.073257,20.510340,3.000000,0.990245,0.800000,0.112728
147,0.067751,17.675323,2.000000,0.740938,0.674799,0.219116
147,0.060361,17.083721,2.000000,0.879216,0.764971,0.148719
147,0.073898,16.118828,2.000000,0.916697,0.800000,0.038998
147,0.079155,12.478795,1.000000,0.713880,0.531507,0.376521
147,0.074388,12.919130,1.000000,0.669008,0.512768,0.415586
147,0.089671,11.589780,1.000000,0.780056,0.714953,0.209152
147,0.061005,12.394562,1.000000,0.826640,0.800000,0.145180
147,0.078878,11.489930,1.000000,0.843798,0.578424,0.282411
147,0.071232,6.518540,0.000000,0.884309,0.800000,0.033953
147,0.076514,6.435647,0.000000,0.863338,0.565879,0.293675
147,0.085074,6.590519,0.000000,0.800766,0.769894,0.135841
148,0.077242,31.766384,6.000000,0.888591,0.610342,0.000000
148,0.058896,28.032156,5.000000,0.936139,0.797142,0.300736
148,0.079155,29.554146,5.000000,0.713880,0.531507,0.201497
148,0.073257,25.302334,5.000000,0.990245,0.800000,0.261008
148,0.074573,27.234137,5.000000,0.878289,0.800000,0.238792
148,0.084583,21.672501,4.000000,0.853981,0.800000,0.250580
148,0.067985,22.907234,4.000000,0.879093,0.773149,0.223778
148,0.067751,19.978699,3.000000,0.740938,0.674799,0.193135
148,0.073898,16.616674,3.000000,0.916697,0.800000,0.241063
148,0.077297,11.395164,2.000000,0.908076,0.800000,0.237872
148,0.079978,10.083981,2.000000,0.958334,0.800000,0.248628
148,0.078446,12.611420,2.000000,0.835273,0.800000,0.243292
148,0.078878,12.418262,2.000000,0.843798,0.578424,0.062177
148,0.060361,8.700869,1.000000,0.879216,0.764971,0.256798
148,0.089671,7.633924,1.000000,0.780056,0.714953,0.210537
148,0.074388,5.505322,0.000000,0.669008,0.512768,0.252800
148,0.061005,4.372270,0.000000,0.826640,0.800000,0.293948
149,0.073257,34.791996,6.000000,0.990245,0.800000,0.000000
149,0.074573,35.829422,6.000000,0.878289,0.800000,0.112728
149,0.058896,31.258007,5.000000,0.936139,0.797142,0.153506
149,0.067751,32.303375,5.000000,0.740938,0.674799,0.299462
149,0.089671,31.044125,5.000000,0.780056,0.714953,0.287094
149,0.079978,24.674730,4.000000,0.958334,0.800000,0.074404
149,0.060361,26.617115,4.000000,0.879216,0.764971,0.175713
149,0.077242,20.578215,3.000000,0.888591,0.610342,0.261008
149,0.077297,20.378870,3.000000,0.908076,0.800000,0.091566
149,0.078446,21.032059,3.000000,0.835273,0.800000,0.163429
149,0.084583,15.527824,2.000000,0.853981,0.800000,0.177192
149,0.067985,16.190926,2.000000,0.879093,0.773149,0.127519
149,0.078878,15.928329,2.000000,0.843798,0.578424,0.318308
149,0.079155,7.075402,0.000000,0.713880,0.531507,0.438743
149,0.073898,5.497817,0.000000,0.916697,0.800000,0.073827
150,0.079978,42.471146,8.000000,0.958334,0.800000,0.000000
150,0.074573,39.103668,7.000000,0.878289,0.800000,0.096583
150,0.077297,38.466721,7.000000,0.908076,0.800000,0.056960
150,0.073257,32.636974,6.000000,0.990245,0.800000,0.074404
150,0.089671,34.407207,6.000000,0.780056,0.714953,0.229083
150,0.058896,19.709604,3.000000,0.936139,0.797142,0.212018
150,0.078446,19.390152,3.000000,0.835273,0.800000,0.124011
150,0.067751,16.187531,2.000000,0.740938,0.674799,0.294454
150,0.077242,13.748510,2.000000,0.888591,0.610342,0.248628
150,0.084583,13.677269,2.000000,0.853981,0.800000,0.114063
150,0.067985,14.614760,2.000000,0.879093,0.773149,0.147615
150,0.060361,10.217326,1.000000,0.879216,0.764971,0.216009
150,0.078878,9.243485,1.000000,0.843798,0.578424,0.299920
151,0.079978,40.776505,7.000000,0.958334,0.800000,0.000000
151,0.067751,37.861298,6.000000,0.740938,0.674799,0.294454
151,0.083274,30.693430,5.000000,0.948369,0.800000,0.034430
151,0.074573,26.692310,4.000000,0.878289,0.800000,0.096583
151,0.073257,25.869513,4.000000,0.990245,0.800000,0.074404
151,0.084583,21.453102,3.000000,0.853981,0.800000,0.114063
151,0.077242,21.493067,3.000000,0.888591,0.610342,0.248628
151,0.058896,22.032217,3.000000,0.936139,0.797142,0.212018
151,0.089671,21.862579,3.000000,0.780056,0.714953,0.229083
151,0.067985,16.979019,2.000000,0.879093,0.773149,0.147615
151,0.060361,17.317026,2.000000,0.879216,0.764971,0.216009
151,0.075626,15.651527,2.000000,1.000000,0.800000,0.060254
151,0.069039,17.011555,2.000000,0.867644,0.773305,0.145962
151,0.078446,11.853012,1.000000,0.835273,0.800000,0.124011
151,0.078878,11.770736,1.000000,0.843798,0.578424,0.299920
151,0.068174,11.079974,1.000000,1.000000,0.769594,0.130820
151,0.083975,12.341537,1.000000,0.742002,0.674128,0.270468
151,0.077297,6.334980,0.000000,0.908076,0.800000,0.056960
152,0.083274,39.701756,8.000000,0.948369,0.800000,0.000000
152,0.073257,35.122749,7.000000,0.990245,0.800000,0.108570
152,0.069039,37.853718,7.000000,0.867644,0.773305,0.167013
152,0.067985,27.775883,5.000000,0.879093,0.773149,0.171178
152,0.075626,19.601479,4.000000,1.000000,0.800000,0.092277
152,0.077242,16.613855,3.000000,0.888591,0.610342,0.251822
152,0.067751,14.885712,2.000000,0.740938,0.674799,0.302680
152,0.074573,12.090290,2.000000,0.878289,0.800000,0.111719
152,0.084583,11.518288,2.000000,0.853981,0.800000,0.095292
152,0.068174,10.626038,2.000000,1.000000,0.769594,0.164042
152,0.060361,13.584205,2.000000,0.879216,0.764971,0.243309
152,0.083975,8.642807,1.000000,0.742002,0.674128,0.259601
152,0.079978,4.900337,1.000000,0.958334,0.800000,0.034430
152,0.078878,7.277846,1.000000,0.843798,0.578424,0.299299
152,0.078446,7.474596,1.000000,0.835273,0.800000,0.122971
152,0.089671,7.497516,1.000000,0.780056,0.714953,0.209101
152,0.058896,7.903127,1.000000,0.936139,0.797142,0.244112
153,0.060361,37.550335,6.000000,0.879216,0.764971,0.000000
153,0.083274,36.067932,6.000000,0.948369,0.800000,0.243309
153,0.084583,31.761528,5.000000,0.853981,0.800000,0.247440
153,0.071123,26.822769,4.000000,0.922448,0.800000,0.123966
153,0.075626,21.029655,3.000000,1.000000,0.800000,0.199517
153,0.067751,23.047272,3.000000,0.740938,0.674799,0.193099
153,0.073257,21.228685,3.000000,0.990245,0.800000,0.175713
153,0.076564,20.980385,3.000000,1.000000,0.800000,0.206787
153,0.077242,16.798018,2.000000,0.888591,0.610342,0.256798
153,0.074573,16.979942,2.000000,0.878289,0.800000,0.148719
153,0.067985,17.241705,2.000000,0.879093,0.773149,0.076918
153,0.069039,17.271420,2.000000,0.867644,0.773305,0.088164
153,0.078446,17.126663,2.000000,0.835273,0.800000,0.191192
153,0.089133,16.198860,2.000000,0.901277,0.780217,0.289192
153,0.070243,11.444919,1.000000,0.981844,0.800000,0.149049
153,0.079978,11.143770,1.000000,0.958334,0.800000,0.216009
153,0.078878,12.051541,1.000000,0.843798,0.578424,0.299866
153,0.062653,12.290806,1.000000,0.907548,0.775854,0.038899
153,0.058896,12.290285,1.000000,0.936139,0.797142,0.071218
153,0.073620,7.112764,0.000000,0.864301,0.564810,0.283554
153,0.089671,7.135415,0.000000,0.780056,0.714953,0.315672
153,0.083975,7.572710,0.000000,0.742002,0.674128,0.295779
153,0.068174,6.420851,0.000000,1.000000,0.769594,0.143968
154,0.070243,50.937069,9.000000,0.981844,0.800000,0.000000
154,0.074573,36.548496,6.000000,0.878289,0.800000,0.112244
154,0.062653,31.903778,5.000000,0.907548,0.775854,0.110418
154,0.075626,25.462463,4.000000,1.000000,0.800000,0.056803
154,0.089133,25.655830,4.000000,0.901277,0.780217,0.206843
154,0.083274,20.506193,3.000000,0.948369,0.800000,0.134536
154,0.079978,20.592880,3.000000,0.958334,0.800000,0.100147
154,0.069039,21.881622,3.000000,0.867644,0.773305,0.119583
154,0.077242,16.340591,2.000000,0.888591,0.610342,0.264193
154,0.073257,15.689926,2.000000,0.990245,0.800000,0.031284
154,0.067751,17.768311,2.000000,0.740938,0.674799,0.288356
154,0.084583,16.298889,2.000000,0.853981,0.800000,0.192127
154,0.058896,16.903183,2.000000,0.936139,0.797142,0.122385
154,0.076564,10.406136,1.000000,1.000000,0.800000,0.065766
154,0.067985,11.847679,1.000000,0.879093,0.773149,0.110429
154,0.071123,11.368858,1.000000,0.922448,0.800000,0.060044
154,0.078446,6.716191,0.000000,0.835273,0.800000,0.167962
154,0.078878,6.630333,0.000000,0.843798,0.578424,0.321288
154,0.060361,7.200386,0.000000,0.879216,0.764971,0.149049
155,0.073257,44.432854,8.000000,0.990245,0.800000,0.000000
155,0.083274,39.195518,7.000000,0.948369,0.800000,0.108570
155,0.089133,29.388775,5.000000,0.901277,0.780217,0.183662
155,0.070243,24.752033,4.000000,0.981844,0.800000,0.031284
155,0.074573,25.541809,4.000000,0.878289,0.800000,0.112728
155,0.062653,26.000713,4.000000,0.907548,0.775854,0.137818
155,0.075626,24.139015,4.000000,1.000000,0.800000,0.025618
155,0.084583,20.219398,3.000000,0.853981,0.800000,0.177192
155,0.079978,14.307470,2.000000,0.958334,0.800000,0.074404
155,0.076564,14.066258,2.000000,1.000000,0.800000,0.034483
155,0.071123,15.309793,2.000000,0.922448,0.800000,0.071077
155,0.069039,10.972095,1.000000,0.867644,0.773305,0.133879
155,0.077242,10.273264,1.000000,0.888591,0.610342,0.261008
155,0.067751,12.117401,1.000000,0.740938,0.674799,0.299462
155,0.058896,10.999944,1.000000,0.936139,0.797142,0.153506
155,0.067985,10.928252,1.000000,0.879093,0.773149,0.127519
156,0.079978,35.083893,7.000000,0.958334,0.800000,0.000000
156,0.070243,25.858414,5.000000,0.981844,0.800000,0.100147
156,0.070616,20.466820,4.000000,1.000000,0.800000,0.102475
156,0.073058,20.137133,4.000000,1.000000,0.800000,0.080777
156,0.071123,21.829977,4.000000,0.922448,0.800000,0.095550
156,0.083274,14.888946,3.000000,0.948369,0.800000,0.034430
156,0.067985,17.907230,3.000000,0.879093,0.773149,0.147615
156,0.073257,15.302334,3.000000,0.990245,0.800000,0.074404
156,0.075626,9.790543,2.000000,1.000000,0.800000,0.060254
156,0.077242,11.766331,2.000000,0.888591,0.610342,0.248628
156,0.058896,13.032162,2.000000,0.936139,0.797142,0.212018
156,0.074573,12.234107,2.000000,0.878289,0.800000,0.096583
156,0.068377,13.658827,2.000000,0.828826,0.800000,0.173872
156,0.084583,6.672496,1.000000,0.853981,0.800000,0.114063
156,0.076564,4.663814,1.000000,1.000000,0.800000,0.053866
156,0.069039,7.983650,1.000000,0.867644,0.773305,0.145962
156,0.089133,5.225653,1.000000,0.901277,0.780217,0.110670
156,0.084282,5.575231,1.000000,0.910123,0.800000,0.064629
156,0.065776,7.196448,1.000000,0.937441,0.800000,0.143546
156,0.055841,8.912373,1.000000,0.898633,0.800000,0.248649
156,0.062653,3.033499,0.000000,0.907548,0.775854,0.183047
156,0.067751,4.978714,0.000000,0.740938,0.674799,0.294454
156,0.091895,0.474358,0.000000,0.876261,0.744168,0.160650
157,0.070243,51.027699,10.000000,0.981844,0.800000,0.000000
157,0.070616,25.643360,5.000000,1.000000,0.800000,0.018535
157,0.077242,26.918819,5.000000,0.888591,0.610342,0.264193
157,0.071123,21.981274,4.000000,0.922448,0.800000,0.060044
157,0.079978,20.267611,4.000000,0.958334,0.800000,0.100147
157,0.074573,17.377953,3.000000,0.878289,0.800000,0.112244
157,0.083274,15.076156,3.000000,0.948369,0.800000,0.134536
157,0.058896,13.161196,2.000000,0.936139,0.797142,0.122385
157,0.075626,9.979607,2.000000,1.000000,0.800000,0.056803
157,0.067985,13.038604,2.000000,0.879093,0.773149,0.110429
157,0.073058,10.319803,2.000000,1.000000,0.800000,0.033495
157,0.068377,8.776275,1.000000,0.828826,0.800000,0.154152
157,0.084583,6.826710,1.000000,0.853981,0.800000,0.192127
157,0.076564,4.855224,1.000000,1.000000,0.800000,0.065766
157,0.069039,8.113583,1.000000,0.867644,0.773305,0.119583
157,0.089133,5.406659,1.000000,0.901277,0.780217,0.206843
157,0.084282,5.749763,1.000000,0.910123,0.800000,0.157649
157,0.065776,7.340958,1.000000,0.937441,0.800000,0.062984
157,0.055841,9.025106,1.000000,0.898633,0.800000,0.166337
157,0.073257,0.481924,0.000000,0.990245,0.800000,0.031284
158,0.073058,35.319847,7.000000,1.000000,0.800000,0.000000
158,0.070616,30.643360,6.000000,1.000000,0.800000,0.024420
158,0.075626,24.979607,5.000000,1.000000,0.800000,0.025676
158,0.067985,18.038582,3.000000,0.879093,0.773149,0.135348
158,0.069039,18.113583,3.000000,0.867644,0.773305,0.142291
158,0.084583,16.826714,3.000000,0.853981,0.800000,0.186024
158,0.068377,18.776230,3.000000,0.828826,0.800000,0.177460
158,0.079978,15.267611,3.000000,0.958334,0.800000,0.080777
158,0.071123,16.981253,3.000000,0.922448,0.800000,0.079931
158,0.058896,13.161196,2.000000,0.936139,0.797142,0.155395
158,0.083274,10.076193,2.000000,0.948369,0.800000,0.114463
158,0.074573,12.377916,2.000000,0.878289,0.800000,0.122651
158,0.084282,10.749772,2.000000,0.910123,0.800000,0.143793
158,0.070243,6.027652,1.000000,0.981844,0.800000,0.033495
158,0.076564,4.855224,1.000000,1.000000,0.800000,0.035063
158,0.077242,6.918810,1.000000,0.888591,0.610342,0.265266
158,0.089133,5.406659,1.000000,0.901277,0.780217,0.190257
158,0.065776,7.340958,1.000000,0.937441,0.800000,0.095999
158,0.055841,9.025106,1.000000,0.898633,0.800000,0.199798
159,0.083271,26.814003,4.000000,0.874766,0.800000,0.000000
159,0.076564,26.171791,4.000000,1.000000,0.800000,0.142061
159,0.058896,27.419319,4.000000,0.936139,0.797142,0.251383
159,0.070616,21.469193,3.000000,1.000000,0.800000,0.178039
159,0.083274,21.255159,3.000000,0.948369,0.800000,0.073603
159,0.069039,22.401352,3.000000,0.867644,0.773305,0.146353
159,0.075626,21.218719,3.000000,1.000000,0.800000,0.146726
159,0.084583,16.915741,2.000000,0.853981,0.800000,0.024582
159,0.079978,16.327400,2.000000,0.958334,0.800000,0.089821
159,0.071123,16.974062,2.000000,0.922448,0.800000,0.130504
159,0.067985,17.373055,2.000000,0.879093,0.773149,0.156564
159,0.074573,17.123751,2.000000,0.878289,0.800000,0.087046
159,0.070243,16.614212,2.000000,0.981844,0.800000,0.168634
159,0.073058,16.347101,2.000000,1.000000,0.800000,0.161597
159,0.073542,16.900597,2.000000,0.918091,0.800000,0.106498
159,0.065776,17.109795,2.000000,0.937441,0.800000,0.185832
159,0.068377,12.651424,1.000000,0.828826,0.800000,0.155865
159,0.076108,11.800518,1.000000,0.916937,0.800000,0.083118
159,0.077197,11.562653,1.000000,0.943684,0.800000,0.091864
159,0.067762,11.961613,1.000000,0.946985,0.800000,0.171078
159,0.068982,11.692314,1.000000,0.979286,0.789637,0.177509
159,0.089133,11.379871,1.000000,0.901277,0.780217,0.068926
159,0.077242,11.950493,1.000000,0.888591,0.610342,0.245007
159,0.084282,11.509342,1.000000,0.910123,0.800000,0.036775
159,0.055841,7.745323,0.000000,0.898633,0.800000,0.275339
159,0.068694,7.655220,0.000000,0.826240,0.800000,0.153632
159,0.073072,7.466011,0.000000,0.832802,0.800000,0.110283
159,0.074853,6.694187,0.000000,0.939829,0.800000,0.106390
160,0.083274,36.255165,6.000000,0.948369,0.800000,0.000000
160,0.068982,31.692303,5.000000,0.979286,0.789637,0.146796
160,0.083271,26.814003,4.000000,0.874766,0.800000,0.073603
160,0.069039,27.401352,4.000000,0.867644,0.773305,0.167013
160,0.067985,27.373051,4.000000,0.879093,0.773149,0.171178
160,0.073542,26.900597,4.000000,0.918091,0.800000,0.101917
160,0.076564,21.171787,3.000000,1.000000,0.800000,0.084661
160,0.073058,21.347086,3.000000,1.000000,0.800000,0.114463
160,0.067762,16.961630,2.000000,0.946985,0.800000,0.155123
160,0.071123,16.974064,2.000000,0.922448,0.800000,0.124245
160,0.074573,17.123756,2.000000,0.878289,0.800000,0.111719
160,0.065776,17.109795,2.000000,0.937441,0.800000,0.175315
160,0.084282,11.509342,1.000000,0.910123,0.800000,0.039554
160,0.077242,11.950493,1.000000,0.888591,0.610342,0.251822
160,0.089133,11.379871,1.000000,0.901277,0.780217,0.079133
160,0.077197,11.562653,1.000000,0.943684,0.800000,0.060950
160,0.079978,11.327400,1.000000,0.958334,0.800000,0.034430
160,0.084583,11.915741,1.000000,0.853981,0.800000,0.095292
160,0.075626,11.218719,1.000000,1.000000,0.800000,0.092277
160,0.070616,11.469193,1.000000,1.000000,0.800000,0.136703
160,0.058896,12.419319,1.000000,0.936139,0.797142,0.244112
160,0.068377,7.651424,0.000000,0.828826,0.800000,0.191005
160,0.076108,6.800514,0.000000,0.916937,0.800000,0.078246
160,0.070243,6.614208,0.000000,0.981844,0.800000,0.134536
161,0.068982,26.896170,5.000000,0.979286,0.789637,0.000000
161,0.083274,25.825125,5.000000,0.948369,0.800000,0.146796
161,0.065776,27.919004,5.000000,0.937441,0.800000,0.054281
161,0.058896,23.677332,4.000000,0.936139,0.797142,0.110103
161,0.070616,21.349522,4.000000,1.000000,0.800000,0.029391
161,0.071123,22.586460,4.000000,0.922448,0.800000,0.062102
161,0.083271,22.194307,4.000000,0.874766,0.800000,0.177509
161,0.076564,15.620895,3.000000,1.000000,0.800000,0.079662
161,0.067985,18.563972,3.000000,0.879093,0.773149,0.102776
161,0.075626,15.735863,3.000000,1.000000,0.800000,0.070786
161,0.073542,12.406462,2.000000,0.918091,0.800000,0.077409
161,0.077242,12.528708,2.000000,0.888591,0.610342,0.255496
161,0.089133,11.130672,2.000000,0.901277,0.780217,0.216402
161,0.073058,6.050403,1.000000,1.000000,0.800000,0.047521
161,0.077197,6.578505,1.000000,0.943684,0.800000,0.090463
161,0.079978,6.002125,1.000000,0.958334,0.800000,0.112687
161,0.084583,7.443563,1.000000,0.853981,0.800000,0.200523
161,0.067762,2.555951,0.000000,0.946985,0.800000,0.036878
161,0.074573,2.953158,0.000000,0.878289,0.800000,0.116166
161,0.084282,1.447906,0.000000,0.910123,0.800000,0.168408
161,0.069039,3.633313,0.000000,0.867644,0.773305,0.113494
162,0.073058,35.685143,7.000000,1.000000,0.800000,0.000000
162,0.068982,26.565401,5.000000,0.979286,0.789637,0.047521
162,0.077197,21.234764,4.000000,0.943684,0.800000,0.069889
162,0.058896,23.419264,4.000000,0.936139,0.797142,0.155395
162,0.083274,15.450641,3.000000,0.948369,0.800000,0.114463
162,0.073542,17.096521,3.000000,0.918091,0.800000,0.082052
162,0.067985,18.301277,3.000000,0.879093,0.773149,0.135348
162,0.070616,15.996441,3.000000,1.000000,0.800000,0.024420
162,0.065776,17.629976,3.000000,0.937441,0.800000,0.095999
162,0.076564,10.238050,2.000000,1.000000,0.800000,0.035063
162,0.083271,11.875708,2.000000,0.874766,0.800000,0.161597
162,0.075626,10.357735,2.000000,1.000000,0.800000,0.025676
162,0.071123,12.283843,2.000000,0.922448,0.800000,0.079931
162,0.077242,12.223757,2.000000,0.888591,0.610342,0.265266
162,0.089133,10.768662,2.000000,0.901277,0.780217,0.190257
162,0.084583,12.135139,2.000000,0.853981,0.800000,0.186024
162,0.079978,5.634864,1.000000,0.958334,0.800000,0.080777
163,0.058896,32.806419,5.000000,0.936139,0.797142,0.000000
163,0.089133,31.922874,5.000000,0.901277,0.780217,0.305108
163,0.075626,31.785912,5.000000,1.000000,0.800000,0.179108
163,0.070616,26.998814,4.000000,1.000000,0.800000,0.133518
163,0.073058,21.895025,3.000000,1.000000,0.800000,0.155395
163,0.076564,21.746025,3.000000,1.000000,0.800000,0.187905
163,0.079978,16.878290,2.000000,0.958334,0.800000,0.212018
163,0.074310,16.841812,2.000000,1.000000,0.746375,0.178510
163,0.077242,17.407919,2.000000,0.888591,0.610342,0.300736
163,0.074075,16.851831,2.000000,1.000000,0.800000,0.164713
163,0.072220,17.049623,2.000000,0.980429,0.770056,0.144431
163,0.085925,16.589165,2.000000,0.966440,0.791124,0.272092
163,0.067985,17.767092,2.000000,0.879093,0.773149,0.111419
163,0.067709,17.259617,2.000000,0.975861,0.741055,0.119416
163,0.083274,16.816887,2.000000,0.948369,0.800000,0.244112
163,0.064075,13.108200,1.000000,0.833485,0.729947,0.142392
163,0.066360,12.327894,1.000000,0.973370,0.742392,0.107898
163,0.084583,12.378380,1.000000,0.853981,0.800000,0.269718
163,0.083271,12.291903,1.000000,0.874766,0.800000,0.251383
163,0.073542,12.365507,1.000000,0.918091,0.800000,0.147615
163,0.077197,12.078257,1.000000,0.943684,0.800000,0.183200
163,0.068982,12.188467,1.000000,0.979286,0.789637,0.110103
163,0.071123,7.427941,0.000000,0.922448,0.800000,0.123085
163,0.061846,7.701120,0.000000,0.935206,0.749741,0.066198
163,0.065776,7.543327,0.000000,0.937441,0.800000,0.068911
163,0.069490,7.046689,0.000000,1.000000,0.748656,0.137747
164,0.089133,36.379852,6.000000,0.901277,0.780217,0.000000
164,0.074310,31.284485,5.000000,1.000000,0.746375,0.183048
164,0.068982,26.692314,4.000000,0.979286,0.789637,0.216402
164,0.058896,27.419319,4.000000,0.936139,0.797142,0.305108
164,0.077197,26.562653,4.000000,0.943684,0.800000,0.129061
164,0.072220,26.528969,4.000000,0.980429,0.770056,0.187169
164,0.076564,21.171795,3.000000,1.000000,0.800000,0.161724
164,0.073058,21.347090,3.000000,1.000000,0.800000,0.190257
164,0.083274,21.255159,3.000000,0.948369,0.800000,0.079133
164,0.084583,21.915741,3.000000,0.853981,0.800000,0.070130
164,0.064075,17.774353,2.000000,0.833485,0.729947,0.267081
164,0.073542,16.900597,2.000000,0.918091,0.800000,0.158749
164,0.079978,11.327399,1.000000,0.958334,0.800000,0.110670
164,0.077242,11.950493,1.000000,0.888591,0.610342,0.243698
164,0.074075,11.296272,1.000000,1.000000,0.800000,0.181750
164,0.085925,10.987263,1.000000,0.966440,0.791124,0.073898
164,0.067709,11.776028,1.000000,0.975861,0.741055,0.232071
164,0.066360,11.856346,1.000000,0.973370,0.742392,0.243498
164,0.083271,11.814003,1.000000,0.874766,0.800000,0.068926
164,0.067985,7.373066,0.000000,0.879093,0.773149,0.212827
164,0.070616,6.469197,0.000000,1.000000,0.800000,0.211294
164,0.075626,6.218719,0.000000,1.000000,0.800000,0.169122
165,0.089133,45.112804,8.000000,0.901277,0.780217,0.000000
165,0.076564,39.831928,7.000000,1.000000,0.800000,0.161724
165,0.083274,34.944481,6.000000,0.948369,0.800000,0.079133
165,0.074310,24.984055,4.000000,1.000000,0.746375,0.183048
165,0.072220,25.314108,4.000000,0.980429,0.770056,0.187169
165,0.074075,24.999968,4.000000,1.000000,0.800000,0.181750
165,0.079978,25.041990,4.000000,0.958334,0.800000,0.110670
165,0.068982,20.534624,3.000000,0.979286,0.789637,0.216402
165,0.067709,20.647625,3.000000,0.975861,0.741055,0.232071
165,0.077197,15.359581,2.000000,0.943684,0.800000,0.129061
165,0.073058,15.068583,2.000000,1.000000,0.800000,0.190257
165,0.083271,10.698904,1.000000,0.874766,0.800000,0.068926
165,0.077242,10.883165,1.000000,0.888591,0.610342,0.243698
165,0.073542,10.815805,1.000000,0.918091,0.800000,0.158749
165,0.064075,6.995377,0.000000,0.833485,0.729947,0.267081
165,0.085925,4.582805,0.000000,0.966440,0.791124,0.073898
165,0.084583,5.836243,0.000000,0.853981,0.800000,0.070130
165,0.066360,5.756067,0.000000,0.973370,0.742392,0.243498
165,0.058896,6.516075,0.000000,0.936139,0.797142,0.305108
166,0.067709,40.486450,7.000000,0.975861,0.741055,0.000000
166,0.073542,35.660858,6.000000,0.918091,0.800000,0.110312
166,0.089133,29.931797,5.000000,0.901277,0.780217,0.232071
166,0.072220,30.140556,5.000000,0.980429,0.770056,0.058048
166,0.079978,29.858360,5.000000,0.958334,0.800000,0.144184
166,0.076564,24.640507,4.000000,1.000000,0.800000,0.117699
166,0.073058,24.885923,4.000000,1.000000,0.800000,0.094195
166,0.083271,25.539604,4.000000,0.874766,0.800000,0.199665
166,0.074075,19.814781,3.000000,1.000000,0.800000,0.100317
166,0.074310,14.798279,2.000000,1.000000,0.746375,0.070602
166,0.077197,15.187714,2.000000,0.943684,0.800000,0.124362
166,0.083274,9.757236,1.000000,0.948369,0.800000,0.174387
166,0.068982,10.369240,1.000000,0.979286,0.789637,0.062142
166,0.077242,10.730690,1.000000,0.888591,0.610342,0.208329
167,0.076564,40.597565,7.000000,1.000000,0.800000,0.000000
167,0.068982,31.196161,5.000000,0.979286,0.789637,0.079662
167,0.089133,25.836834,4.000000,0.901277,0.780217,0.161724
167,0.067709,26.292412,4.000000,0.975861,0.741055,0.117699
167,0.077242,26.493067,4.000000,0.888591,0.610342,0.262033
167,0.079978,20.776510,3.000000,0.958334,0.800000,0.053866
167,0.077246,20.558342,3.000000,1.000000,0.800000,0.006821
167,0.083271,21.336103,3.000000,0.874766,0.800000,0.142061
167,0.073542,16.435686,2.000000,0.918091,0.800000,0.087306
167,0.085585,16.017702,2.000000,0.899566,0.789926,0.135586
167,0.076466,15.815598,2.000000,0.975545,0.800000,0.024475
167,0.077197,16.047050,2.000000,0.943684,0.800000,0.056670
167,0.062352,16.414797,2.000000,1.000000,0.681298,0.205465
167,0.089046,11.285566,1.000000,0.851737,0.746481,0.205027
167,0.082380,10.859774,1.000000,0.934906,0.800000,0.087287
167,0.078363,11.453190,1.000000,0.887216,0.792144,0.114632
167,0.083274,10.693444,1.000000,0.948369,0.800000,0.084661
167,0.074310,10.727158,1.000000,1.000000,0.746375,0.070719
167,0.074075,10.740713,1.000000,1.000000,0.800000,0.024898
167,0.072220,11.008314,1.000000,0.980429,0.770056,0.060594
167,0.073058,5.799169,0.000000,1.000000,0.800000,0.035063
167,0.068730,6.110112,0.000000,0.992115,0.756853,0.095442
168,0.089133,36.560863,6.000000,0.901277,0.780217,0.000000
168,0.076564,36.363205,6.000000,1.000000,0.800000,0.161724
168,0.077242,32.102982,5.000000,0.888591,0.610342,0.243698
168,0.089046,31.931570,5.000000,0.851737,0.746481,0.065063
168,0.067709,26.937214,4.000000,0.975861,0.741055,0.232071
168,0.077246,26.330807,4.000000,1.000000,0.800000,0.156481
168,0.074075,21.481459,3.000000,1.000000,0.800000,0.181750
168,0.082380,21.579813,3.000000,0.934906,0.800000,0.079392
168,0.076466,16.543320,2.000000,0.975545,0.800000,0.148899
168,0.072220,16.702520,2.000000,0.980429,0.770056,0.187169
168,0.078363,17.070026,2.000000,0.887216,0.792144,0.109627
168,0.085585,16.710276,2.000000,0.899566,0.789926,0.037532
168,0.083271,16.973303,2.000000,0.874766,0.800000,0.068926
168,0.077197,11.734520,1.000000,0.943684,0.800000,0.129061
168,0.062352,12.038299,1.000000,1.000000,0.681298,0.311061
168,0.079978,11.511030,1.000000,0.958334,0.800000,0.110670
168,0.068982,11.857698,1.000000,0.979286,0.789637,0.216402
168,0.073542,7.055567,0.000000,0.918091,0.800000,0.158749
168,0.083274,6.442406,0.000000,0.948369,0.800000,0.079133
168,0.074310,6.470261,0.000000,1.000000,0.746375,0.183048
169,0.077246,37.275387,7.000000,1.000000,0.800000,0.000000
169,0.074075,32.592575,6.000000,1.000000,0.800000,0.031719
169,0.077242,28.900995,5.000000,0.888591,0.610342,0.261945
169,0.076466,27.722778,5.000000,0.975545,0.800000,0.025669
169,0.076564,22.343590,4.000000,1.000000,0.800000,0.006821
169,0.083271,23.628006,4.000000,0.874766,0.800000,0.138971
169,0.067709,23.552019,4.000000,0.975861,0.741055,0.122914
169,0.082380,17.799606,3.000000,0.934906,0.800000,0.082899
169,0.077197,18.125305,3.000000,0.943684,0.800000,0.056318
169,0.089133,12.759737,2.000000,0.901277,0.780217,0.156481
169,0.068982,13.384628,2.000000,0.979286,0.789637,0.086180
169,0.089046,8.540115,1.000000,0.851737,0.746481,0.200948
169,0.072220,8.057938,1.000000,0.980429,0.770056,0.065658
169,0.078363,8.831635,1.000000,0.887216,0.792144,0.113761
169,0.085585,8.074265,1.000000,0.899566,0.789926,0.131147
169,0.079978,7.654799,1.000000,0.958334,0.800000,0.049823
169,0.062352,3.764840,0.000000,1.000000,0.681298,0.210241
170,0.077242,56.645569,10.000000,0.888591,0.610342,0.000000
170,0.083271,36.495384,6.000000,0.874766,0.800000,0.245007
170,0.079978,35.960136,6.000000,0.958334,0.800000,0.248628
170,0.068982,31.361538,5.000000,0.979286,0.789637,0.255496
170,0.076466,25.997528,4.000000,0.975545,0.800000,0.252635
170,0.082380,21.039783,3.000000,0.934906,0.800000,0.246956
170,0.077197,21.218918,3.000000,0.943684,0.800000,0.243390
170,0.085585,21.190845,3.000000,0.899566,0.789926,0.239733
170,0.077246,15.751444,2.000000,1.000000,0.800000,0.261945
170,0.074075,15.925900,2.000000,1.000000,0.800000,0.263853
170,0.076564,15.788969,2.000000,1.000000,0.800000,0.262033
170,0.067709,16.453623,2.000000,0.975861,0.741055,0.208329
170,0.089046,11.447063,1.000000,0.851737,0.746481,0.210356
170,0.072220,11.181866,1.000000,0.980429,0.770056,0.225419
170,0.089133,6.017859,0.000000,0.901277,0.780217,0.243698
170,0.078363,6.607394,0.000000,0.887216,0.792144,0.227532
171,0.076466,40.903473,8.000000,0.975545,0.800000,0.000000
171,0.076564,30.429493,6.000000,1.000000,0.800000,0.024475
171,0.083271,27.035007,5.000000,0.874766,0.800000,0.121599
171,0.079978,20.818501,4.000000,0.958334,0.800000,0.039108
171,0.074075,20.740681,4.000000,1.000000,0.800000,0.034208
171,0.089046,21.925144,4.000000,0.851737,0.746481,0.188754
171,0.077242,17.376232,3.000000,0.888591,0.610342,0.252635
171,0.082380,15.999508,3.000000,0.934906,0.800000,0.071750
171,0.085585,16.342831,3.000000,0.899566,0.789926,0.119361
171,0.077246,15.344227,3.000000,1.000000,0.800000,0.025669
171,0.072220,16.322422,3.000000,0.980429,0.770056,0.056819
171,0.068982,11.730785,2.000000,0.979286,0.789637,0.076049
171,0.077197,11.406631,2.000000,0.943684,0.800000,0.032687
171,0.067709,1.940051,0.000000,0.975861,0.741055,0.114447
172,0.072220,38.752193,7.000000,0.980429,0.770056,0.000000
172,0.068982,39.046139,7.000000,0.979286,0.789637,0.040603
172,0.076466,33.450500,6.000000,0.975545,0.800000,0.056819
172,0.085585,33.766876,6.000000,0.899566,0.789926,0.158178
172,0.082380,28.519646,5.000000,0.934906,0.800000,0.117456
172,0.089046,24.186104,4.000000,0.851737,0.746481,0.213874
172,0.083271,19.265205,3.000000,0.874766,0.800000,0.157412
172,0.079978,18.389320,3.000000,0.958334,0.800000,0.088931
172,0.077242,19.510887,3.000000,0.888591,0.610342,0.225419
172,0.074075,13.333290,2.000000,1.000000,0.800000,0.046131
172,0.077197,13.812782,2.000000,0.943684,0.800000,0.072308
172,0.076564,8.109203,1.000000,1.000000,0.800000,0.060594
172,0.077246,8.047817,1.000000,1.000000,0.800000,0.065658
173,0.079978,40.592838,7.000000,0.958334,0.800000,0.000000
173,0.071250,35.846195,6.000000,0.985723,0.795094,0.091682
173,0.077246,35.365234,6.000000,1.000000,0.800000,0.049823
173,0.076466,25.633667,4.000000,0.975545,0.800000,0.039108
173,0.082380,25.679764,4.000000,0.934906,0.800000,0.033550
173,0.076564,25.406147,4.000000,1.000000,0.800000,0.053866
173,0.068982,21.030777,3.000000,0.979286,0.789637,0.112687
173,0.074075,20.555527,3.000000,1.000000,0.800000,0.072259
173,0.083271,16.176804,2.000000,0.874766,0.800000,0.089821
173,0.077197,15.875185,2.000000,0.943684,0.800000,0.031435
173,0.089046,16.124069,2.000000,0.851737,0.746481,0.155115
173,0.073534,15.587956,2.000000,1.000000,0.800000,0.076738
173,0.081775,15.524451,2.000000,0.955073,0.743745,0.072652
173,0.088654,16.259201,2.000000,0.838606,0.800000,0.147857
173,0.077242,11.340591,1.000000,0.888591,0.610342,0.248628
173,0.085585,5.844559,0.000000,0.899566,0.789926,0.082197
173,0.072220,5.834769,0.000000,0.980429,0.770056,0.088931
173,0.070835,6.348241,0.000000,0.926941,0.769941,0.103718
173,0.090845,5.230125,0.000000,0.935466,0.800000,0.111045
174,0.079978,50.409222,9.000000,0.958334,0.800000,0.000000
174,0.082380,35.499783,6.000000,0.934906,0.800000,0.033550
174,0.077242,36.188141,6.000000,0.888591,0.610342,0.248628
174,0.076466,25.451736,4.000000,0.975545,0.800000,0.039108
174,0.068982,25.865393,4.000000,0.979286,0.789637,0.112687
174,0.073534,25.404104,4.000000,1.000000,0.800000,0.076738
174,0.071250,20.673119,3.000000,0.985723,0.795094,0.091682
174,0.077246,20.172113,3.000000,1.000000,0.800000,0.049823
174,0.083271,21.017504,3.000000,0.874766,0.800000,0.089821
174,0.076564,15.214730,2.000000,1.000000,0.800000,0.053866
174,0.077197,15.703316,2.000000,0.943684,0.800000,0.031435
174,0.088654,16.103334,2.000000,0.838606,0.800000,0.147857
174,0.074075,10.370340,1.000000,1.000000,0.800000,0.072259
174,0.081775,10.337987,1.000000,0.955073,0.743745,0.072652
174,0.089046,5.962572,0.000000,0.851737,0.746481,0.155115
175,0.082380,40.319756,7.000000,0.934906,0.800000,0.000000
175,0.077246,39.979004,7.000000,1.000000,0.800000,0.082899
175,0.077197,35.531448,6.000000,0.943684,0.800000,0.052566
175,0.071250,30.500051,5.000000,0.985723,0.795094,0.122501
175,0.083271,30.858192,5.000000,0.874766,0.800000,0.060797
175,0.076466,25.269806,4.000000,0.975545,0.800000,0.071750
175,0.073534,25.220266,4.000000,1.000000,0.800000,0.109825
175,0.081775,25.151493,4.000000,0.955073,0.743745,0.073403
175,0.068982,20.700008,3.000000,0.979286,0.789637,0.141729
175,0.079978,15.225620,2.000000,0.958334,0.800000,0.033550
175,0.077242,11.035645,1.000000,0.888591,0.610342,0.246956
175,0.076564,10.023314,1.000000,1.000000,0.800000,0.087287
175,0.088654,10.947468,1.000000,0.838606,0.800000,0.114937
175,0.074075,5.185154,0.000000,1.000000,0.800000,0.105521
176,0.077197,32.094101,6.000000,0.943684,0.800000,0.000000
176,0.071250,32.038506,6.000000,0.985723,0.795094,0.073083
176,0.068982,32.392254,6.000000,0.979286,0.789637,0.090463
176,0.083271,27.672203,5.000000,0.874766,0.800000,0.091864
176,0.073534,26.543560,5.000000,1.000000,0.800000,0.067179
176,0.081775,26.421852,5.000000,0.955073,0.743745,0.084680
176,0.077246,21.116695,4.000000,1.000000,0.800000,0.056318
176,0.076466,16.631195,3.000000,0.975545,0.800000,0.032687
176,0.077242,17.986134,3.000000,0.888591,0.610342,0.243390
176,0.076564,16.195107,3.000000,1.000000,0.800000,0.056670
176,0.079978,11.553020,2.000000,0.958334,0.800000,0.031435
176,0.082380,6.719551,1.000000,0.934906,0.800000,0.052566
176,0.088654,7.830135,1.000000,0.838606,0.800000,0.155461
177,0.077987,30.921661,5.000000,0.975101,0.800000,0.000000
177,0.071250,26.192350,4.000000,0.985723,0.795094,0.068476
177,0.073534,25.955618,4.000000,1.000000,0.800000,0.051017
177,0.077246,25.751461,4.000000,1.000000,0.800000,0.025977
177,0.076466,25.997528,4.000000,0.975545,0.800000,0.015212
177,0.076986,26.239605,4.000000,0.942384,0.767641,0.052977
177,0.077197,21.218918,3.000000,0.943684,0.800000,0.032396
177,0.081775,20.897415,3.000000,0.955073,0.743745,0.082347
177,0.076564,20.788971,3.000000,1.000000,0.800000,0.028676
177,0.065634,21.934490,3.000000,0.921521,0.800000,0.134649
177,0.082380,21.039783,3.000000,0.934906,0.800000,0.059542
177,0.078542,15.822623,2.000000,0.983377,0.769551,0.039344
177,0.079326,16.267635,2.000000,0.924918,0.755269,0.076315
177,0.083215,16.879431,2.000000,0.825727,0.800000,0.158258
177,0.083271,16.495403,2.000000,0.874766,0.800000,0.113398
177,0.079978,10.960140,1.000000,0.958334,0.800000,0.026031
177,0.068982,11.361546,1.000000,0.979286,0.789637,0.091073
177,0.088654,6.570934,0.000000,0.838606,0.800000,0.173232
177,0.077242,6.645546,0.000000,0.888591,0.610342,0.252473
177,0.071469,6.069178,0.000000,1.000000,0.782431,0.073144
178,0.083271,31.495403,5.000000,0.874766,0.800000,0.000000
178,0.073534,30.955614,5.000000,1.000000,0.800000,0.158632
178,0.076466,30.997528,5.000000,0.975545,0.800000,0.121599
178,0.076986,31.239618,5.000000,0.942384,0.767641,0.100785
178,0.077197,31.218918,5.000000,0.943684,0.800000,0.091864
178,0.078542,25.822624,4.000000,0.983377,0.769551,0.124423
178,0.076564,25.788979,4.000000,1.000000,0.800000,0.142061
178,0.071250,21.192350,3.000000,0.985723,0.795094,0.163703
178,0.079326,21.267635,3.000000,0.924918,0.755269,0.084840
178,0.077246,20.751451,3.000000,1.000000,0.800000,0.138971
178,0.077987,20.921661,3.000000,0.975101,0.800000,0.113398
178,0.081775,15.897426,2.000000,0.955073,0.743745,0.107785
178,0.082380,11.039783,1.000000,0.934906,0.800000,0.060797
178,0.079978,10.960140,1.000000,0.958334,0.800000,0.089821
178,0.068982,11.361546,1.000000,0.979286,0.789637,0.177509
178,0.065634,6.934490,0.000000,0.921521,0.800000,0.182460
178,0.083215,6.879419,0.000000,0.825727,0.800000,0.049042
179,0.073534,35.256760,7.000000,1.000000,0.800000,0.000000
179,0.076986,30.940916,6.000000,0.942384,0.767641,0.078407
179,0.071250,30.826979,6.000000,0.985723,0.795094,0.027624
179,0.077987,30.174911,6.000000,0.975101,0.800000,0.051017
179,0.077246,24.764889,5.000000,1.000000,0.800000,0.037124
179,0.079978,25.267611,5.000000,0.958334,0.800000,0.076738
179,0.078542,14.936331,3.000000,0.983377,0.769551,0.065061
179,0.076564,14.855257,3.000000,1.000000,0.800000,0.030302
179,0.076466,10.357681,2.000000,0.975545,0.800000,0.038183
179,0.077197,10.891029,2.000000,0.943684,0.800000,0.067179
179,0.079326,11.008394,2.000000,0.924918,0.755269,0.110082
179,0.081775,10.116524,2.000000,0.955073,0.743745,0.117281
179,0.083271,6.557103,1.000000,0.874766,0.800000,0.158632
179,0.082380,0.459494,0.000000,0.934906,0.800000,0.109825
179,0.068982,1.234629,0.000000,0.979286,0.789637,0.051663
180,0.076466,44.905945,8.000000,0.975545,0.800000,0.000000
180,0.079326,45.249748,8.000000,0.924918,0.755269,0.080666
180,0.076564,34.640514,6.000000,1.000000,0.800000,0.024475
180,0.078542,29.683346,5.000000,0.983377,0.769551,0.044055
180,0.076986,25.214043,4.000000,0.942384,0.767641,0.052562
180,0.071250,25.153902,4.000000,0.985723,0.795094,0.053499
180,0.073534,19.852600,3.000000,1.000000,0.800000,0.038183
180,0.077987,19.809387,3.000000,0.975101,0.800000,0.015212
180,0.077246,19.592766,3.000000,1.000000,0.800000,0.025669
180,0.079978,19.858360,3.000000,0.958334,0.800000,0.039108
180,0.077197,15.187714,2.000000,0.943684,0.800000,0.032687
180,0.081775,9.778545,1.000000,0.955073,0.743745,0.090455
180,0.083271,5.539597,0.000000,0.874766,0.800000,0.121599
181,0.076986,56.282799,11.000000,0.942384,0.767641,0.000000
181,0.076466,35.721542,7.000000,0.975545,0.800000,0.052562
181,0.076564,30.238079,6.000000,1.000000,0.800000,0.070523
181,0.071250,31.173143,6.000000,0.985723,0.795094,0.079664
181,0.079326,21.347700,4.000000,0.924918,0.755269,0.033037
181,0.073534,15.624375,3.000000,1.000000,0.800000,0.078407
181,0.077987,15.545670,3.000000,0.975101,0.800000,0.052977
181,0.077246,15.151114,3.000000,1.000000,0.800000,0.070445
181,0.079978,15.634871,3.000000,0.958334,0.800000,0.052778
181,0.077197,11.234764,2.000000,0.943684,0.800000,0.040524
181,0.081775,10.489483,2.000000,0.955073,0.743745,0.057848
181,0.078542,0.316052,0.000000,0.983377,0.769551,0.043910
182,0.076564,43.109234,8.000000,1.000000,0.800000,0.000000
182,0.076986,33.846661,6.000000,0.942384,0.767641,0.070523
182,0.079978,33.389320,6.000000,0.958334,0.800000,0.053866
182,0.076466,28.450500,5.000000,0.975545,0.800000,0.024475
182,0.079326,28.892496,5.000000,0.924918,0.755269,0.097602
182,0.077987,28.326355,5.000000,0.975101,0.800000,0.028676
182,0.081775,28.286671,5.000000,0.955073,0.743745,0.098380
182,0.071250,23.769302,4.000000,0.985723,0.795094,0.055367
182,0.073534,18.381918,3.000000,1.000000,0.800000,0.030302
182,0.077197,13.812775,2.000000,0.943684,0.800000,0.056670
182,0.077246,8.047817,1.000000,1.000000,0.800000,0.006821
183,0.076564,30.812313,6.000000,1.000000,0.800000,0.000000
183,0.085242,30.284241,6.000000,0.974588,0.706286,0.147982
183,0.079978,26.185753,5.000000,0.958334,0.800000,0.053866
183,0.077246,25.730463,5.000000,1.000000,0.800000,0.006821
183,0.077987,21.101807,4.000000,0.975101,0.800000,0.028676
183,0.076466,16.267334,3.000000,0.975545,0.800000,0.024475
183,0.081775,16.048903,3.000000,0.955073,0.743745,0.098380
183,0.071250,16.692411,3.000000,0.985723,0.795094,0.055367
183,0.080607,16.026464,3.000000,0.963172,0.783320,0.058528
183,0.076986,11.795502,2.000000,0.942384,0.767641,0.070523
183,0.085942,9.686951,2.000000,1.000000,0.761737,0.105272
183,0.076909,11.241000,2.000000,0.974201,0.800000,0.026028
183,0.071091,11.543549,2.000000,0.995629,0.782209,0.059243
183,0.079326,11.856659,2.000000,0.924918,0.755269,0.097602
183,0.077197,6.750370,1.000000,0.943684,0.800000,0.056670
183,0.073534,6.175919,1.000000,1.000000,0.800000,0.030302
183,0.076762,0.918239,0.000000,0.992935,0.800000,0.007337
183,0.076791,0.809771,0.000000,0.998656,0.800000,0.002639
184,0.077987,35.921661,6.000000,0.975101,0.800000,0.000000
184,0.080607,35.887142,6.000000,0.963172,0.783320,0.035547
184,0.076564,30.788965,5.000000,1.000000,0.800000,0.028676
184,0.077197,31.218918,5.000000,0.943684,0.800000,0.032396
184,0.081775,25.897411,4.000000,0.955073,0.743745,0.082347
184,0.071250,26.192354,4.000000,0.985723,0.795094,0.068476
184,0.076986,26.239605,4.000000,0.942384,0.767641,0.052977
184,0.085942,20.273186,3.000000,1.000000,0.761737,0.096105
184,0.085242,15.546942,2.000000,0.974588,0.706286,0.137791
184,0.079978,15.960140,2.000000,0.958334,0.800000,0.026031
184,0.077246,15.751448,2.000000,1.000000,0.800000,0.025977
184,0.076466,15.997528,2.000000,0.975545,0.800000,0.015212
184,0.076909,15.985459,2.000000,0.974201,0.800000,0.010819
184,0.079326,16.267635,2.000000,0.924918,0.755269,0.076315
184,0.073534,10.955629,1.000000,1.000000,0.800000,0.051017
184,0.071091,6.124121,0.000000,0.995629,0.782209,0.075312
185,0.076909,45.802963,8.000000,0.974201,0.800000,0.000000
185,0.077987,35.736282,6.000000,0.975101,0.800000,0.010819
185,0.076564,30.597565,5.000000,1.000000,0.800000,0.026028
185,0.085942,30.058331,5.000000,1.000000,0.761737,0.105421
185,0.079978,30.776495,5.000000,0.958334,0.800000,0.034552
185,0.081775,25.710930,4.000000,0.955073,0.743745,0.087629
185,0.085242,25.344532,4.000000,0.974588,0.706286,0.143760
185,0.077197,21.047050,3.000000,0.943684,0.800000,0.030653
185,0.076466,20.815598,3.000000,0.975545,0.800000,0.004623
185,0.073534,20.771776,3.000000,1.000000,0.800000,0.042479
185,0.080607,15.700200,2.000000,0.963172,0.783320,0.043866
185,0.071250,16.019278,2.000000,0.985723,0.795094,0.058072
185,0.076986,6.068678,0.000000,0.942384,0.767641,0.051469
185,0.077246,5.558328,0.000000,1.000000,0.800000,0.026019
185,0.079326,6.097982,0.000000,0.924918,0.755269,0.078354
186,0.076564,40.214745,7.000000,1.000000,0.800000,0.000000
186,0.073534,35.404129,6.000000,1.000000,0.800000,0.030302
186,0.076909,30.438011,5.000000,0.974201,0.800000,0.026028
186,0.079978,30.409250,5.000000,0.958334,0.800000,0.053866
186,0.080607,30.326288,5.000000,0.963172,0.783320,0.058528
186,0.077987,25.365524,4.000000,0.975101,0.800000,0.028676
186,0.076466,25.451736,4.000000,0.975545,0.800000,0.024475
186,0.071250,25.673126,4.000000,0.985723,0.795094,0.055367
186,0.081775,20.337967,3.000000,0.955073,0.743745,0.098380
186,0.085242,19.939709,3.000000,0.974588,0.706286,0.147982
186,0.085942,14.628616,2.000000,1.000000,0.761737,0.105272
186,0.077197,15.703316,2.000000,0.943684,0.800000,0.056670
187,0.081775,30.489449,6.000000,0.955073,0.743745,0.000000
187,0.073534,25.624371,5.000000,1.000000,0.800000,0.117281
187,0.069920,26.216087,5.000000,0.992630,0.796989,0.141047
187,0.085942,24.042385,5.000000,1.000000,0.761737,0.065274
187,0.085242,24.677006,5.000000,0.974588,0.706286,0.061443
187,0.071250,26.173183,5.000000,0.985723,0.795094,0.127031
187,0.076466,20.721542,4.000000,0.975545,0.800000,0.090455
187,0.071705,16.490597,3.000000,0.964761,0.800000,0.123206
187,0.077987,10.545670,2.000000,0.975101,0.800000,0.082347
187,0.079978,10.634871,2.000000,0.958334,0.800000,0.072652
187,0.077197,11.234764,2.000000,0.943684,0.800000,0.084680
187,0.076564,10.238048,2.000000,1.000000,0.800000,0.098380
187,0.080607,5.465661,1.000000,0.963172,0.783320,0.051471
187,0.076909,5.693576,1.000000,0.974201,0.800000,0.087629
187,0.072245,6.778384,1.000000,0.944756,0.800000,0.118885
187,0.084300,4.283246,1.000000,0.998531,0.798324,0.084740
187,0.074490,0.900719,0.000000,0.978815,0.764752,0.081001
188,0.079978,41.143768,7.000000,0.958334,0.800000,0.000000
188,0.073534,31.139450,5.000000,1.000000,0.800000,0.076738
188,0.076466,31.179459,5.000000,0.975545,0.800000,0.039108
188,0.077987,31.107040,5.000000,0.975101,0.800000,0.026031
188,0.085942,25.488041,4.000000,1.000000,0.761737,0.087068
188,0.085242,25.749355,4.000000,0.974588,0.706286,0.129451
188,0.072245,26.614613,4.000000,0.944756,0.800000,0.078514
188,0.081775,21.083895,3.000000,0.955073,0.743745,0.072652
188,0.077197,21.390785,3.000000,0.943684,0.800000,0.031435
188,0.076909,21.167934,3.000000,0.974201,0.800000,0.034552
188,0.071250,16.365417,2.000000,0.985723,0.795094,0.091682
188,0.071705,16.496128,2.000000,0.964761,0.800000,0.082982
188,0.069920,11.383095,1.000000,0.992630,0.796989,0.106332
188,0.076564,10.980369,1.000000,1.000000,0.800000,0.053866
188,0.080607,11.074096,1.000000,0.963172,0.783320,0.022309
188,0.084300,5.587221,0.000000,0.998531,0.798324,0.059063
189,0.072245,34.680103,6.000000,0.944756,0.800000,0.000000
189,0.069920,34.316292,6.000000,0.992630,0.796989,0.053353
189,0.079978,28.940210,5.000000,0.958334,0.800000,0.078514
189,0.076909,28.978176,5.000000,0.974201,0.800000,0.055155
189,0.073534,23.933418,4.000000,1.000000,0.800000,0.056728
189,0.071250,24.288528,4.000000,0.985723,0.795094,0.042601
189,0.071705,24.493916,4.000000,0.964761,0.800000,0.020721
189,0.076564,23.683460,4.000000,1.000000,0.800000,0.070125
189,0.085942,17.909779,3.000000,1.000000,0.761737,0.155245
189,0.076466,13.996292,2.000000,0.975545,0.800000,0.052250
189,0.081775,13.846138,2.000000,0.955073,0.743745,0.118885
189,0.080607,13.830708,2.000000,0.963172,0.783320,0.088128
189,0.077987,8.882492,1.000000,0.975101,0.800000,0.064945
189,0.085242,8.320415,1.000000,0.974588,0.706286,0.177496
189,0.077197,9.328377,1.000000,0.943684,0.800000,0.049530
190,0.072245,36.614616,6.000000,0.944756,0.800000,0.000000
190,0.080607,36.074104,6.000000,0.963172,0.783320,0.088128
190,0.081775,31.083893,5.000000,0.955073,0.743745,0.118885
190,0.079978,26.143770,4.000000,0.958334,0.800000,0.078514
190,0.071705,26.496128,4.000000,0.964761,0.800000,0.020721
190,0.073534,21.139454,3.000000,1.000000,0.800000,0.056728
190,0.077197,21.390785,3.000000,0.943684,0.800000,0.049530
190,0.069920,16.383095,2.000000,0.992630,0.796989,0.053353
190,0.065538,17.165432,2.000000,0.907652,0.800000,0.076652
190,0.068232,16.417822,2.000000,1.000000,0.800000,0.068281
190,0.085242,15.749355,2.000000,0.974588,0.706286,0.177496
190,0.076564,15.980384,2.000000,1.000000,0.800000,0.070125
190,0.071250,16.365423,2.000000,0.985723,0.795094,0.042601
190,0.076466,11.179459,1.000000,0.975545,0.800000,0.052250
190,0.077987,11.107040,1.000000,0.975101,0.800000,0.064945
190,0.085942,10.488040,1.000000,1.000000,0.761737,0.155245
190,0.068567,11.650938,1.000000,0.964547,0.748308,0.076937
190,0.074647,11.351171,1.000000,0.964917,0.800000,0.031362
190,0.074172,11.318707,1.000000,0.972297,0.756850,0.063556
190,0.076909,11.167943,1.000000,0.974201,0.800000,0.055155
190,0.070029,7.099149,0.000000,0.888266,0.800000,0.060680
190,0.067479,6.457355,0.000000,1.000000,0.800000,0.072961
190,0.076502,5.983673,0.000000,1.000000,0.800000,0.069741
191,0.068232,31.247236,5.000000,1.000000,0.800000,0.000000
191,0.077197,26.218918,4.000000,0.943684,0.800000,0.105869
191,0.080607,20.887135,3.000000,0.963172,0.783320,0.130788
191,0.074172,21.143423,3.000000,0.972297,0.756850,0.084886
191,0.077987,20.921661,3.000000,0.975101,0.800000,0.100677
191,0.071250,21.192348,3.000000,0.985723,0.795094,0.033946
191,0.076564,20.788979,3.000000,1.000000,0.800000,0.083323
191,0.085242,20.546944,3.000000,0.974588,0.706286,0.208093
191,0.065538,22.030453,3.000000,0.907652,0.800000,0.096199
191,0.069920,21.210861,3.000000,0.992630,0.796989,0.018801
191,0.079978,20.960140,3.000000,0.958334,0.800000,0.124632
191,0.073534,15.955625,2.000000,1.000000,0.800000,0.053021
191,0.071705,16.329279,2.000000,0.964761,0.800000,0.049476
191,0.076466,15.997528,2.000000,0.975545,0.800000,0.085899
191,0.074647,16.177418,2.000000,0.964917,0.800000,0.073118
191,0.076909,15.985444,2.000000,0.974201,0.800000,0.090522
191,0.081775,10.897429,1.000000,0.955073,0.743745,0.159075
191,0.085942,10.273186,1.000000,1.000000,0.761737,0.183447
191,0.068567,11.491459,1.000000,0.964547,0.748308,0.073778
191,0.072245,11.453421,1.000000,0.944756,0.800000,0.068281
192,0.077578,36.121075,6.000000,1.000000,0.754453,0.000000
192,0.076564,31.171795,5.000000,1.000000,0.800000,0.057829
192,0.077197,26.562653,4.000000,0.943684,0.800000,0.080171
192,0.068232,26.588402,4.000000,1.000000,0.800000,0.109437
192,0.071250,21.538500,3.000000,0.985723,0.795094,0.082395
192,0.080607,21.261032,3.000000,0.963172,0.783320,0.059798
192,0.076909,21.350407,3.000000,0.974201,0.800000,0.062863
192,0.085242,15.951767,2.000000,0.974588,0.706286,0.100720
192,0.065538,17.300409,2.000000,0.907652,0.800000,0.162071
192,0.074327,16.708260,2.000000,0.941143,0.800000,0.088106
192,0.074684,16.438446,2.000000,0.976609,0.791691,0.059594
192,0.076466,16.361389,2.000000,0.975545,0.800000,0.062953
192,0.061537,16.923141,2.000000,1.000000,0.800000,0.170213
192,0.077987,11.292419,1.000000,0.975101,0.800000,0.062274
192,0.076122,11.334515,1.000000,0.981353,0.748825,0.024682
192,0.074928,11.287785,1.000000,0.995428,0.751156,0.027210
192,0.086809,11.258831,1.000000,0.928402,0.754344,0.116823
192,0.079658,11.556797,1.000000,0.929784,0.800000,0.092758
192,0.072245,11.775837,1.000000,0.944756,0.800000,0.095591
192,0.081775,11.270390,1.000000,0.955073,0.743745,0.062921
192,0.074647,11.524925,1.000000,0.964917,0.800000,0.073016
192,0.079978,11.327400,1.000000,0.958334,0.800000,0.074521
192,0.069920,11.555328,1.000000,0.992630,0.796989,0.093519
192,0.068567,6.810421,0.000000,0.964547,0.748308,0.097138
192,0.085942,5.702891,0.000000,1.000000,0.761737,0.084134
192,0.071705,6.662983,0.000000,0.964761,0.800000,0.089066
192,0.081385,5.930748,0.000000,1.000000,0.785548,0.054406
192,0.073534,6.323299,0.000000,1.000000,0.800000,0.069835
192,0.084401,5.779953,0.000000,1.000000,0.654257,0.142624
192,0.062551,7.225778,0.000000,0.941823,0.800000,0.170904
192,0.074172,6.494011,0.000000,0.972297,0.756850,0.044004
193,0.080607,36.074081,6.000000,0.963172,0.783320,0.000000
193,0.065538,37.165436,6.000000,0.907652,0.800000,0.161945
193,0.077578,30.927151,5.000000,1.000000,0.754453,0.059798
193,0.076564,25.980375,4.000000,1.000000,0.800000,0.058528
193,0.077197,21.390785,3.000000,0.943684,0.800000,0.044470
193,0.079978,21.143770,3.000000,0.958334,0.800000,0.022309
193,0.074647,21.351171,3.000000,0.964917,0.800000,0.063166
193,0.081775,21.083893,3.000000,0.955073,0.743745,0.051471
193,0.074684,21.260368,3.000000,0.976609,0.791691,0.061632
193,0.076466,16.179459,2.000000,0.975545,0.800000,0.047983
193,0.086809,16.071760,2.000000,0.928402,0.754344,0.079796
193,0.076122,16.151239,2.000000,0.981353,0.748825,0.064816
193,0.085242,15.749355,2.000000,0.974588,0.706286,0.107475
193,0.076909,16.167929,2.000000,0.974201,0.800000,0.043866
193,0.074327,11.543673,1.000000,0.941143,0.800000,0.069744
193,0.079658,11.384637,1.000000,0.929784,0.800000,0.040491
193,0.068232,11.417822,1.000000,1.000000,0.800000,0.130788
193,0.069920,11.383095,1.000000,0.992630,0.796989,0.112164
193,0.061537,6.769295,0.000000,1.000000,0.800000,0.195338
193,0.077987,6.107035,0.000000,0.975101,0.800000,0.035547
193,0.074928,6.102179,0.000000,0.995428,0.751156,0.076698
193,0.072245,6.614629,0.000000,0.944756,0.800000,0.088128
193,0.071250,6.365416,0.000000,0.985723,0.795094,0.097368
194,0.076564,30.788975,5.000000,1.000000,0.800000,0.000000
194,0.076122,30.967953,5.000000,0.981353,0.748825,0.066777
194,0.076466,25.997528,4.000000,0.975545,0.800000,0.024475
194,0.069920,26.210861,4.000000,0.992630,0.796989,0.066954
194,0.085242,25.546944,4.000000,0.974588,0.706286,0.147982
194,0.077578,25.733202,4.000000,1.000000,0.754453,0.057829
194,0.074647,21.177418,3.000000,0.964917,0.800000,0.039979
194,0.081775,20.897411,3.000000,0.955073,0.743745,0.098380
194,0.076909,20.985443,3.000000,0.974201,0.800000,0.026028
194,0.074327,21.379086,3.000000,0.941143,0.800000,0.062967
194,0.074684,16.082291,2.000000,0.976609,0.791691,0.031758
194,0.086809,15.884711,2.000000,0.928402,0.754344,0.137402
194,0.077197,16.218918,2.000000,0.943684,0.800000,0.056670
194,0.079658,16.212463,2.000000,0.929784,0.800000,0.076728
194,0.065538,17.030445,2.000000,0.907652,0.800000,0.143829
194,0.079978,10.960140,1.000000,0.958334,0.800000,0.053866
194,0.080607,10.887148,1.000000,0.963172,0.783320,0.058528
194,0.068232,6.247242,0.000000,1.000000,0.800000,0.083323
195,0.076564,35.046677,7.000000,1.000000,0.800000,0.000000
195,0.076909,25.511051,5.000000,0.974201,0.800000,0.026028
195,0.076466,20.539612,4.000000,0.975545,0.800000,0.024475
195,0.069920,21.043854,4.000000,0.992630,0.796989,0.066954
195,0.077197,21.062897,4.000000,0.943684,0.800000,0.056670
195,0.081775,20.302967,4.000000,0.955073,0.743745,0.098380
195,0.086809,20.272913,4.000000,0.928402,0.754344,0.137402
195,0.065538,17.981075,3.000000,0.907652,0.800000,0.143829
195,0.074647,15.964806,3.000000,0.964917,0.800000,0.039979
195,0.074684,15.739960,3.000000,0.976609,0.791691,0.031758
195,0.076122,10.469724,2.000000,0.981353,0.748825,0.066777
195,0.074327,11.441475,2.000000,0.941143,0.800000,0.062967
195,0.077578,9.914820,2.000000,1.000000,0.754453,0.057829
195,0.085242,9.474594,2.000000,0.974588,0.706286,0.147982
195,0.079658,6.047672,1.000000,0.929784,0.800000,0.076728
195,0.079978,0.451222,0.000000,0.958334,0.800000,0.053866
195,0.080607,0.278708,0.000000,0.963172,0.783320,0.058528
196,0.076564,40.023335,7.000000,1.000000,0.800000,0.000000
196,0.076909,40.255527,7.000000,0.974201,0.800000,0.026028
196,0.069920,30.521927,5.000000,0.992630,0.796989,0.066954
196,0.074647,30.482403,5.000000,0.964917,0.800000,0.039979
196,0.076122,30.234852,5.000000,0.981353,0.748825,0.066777
196,0.086809,25.136459,4.000000,0.928402,0.754344,0.137402
196,0.076466,20.269806,3.000000,0.975545,0.800000,0.024475
196,0.077197,20.531448,3.000000,0.943684,0.800000,0.056670
196,0.081775,20.151505,3.000000,0.955073,0.743745,0.098380
196,0.065538,16.490538,2.000000,0.907652,0.800000,0.143829
196,0.074684,15.369984,2.000000,0.976609,0.791691,0.031758
196,0.077578,14.957415,2.000000,1.000000,0.754453,0.057829
196,0.074327,10.720737,1.000000,0.941143,0.800000,0.062967
196,0.079658,10.523836,1.000000,0.929784,0.800000,0.076728
196,0.085242,4.737289,0.000000,0.974588,0.706286,0.147982
197,0.077578,35.733204,6.000000,1.000000,0.754453,0.000000
197,0.076564,30.788973,5.000000,1.000000,0.800000,0.057829
197,0.069920,31.210861,5.000000,0.992630,0.796989,0.093519
197,0.081775,30.897415,5.000000,0.955073,0.743745,0.062921
197,0.074684,31.082291,5.000000,0.976609,0.791691,0.059594
197,0.076909,25.985451,4.000000,0.974201,0.800000,0.062863
197,0.076466,25.997528,4.000000,0.975545,0.800000,0.062953
197,0.076122,20.967962,3.000000,0.981353,0.748825,0.024682
197,0.086809,20.884697,3.000000,0.928402,0.754344,0.116823
197,0.065538,22.030451,3.000000,0.907652,0.800000,0.162071
197,0.079658,21.212471,3.000000,0.929784,0.800000,0.092758
197,0.074647,16.177418,2.000000,0.964917,0.800000,0.073016
197,0.077197,16.218918,2.000000,0.943684,0.800000,0.080171
197,0.074327,6.379081,0.000000,0.941143,0.800000,0.088106
198,0.079658,40.523811,7.000000,0.929784,0.800000,0.000000
198,0.074647,35.482414,6.000000,0.964917,0.800000,0.061197
198,0.077578,29.957426,5.000000,1.000000,0.754453,0.092758
198,0.069920,30.521927,5.000000,0.992630,0.796989,0.115957
198,0.074684,30.369980,5.000000,0.976609,0.791691,0.069097
198,0.086809,30.136471,5.000000,0.928402,0.754344,0.091505
198,0.081775,25.151489,4.000000,0.955073,0.743745,0.077670
198,0.076564,20.023335,3.000000,1.000000,0.800000,0.076728
198,0.076909,20.255531,3.000000,0.974201,0.800000,0.052236
198,0.076466,20.269806,3.000000,0.975545,0.800000,0.055790
198,0.076122,15.234851,2.000000,0.981353,0.748825,0.089450
198,0.065538,16.490530,2.000000,0.907652,0.800000,0.142926
198,0.077197,5.531456,0.000000,0.943684,0.800000,0.028265
199,0.077578,30.108761,6.000000,1.000000,0.754453,0.000000
199,0.076564,30.238087,6.000000,1.000000,0.800000,0.057829
199,0.081775,25.489449,5.000000,0.955073,0.743745,0.062921
199,0.076122,25.652973,5.000000,0.981353,0.748825,0.024682
199,0.079658,21.219786,4.000000,0.929784,0.800000,0.092758
199,0.074684,20.918037,4.000000,0.976609,0.791691,0.059594
199,0.086809,20.459974,4.000000,0.928402,0.754344,0.116823
199,0.076909,20.693539,4.000000,0.974201,0.800000,0.062863
199,0.076466,20.721542,4.000000,0.975545,0.800000,0.062953
199,0.074647,16.138559,3.000000,0.964917,0.800000,0.073016
199,0.069920,16.216087,3.000000,0.992630,0.796989,0.093519
199,0.065538,13.116030,2.000000,0.907652,0.800000,0.162071
200,0.069920,31.210861,5.000000,0.992630,0.796989,0.000000
200,0.079422,30.747181,5.000000,0.986702,0.716414,0.138595
200,0.083505,30.407240,5.000000,1.000000,0.747257,0.149576
200,0.076122,25.967947,4.000000,0.981353,0.748825,0.087168
200,0.074684,26.082291,4.000000,0.976609,0.791691,0.050693
200,0.076909,25.985443,4.000000,0.974201,0.800000,0.072372
200,0.076466,25.997528,4.000000,0.975545,0.800000,0.067759
200,0.087596,25.535315,4.000000,0.962659,0.738424,0.193650
200,0.076564,20.788971,3.000000,1.000000,0.800000,0.066954
200,0.086809,20.884695,3.000000,0.928402,0.754344,0.188390
200,0.077578,15.733192,2.000000,1.000000,0.754453,0.093519
200,0.074647,16.177418,2.000000,0.964917,0.800000,0.054923
200,0.065538,17.030441,2.000000,0.907652,0.800000,0.095688
200,0.081775,10.897429,1.000000,0.955073,0.743745,0.141047
200,0.079658,11.212477,1.000000,0.929784,0.800000,0.115957
200,0.071181,11.085039,1.000000,1.000000,0.798348,0.014703
201,0.082671,26.366909,4.000000,0.961865,0.702047,0.000000
201,0.087596,26.144135,4.000000,0.962659,0.738424,0.067035
201,0.069920,26.727562,4.000000,0.992630,0.796989,0.176888
201,0.079658,26.728945,4.000000,0.929784,0.800000,0.130112
201,0.087941,20.822803,3.000000,1.000000,0.695331,0.065589
201,0.070991,21.627939,3.000000,1.000000,0.800000,0.173462
201,0.086809,21.445881,3.000000,0.928402,0.754344,0.084296
201,0.077578,21.315035,3.000000,1.000000,0.754453,0.091320
201,0.074647,21.698679,3.000000,0.964917,0.800000,0.146423
201,0.081775,21.456856,3.000000,0.955073,0.743745,0.053321
201,0.071181,21.618914,3.000000,1.000000,0.798348,0.170725
201,0.070924,16.744766,2.000000,0.982989,0.757371,0.137945
201,0.074684,16.616524,2.000000,0.976609,0.791691,0.138396
201,0.076909,16.532894,2.000000,0.974201,0.800000,0.135884
201,0.076564,16.363195,2.000000,1.000000,0.800000,0.142041
201,0.065538,12.435376,1.000000,0.907652,0.800000,0.217454
201,0.072956,11.677841,1.000000,0.979111,0.800000,0.157248
201,0.076466,11.543320,1.000000,0.975545,0.800000,0.137945
201,0.076122,11.517789,1.000000,0.981353,0.748825,0.089931
201,0.083505,11.033519,1.000000,1.000000,0.747257,0.068685
201,0.088494,6.014257,0.000000,0.973760,0.759469,0.093186
201,0.073190,6.523460,0.000000,1.000000,0.752045,0.119786
201,0.073901,6.928203,0.000000,0.935458,0.772745,0.127273
201,0.079422,6.327100,0.000000,0.986702,0.716414,0.044663
202,0.069920,25.699387,5.000000,0.992630,0.796989,0.000000
202,0.086809,24.898800,5.000000,0.928402,0.754344,0.188390
202,0.087596,19.041241,4.000000,0.962659,0.738424,0.193650
202,0.074684,20.383804,4.000000,0.976609,0.791691,0.050693
202,0.071181,20.390583,4.000000,1.000000,0.798348,0.014703
202,0.074647,20.617298,4.000000,0.964917,0.800000,0.054923
202,0.070991,15.416248,3.000000,1.000000,0.800000,0.013531
202,0.087941,13.127968,3.000000,1.000000,0.695331,0.220627
202,0.070924,15.748302,3.000000,0.982989,0.757371,0.051440
202,0.076909,15.146098,3.000000,0.974201,0.800000,0.072372
202,0.083505,13.726878,3.000000,1.000000,0.747257,0.149576
202,0.079658,10.703334,2.000000,0.929784,0.800000,0.115957
202,0.082671,9.674402,2.000000,0.961865,0.702047,0.176888
202,0.076122,10.103181,2.000000,0.981353,0.748825,0.087168
202,0.081775,4.930044,1.000000,0.955073,0.743745,0.141047
202,0.076564,4.663814,1.000000,1.000000,0.800000,0.066954
202,0.065538,7.711071,1.000000,0.907652,0.800000,0.095688
202,0.077578,-0.473058,0.000000,1.000000,0.754453,0.093519
202,0.072956,0.558071,0.000000,0.979111,0.800000,0.033448
202,0.076466,0.175756,0.000000,0.975545,0.800000,0.067759
203,0.087596,35.738255,6.000000,0.962659,0.738424,0.000000
203,0.071181,36.263008,6.000000,1.000000,0.798348,0.184255
203,0.069920,36.383095,6.000000,0.992630,0.796989,0.193650
203,0.074684,21.260368,3.000000,0.976609,0.791691,0.145945
203,0.070991,21.272985,3.000000,1.000000,0.800000,0.186793
203,0.087941,20.383099,3.000000,1.000000,0.695331,0.065633
203,0.076909,21.167927,3.000000,0.974201,0.800000,0.132209
203,0.081775,21.083895,3.000000,0.955073,0.743745,0.059075
203,0.079658,21.384621,3.000000,0.929784,0.800000,0.115353
203,0.082671,20.984482,3.000000,0.961865,0.702047,0.067035
203,0.076122,21.151224,3.000000,0.981353,0.748825,0.116974
203,0.086809,16.071764,2.000000,0.928402,0.754344,0.040391
203,0.076564,15.980376,2.000000,1.000000,0.800000,0.139601
203,0.065538,12.165416,1.000000,0.907652,0.800000,0.240014
203,0.083505,10.615994,1.000000,1.000000,0.747257,0.056479
203,0.070924,11.402101,1.000000,0.982989,0.757371,0.169618
203,0.074647,11.351171,1.000000,0.964917,0.800000,0.150653
204,0.070991,31.627939,5.000000,1.000000,0.800000,0.000000
204,0.074647,26.698679,4.000000,0.964917,0.800000,0.050672
204,0.087596,26.144135,4.000000,0.962659,0.738424,0.186793
204,0.081775,26.456852,4.000000,0.955073,0.743745,0.136358
204,0.076909,26.532890,4.000000,0.974201,0.800000,0.064558
204,0.082671,21.366905,3.000000,0.961865,0.702047,0.173462
204,0.072465,21.882015,3.000000,0.951755,0.800000,0.050448
204,0.079658,16.728947,2.000000,0.929784,0.800000,0.111544
204,0.086647,15.884278,2.000000,1.000000,0.729448,0.179689
204,0.081052,16.538460,2.000000,0.948216,0.746169,0.131650
204,0.086193,16.365788,2.000000,0.942155,0.769394,0.167092
204,0.091754,16.258476,2.000000,0.926538,0.683342,0.264147
204,0.071181,16.618898,2.000000,1.000000,0.798348,0.002808
204,0.083390,11.667150,1.000000,0.917283,0.754930,0.159343
204,0.083505,11.033519,1.000000,1.000000,0.747257,0.141445
204,0.078491,11.271667,1.000000,1.000000,0.794240,0.075348
204,0.067977,11.771086,1.000000,1.000000,0.769040,0.049051
204,0.072251,11.900969,1.000000,0.950265,0.800000,0.051306
204,0.086642,11.572311,1.000000,0.912621,0.646295,0.262762
204,0.070924,11.744758,1.000000,0.982989,0.757371,0.055939
204,0.065538,12.435376,1.000000,0.907652,0.800000,0.107247
204,0.086809,11.445889,1.000000,0.928402,0.754344,0.182772
204,0.076122,11.517789,1.000000,0.981353,0.748825,0.084100
204,0.087941,10.822803,1.000000,1.000000,0.695331,0.214123
204,0.076564,6.363195,0.000000,1.000000,0.800000,0.055735
204,0.074684,6.616528,0.000000,0.976609,0.791691,0.044932
204,0.069920,6.727562,0.000000,0.992630,0.796989,0.013531
204,0.082550,6.557181,0.000000,0.937028,0.788719,0.132383
205,0.079658,36.384621,6.000000,0.929784,0.800000,0.000000
205,0.086193,30.983246,5.000000,0.942155,0.769394,0.076729
205,0.086809,26.071754,4.000000,0.928402,0.754344,0.091505
205,0.076909,26.167923,4.000000,0.974201,0.800000,0.052236
205,0.070991,21.272985,3.000000,1.000000,0.800000,0.111544
205,0.072465,21.553806,3.000000,0.951755,0.800000,0.075207
205,0.078491,20.879211,3.000000,1.000000,0.794240,0.071542
205,0.083505,20.616003,3.000000,1.000000,0.747257,0.103715
205,0.071181,21.263000,3.000000,1.000000,0.798348,0.110091
205,0.087941,15.383099,2.000000,1.000000,0.695331,0.170027
205,0.065538,17.165432,2.000000,0.907652,0.800000,0.142926
205,0.067977,16.431200,2.000000,1.000000,0.769040,0.141676
205,0.091754,15.864634,2.000000,0.926538,0.683342,0.189493
205,0.082671,15.984475,2.000000,0.961865,0.702047,0.130112
205,0.086647,10.451051,1.000000,1.000000,0.729448,0.132635
205,0.072251,11.574755,1.000000,0.950265,0.800000,0.076851
205,0.086642,11.211502,1.000000,0.912621,0.646295,0.205149
205,0.070924,11.402101,1.000000,0.982989,0.757371,0.115319
205,0.081775,11.083909,1.000000,0.955073,0.743745,0.077670
205,0.074647,11.351171,1.000000,0.964917,0.800000,0.061197
205,0.083390,6.316324,0.000000,0.917283,0.754930,0.068725
205,0.081052,6.174071,0.000000,0.948216,0.746169,0.071147
205,0.087596,5.738246,0.000000,0.962659,0.738424,0.115353
205,0.076122,6.151240,0.000000,0.981353,0.748825,0.089450
206,0.072465,31.553806,5.000000,0.951755,0.800000,0.000000
206,0.078491,30.879211,5.000000,1.000000,0.794240,0.077528
206,0.072251,31.574755,5.000000,0.950265,0.800000,0.002612
206,0.086193,25.983240,4.000000,0.942155,0.769394,0.142830
206,0.070924,26.402119,4.000000,0.982989,0.757371,0.063660
206,0.071181,26.263008,4.000000,1.000000,0.798348,0.049968
206,0.082671,25.984486,4.000000,0.961865,0.702047,0.159719
206,0.083505,20.616013,3.000000,1.000000,0.747257,0.137337
206,0.074647,16.351171,2.000000,0.964917,0.800000,0.025482
206,0.079658,16.384632,2.000000,0.929784,0.800000,0.075207
206,0.086642,16.211502,2.000000,0.912621,0.646295,0.241956
206,0.087941,15.383099,2.000000,1.000000,0.695331,0.208315
206,0.070991,16.272985,2.000000,1.000000,0.800000,0.050448
206,0.067977,11.431200,1.000000,1.000000,0.769040,0.076418
206,0.091754,10.864632,1.000000,0.926538,0.683342,0.243120
206,0.065538,12.165416,1.000000,0.907652,0.800000,0.082124
206,0.086647,10.451051,1.000000,1.000000,0.729448,0.173829
206,0.081775,11.083909,1.000000,0.955073,0.743745,0.116719
206,0.086809,11.071773,1.000000,0.928402,0.754344,0.156133
206,0.076909,6.167943,0.000000,0.974201,0.800000,0.049783
207,0.070991,36.095490,6.000000,1.000000,0.800000,0.000000
207,0.078491,30.682983,5.000000,1.000000,0.794240,0.075348
207,0.072251,26.411648,4.000000,0.950265,0.800000,0.051306
207,0.072465,26.389702,4.000000,0.951755,0.800000,0.050448
207,0.074647,26.177418,4.000000,0.964917,0.800000,0.050672
207,0.067977,26.261257,4.000000,1.000000,0.769040,0.049051
207,0.091754,25.667709,4.000000,0.926538,0.683342,0.264147
207,0.082671,20.793262,3.000000,0.961865,0.702047,0.173462
207,0.065538,22.030447,3.000000,0.907652,0.800000,0.107247
207,0.071181,16.085043,2.000000,1.000000,0.798348,0.002808
207,0.083505,15.407241,2.000000,1.000000,0.747257,0.141445
207,0.086642,16.031097,2.000000,0.912621,0.646295,0.262762
207,0.087941,15.163246,2.000000,1.000000,0.695331,0.214123
207,0.086809,10.884714,1.000000,0.928402,0.754344,0.182772
207,0.086647,10.234434,1.000000,1.000000,0.729448,0.179689
207,0.079658,11.212477,1.000000,0.929784,0.800000,0.111544
207,0.070924,11.230772,1.000000,0.982989,0.757371,0.055939
207,0.086193,10.791979,1.000000,0.942155,0.769394,0.167092
207,0.081775,5.897423,0.000000,0.955073,0.743745,0.136358
208,0.071181,30.212645,6.000000,1.000000,0.798348,0.000000
208,0.082671,24.483147,5.000000,0.961865,0.702047,0.170725
208,0.070991,20.238771,4.000000,1.000000,0.800000,0.002808
208,0.072465,20.974255,4.000000,0.951755,0.800000,0.049968
208,0.074647,20.443544,4.000000,0.964917,0.800000,0.049360
208,0.083505,18.518127,4.000000,1.000000,0.747257,0.138802
208,0.078491,14.207458,3.000000,1.000000,0.794240,0.073281
208,0.086647,13.086061,3.000000,1.000000,0.729448,0.177020
208,0.087941,12.908115,3.000000,1.000000,0.695331,0.211356
208,0.091754,14.169273,3.000000,0.926538,0.683342,0.261514
208,0.072251,16.029119,3.000000,0.950265,0.800000,0.050914
208,0.065538,12.576109,2.000000,0.907652,0.800000,0.108247
208,0.067977,10.653143,2.000000,1.000000,0.769040,0.048670
208,0.086193,9.479939,2.000000,0.942155,0.769394,0.164898
208,0.086809,4.711777,1.000000,0.928402,0.754344,0.180488
208,0.070924,5.576930,1.000000,0.982989,0.757371,0.054033
208,0.086642,0.077745,0.000000,0.912621,0.646295,0.260121
208,0.079658,0.531188,0.000000,0.929784,0.800000,0.110091
209,0.071181,45.729153,8.000000,1.000000,0.798348,0.000000
209,0.072465,36.061493,6.000000,0.951755,0.800000,0.049968
209,0.086809,35.510578,6.000000,0.928402,0.754344,0.180488
209,0.087941,29.723541,5.000000,1.000000,0.695331,0.211356
209,0.072251,31.085434,5.000000,0.950265,0.800000,0.050914
209,0.082671,25.410831,4.000000,0.961865,0.702047,0.170725
209,0.086193,25.409414,4.000000,0.942155,0.769394,0.164898
209,0.070924,20.888132,3.000000,0.982989,0.757371,0.054033
209,0.083505,14.989717,2.000000,1.000000,0.747257,0.138802
209,0.078491,15.290527,2.000000,1.000000,0.794240,0.073281
209,0.065538,16.760489,2.000000,0.907652,0.800000,0.108247
209,0.070991,10.740555,1.000000,1.000000,0.800000,0.002808
209,0.074647,10.829910,1.000000,0.964917,0.800000,0.049360
209,0.086647,9.801201,1.000000,1.000000,0.729448,0.177020
209,0.091754,5.273871,0.000000,0.926538,0.683342,0.261514
209,0.067977,5.921378,0.000000,1.000000,0.769040,0.048670
210,0.086193,36.775211,7.000000,0.942155,0.769394,0.000000
210,0.070924,32.632854,6.000000,0.982989,0.757371,0.158769
210,0.083505,31.023211,6.000000,1.000000,0.747257,0.069529
210,0.065538,29.195889,5.000000,0.907652,0.800000,0.212880
210,0.086647,25.685444,5.000000,1.000000,0.729448,0.076550
210,0.071181,22.348068,4.000000,1.000000,0.798348,0.164898
210,0.072465,22.943508,4.000000,0.951755,0.800000,0.142830
210,0.087941,20.546345,4.000000,1.000000,0.695331,0.110555
210,0.082671,21.777744,4.000000,0.961865,0.702047,0.093357
210,0.072251,17.986403,3.000000,0.950265,0.800000,0.144802
210,0.078491,11.562195,2.000000,1.000000,0.794240,0.101204
210,0.086809,1.956471,0.000000,0.928402,0.754344,0.024104
210,0.070991,2.368492,0.000000,1.000000,0.800000,0.167092
210,0.074647,2.528591,0.000000,0.964917,0.800000,0.123742
211,0.082671,50.248013,10.000000,0.961865,0.702047,0.000000
211,0.071181,40.924458,8.000000,1.000000,0.798348,0.170725
211,0.083505,34.353142,7.000000,1.000000,0.747257,0.068685
211,0.086647,28.952507,6.000000,1.000000,0.729448,0.064870
211,0.078491,29.992371,6.000000,1.000000,0.794240,0.128383
211,0.070924,16.262283,3.000000,0.982989,0.757371,0.137945
211,0.065538,18.116056,3.000000,0.907652,0.800000,0.217454
211,0.086193,10.245032,2.000000,0.942155,0.769394,0.093357
211,0.072465,11.630672,2.000000,0.951755,0.800000,0.159719
211,0.087941,8.787525,2.000000,1.000000,0.695331,0.065589
211,0.072251,6.681551,1.000000,0.950265,0.800000,0.161199
212,0.071181,31.102409,6.000000,1.000000,0.798348,0.000000
212,0.065538,33.251038,6.000000,0.907652,0.800000,0.108247
212,0.069158,26.378033,5.000000,0.998676,0.800000,0.020375
212,0.086647,19.169123,4.000000,1.000000,0.729448,0.177020
212,0.078491,20.188599,4.000000,1.000000,0.794240,0.073281
212,0.070924,21.433615,4.000000,0.982989,0.757371,0.054033
212,0.086193,20.436272,4.000000,0.942155,0.769394,0.164898
212,0.072465,21.794777,4.000000,0.951755,0.800000,0.049968
212,0.087941,19.007378,4.000000,1.000000,0.695331,0.211356
212,0.085357,14.330387,3.000000,1.000000,0.769876,0.146158
212,0.083505,9.561904,2.000000,1.000000,0.747257,0.138802
212,0.081185,9.851916,2.000000,1.000000,0.699648,0.158836
212,0.072251,6.844658,1.000000,0.950265,0.800000,0.050914
212,0.078668,5.884632,1.000000,0.962795,0.752381,0.101444
212,0.082671,0.439268,0.000000,0.961865,0.702047,0.170725
212,0.076613,0.594497,0.000000,0.991027,0.732798,0.098716
213,0.078491,35.290527,6.000000,1.000000,0.794240,0.000000
213,0.086193,35.409435,6.000000,0.942155,0.769394,0.101204
213,0.085357,34.878574,6.000000,1.000000,0.769876,0.075110
213,0.086647,29.801189,5.000000,1.000000,0.729448,0.114938
213,0.081185,30.128929,5.000000,1.000000,0.699648,0.121270
213,0.065538,26.760494,4.000000,0.907652,0.800000,0.159246
213,0.083505,24.989725,4.000000,1.000000,0.747257,0.077219
213,0.070924,20.888132,3.000000,0.982989,0.757371,0.090221
213,0.087941,19.723541,3.000000,1.000000,0.695331,0.155614
213,0.078668,20.624611,3.000000,0.962795,0.752381,0.064227
213,0.071181,15.729136,2.000000,1.000000,0.798348,0.073281
213,0.072251,16.085434,2.000000,0.950265,0.800000,0.080123
213,0.069158,10.861473,1.000000,0.998676,0.800000,0.093614
213,0.072465,6.061493,0.000000,0.951755,0.800000,0.077528
214,0.087941,39.503689,7.000000,1.000000,0.695331,0.000000
214,0.081185,34.925972,6.000000,1.000000,0.699648,0.067778
214,0.078491,30.094299,5.000000,1.000000,0.794240,0.155614
214,0.086193,30.218140,5.000000,0.942155,0.769394,0.110555
214,0.071181,30.551201,5.000000,1.000000,0.798348,0.211356
214,0.085357,24.665194,4.000000,1.000000,0.769876,0.096698
214,0.083505,24.780964,4.000000,1.000000,0.747257,0.078619
214,0.070924,25.716805,4.000000,0.982989,0.757371,0.187781
214,0.072251,25.922327,4.000000,0.950265,0.800000,0.210262
214,0.086647,19.584562,3.000000,1.000000,0.729448,0.044567
214,0.078668,15.442301,2.000000,0.962795,0.752381,0.122755
214,0.065538,11.625495,1.000000,0.907652,0.800000,0.275385
214,0.069158,5.689034,0.000000,0.998676,0.800000,0.228906
215,0.087941,35.986050,7.000000,1.000000,0.695331,0.000000
215,0.071181,37.703972,7.000000,1.000000,0.798348,0.211356
215,0.083505,31.440733,6.000000,1.000000,0.747257,0.078619
215,0.081185,26.678593,5.000000,1.000000,0.699648,0.067778
215,0.078491,26.954651,5.000000,1.000000,0.794240,0.155614
215,0.085357,21.250917,4.000000,1.000000,0.769876,0.096698
215,0.086193,17.157749,3.000000,0.942155,0.769394,0.110555
215,0.072251,18.312616,3.000000,0.950265,0.800000,0.210262
215,0.086647,16.118687,3.000000,1.000000,0.729448,0.044567
215,0.078668,17.525368,3.000000,0.962795,0.752381,0.122755
215,0.065538,19.465843,3.000000,0.907652,0.800000,0.275385
215,0.070924,7.975530,1.000000,0.982989,0.757371,0.187781
216,0.086193,35.818893,7.000000,0.942155,0.769394,0.000000
216,0.071181,31.458309,6.000000,1.000000,0.798348,0.164898
216,0.077932,31.421326,6.000000,0.957774,0.738425,0.092558
216,0.072013,26.358429,5.000000,1.000000,0.800000,0.157849
216,0.087941,19.447083,4.000000,1.000000,0.695331,0.110555
216,0.075188,15.977471,3.000000,1.000000,0.800000,0.130078
216,0.086647,14.602366,3.000000,1.000000,0.729448,0.076550
216,0.085357,14.757172,3.000000,1.000000,0.769876,0.058449
216,0.078491,15.581055,3.000000,1.000000,0.794240,0.101204
216,0.072251,12.170868,2.000000,0.950265,0.800000,0.144802
216,0.078668,11.249232,2.000000,0.962795,0.752381,0.080875
216,0.081185,10.257842,2.000000,1.000000,0.699648,0.115995
216,0.065538,8.520950,1.000000,0.907652,0.800000,0.212880
216,0.081031,5.481360,1.000000,0.989397,0.738996,0.079623
216,0.083826,5.337204,1.000000,0.980101,0.664379,0.138677
216,0.083505,4.979416,1.000000,1.000000,0.747257,0.069529
216,0.070924,1.776233,0.000000,0.982989,0.757371,0.158769
217,0.086193,24.288633,5.000000,0.942155,0.769394,0.000000
217,0.071181,25.034687,5.000000,1.000000,0.798348,0.164898
217,0.077932,24.991543,5.000000,0.957774,0.738425,0.092558
217,0.086647,22.869415,5.000000,1.000000,0.729448,0.076550
217,0.078491,24.011230,5.000000,1.000000,0.794240,0.101204
217,0.087941,17.688263,4.000000,1.000000,0.695331,0.110555
217,0.085357,18.050034,4.000000,1.000000,0.769876,0.058449
217,0.083505,18.309366,4.000000,1.000000,0.747257,0.069529
217,0.072013,14.918167,3.000000,1.000000,0.800000,0.157849
217,0.078668,14.790751,3.000000,0.962795,0.752381,0.080875
217,0.075188,9.473685,2.000000,1.000000,0.800000,0.130078
217,0.081185,8.634131,2.000000,1.000000,0.699648,0.115995
217,0.083826,8.726752,2.000000,0.980101,0.664379,0.138677
217,0.072251,5.866019,1.000000,0.950265,0.800000,0.144802
217,0.065538,2.441126,0.000000,0.907652,0.800000,0.212880
217,0.081031,-1.105067,0.000000,0.989397,0.738996,0.079623
218,0.078491,50.094299,9.000000,1.000000,0.794240,0.000000
218,0.083826,44.967300,8.000000,0.980101,0.664379,0.172023
218,0.086193,40.218170,7.000000,0.942155,0.769394,0.101204
218,0.086647,29.584568,5.000000,1.000000,0.729448,0.114938
218,0.085357,29.665194,5.000000,1.000000,0.769876,0.075110
218,0.072251,25.922327,4.000000,0.950265,0.800000,0.080123
218,0.071181,20.551201,3.000000,1.000000,0.798348,0.073281
218,0.087941,14.503689,2.000000,1.000000,0.695331,0.155614
218,0.083505,14.780954,2.000000,1.000000,0.747257,0.077219
218,0.072013,15.499182,2.000000,1.000000,0.800000,0.065179
218,0.081185,14.925962,2.000000,1.000000,0.699648,0.121270
218,0.078668,10.442319,1.000000,0.962795,0.752381,0.064227
218,0.077932,5.531923,0.000000,0.957774,0.738425,0.081744
218,0.075188,5.300746,0.000000,1.000000,0.800000,0.033807
219,0.086193,47.349075,9.000000,0.942155,0.769394,0.000000
219,0.086647,31.335300,6.000000,1.000000,0.729448,0.076550
219,0.078491,27.150879,5.000000,1.000000,0.794240,0.101204
219,0.083826,21.947699,4.000000,0.980101,0.664379,0.138677
219,0.072251,23.475723,4.000000,0.950265,0.800000,0.144802
219,0.083505,21.649532,4.000000,1.000000,0.747257,0.069529
219,0.072013,22.798691,4.000000,1.000000,0.800000,0.157849
219,0.085357,16.464310,3.000000,1.000000,0.769876,0.058449
219,0.071181,17.881924,3.000000,1.000000,0.798348,0.164898
219,0.087941,16.205902,3.000000,1.000000,0.695331,0.110555
219,0.081185,16.881554,3.000000,1.000000,0.699648,0.115995
219,0.078668,12.707698,2.000000,0.962795,0.752381,0.080875
220,0.081185,42.896366,8.000000,1.000000,0.699648,0.000000
220,0.079737,28.142099,5.000000,0.991429,0.748306,0.063107
220,0.086193,23.305401,4.000000,0.942155,0.769394,0.115995
220,0.083826,22.954243,4.000000,0.980101,0.664379,0.055111
220,0.072251,24.291258,4.000000,0.950265,0.800000,0.161835
220,0.083505,22.693352,4.000000,1.000000,0.747257,0.063874
220,0.085357,22.531271,4.000000,1.000000,0.769876,0.097195
220,0.078668,23.619217,4.000000,0.962795,0.752381,0.079766
220,0.071181,18.771660,3.000000,1.000000,0.798348,0.158836
220,0.086647,12.418408,2.000000,1.000000,0.729448,0.066113
220,0.072013,13.698854,2.000000,1.000000,0.800000,0.155393
220,0.087941,12.305164,2.000000,1.000000,0.695331,0.067778
220,0.084834,12.577022,2.000000,1.000000,0.799315,0.129819
220,0.078491,8.132019,1.000000,1.000000,0.794240,0.121270
220,0.085346,7.532206,1.000000,1.000000,0.746134,0.071473
221,0.081185,35.737812,6.000000,1.000000,0.699648,0.000000
221,0.085346,25.519323,4.000000,1.000000,0.746134,0.071473
221,0.085357,25.518763,4.000000,1.000000,0.769876,0.097195
221,0.079737,20.885260,3.000000,0.991429,0.748306,0.063107
221,0.087441,21.029095,3.000000,0.930054,0.709835,0.094703
221,0.081104,20.742025,3.000000,1.000000,0.724369,0.030912
221,0.072013,21.219313,3.000000,1.000000,0.800000,0.155393
221,0.083505,20.616013,3.000000,1.000000,0.747257,0.063874
221,0.086193,20.983234,3.000000,0.942155,0.769394,0.115995
221,0.071181,16.263010,2.000000,1.000000,0.798348,0.158836
221,0.086647,15.451045,2.000000,1.000000,0.729448,0.066113
221,0.072251,16.574755,2.000000,0.950265,0.800000,0.161835
221,0.091062,15.219229,2.000000,1.000000,0.775354,0.136793
221,0.078491,15.879211,2.000000,1.000000,0.794240,0.121270
221,0.083826,15.772530,2.000000,0.980101,0.664379,0.055111
221,0.087054,10.508789,1.000000,0.991304,0.768555,0.104593
221,0.074839,11.070972,1.000000,1.000000,0.800000,0.140580
221,0.080843,10.871922,1.000000,0.986217,0.734800,0.046177
221,0.078254,11.004902,1.000000,0.986120,0.727379,0.047464
221,0.087941,10.383099,1.000000,1.000000,0.695331,0.067778
221,0.078668,11.171548,1.000000,0.962795,0.752381,0.079766
221,0.083783,5.945286,0.000000,0.960116,0.771404,0.101542
221,0.084834,5.546214,0.000000,1.000000,0.799315,0.129819
222,0.079737,35.689323,6.000000,0.991429,0.748306,0.000000
222,0.087941,25.163246,4.000000,1.000000,0.695331,0.105778
222,0.072013,26.039280,4.000000,1.000000,0.800000,0.101067
222,0.083826,25.571238,4.000000,0.980101,0.664379,0.113165
222,0.091062,24.991568,4.000000,1.000000,0.775354,0.118505
222,0.085346,20.305958,3.000000,1.000000,0.746134,0.056810
222,0.080843,20.675346,3.000000,0.986217,0.734800,0.020848
222,0.083505,20.407240,3.000000,1.000000,0.747257,0.038665
222,0.086193,20.791960,3.000000,0.942155,0.769394,0.085386
222,0.081185,20.534847,3.000000,1.000000,0.699648,0.063107
222,0.072251,21.411648,3.000000,0.950265,0.800000,0.107118
222,0.086647,15.234432,2.000000,1.000000,0.729448,0.073510
222,0.078254,15.814659,2.000000,0.986120,0.727379,0.030532
222,0.078491,15.682983,2.000000,1.000000,0.794240,0.059376
222,0.081104,15.539265,2.000000,1.000000,0.724369,0.033996
222,0.071181,11.085039,1.000000,1.000000,0.798348,0.106332
222,0.085357,10.305370,1.000000,1.000000,0.769876,0.062920
222,0.087054,5.294928,0.000000,0.991304,0.768555,0.077427
222,0.074839,5.883881,0.000000,1.000000,0.800000,0.081537
222,0.087441,5.839998,0.000000,0.930054,0.709835,0.109611
222,0.078668,5.989235,0.000000,0.962795,0.752381,0.030986
223,0.083505,33.309296,7.000000,1.000000,0.747257,0.000000
223,0.086647,27.869425,6.000000,1.000000,0.729448,0.038506
223,0.079737,29.027397,6.000000,0.991429,0.748306,0.038665
223,0.087941,22.688263,5.000000,1.000000,0.695331,0.078619
223,0.080843,23.991791,5.000000,0.986217,0.734800,0.033776
223,0.078491,19.011230,4.000000,1.000000,0.794240,0.077219
223,0.083826,18.726763,4.000000,0.980101,0.664379,0.105540
223,0.086193,14.288630,3.000000,0.942155,0.769394,0.069529
223,0.091062,12.251275,3.000000,1.000000,0.775354,0.083338
223,0.081185,8.634147,2.000000,1.000000,0.699648,0.063874
223,0.072251,10.866013,2.000000,0.950265,0.800000,0.139591
223,0.085346,3.051529,1.000000,1.000000,0.746134,0.018467
223,0.081104,3.645401,1.000000,1.000000,0.724369,0.037347
223,0.071181,5.034645,1.000000,1.000000,0.798348,0.138802
223,0.078254,-0.653613,0.000000,0.986120,0.727379,0.059722
223,0.072013,-0.081833,0.000000,1.000000,0.800000,0.132486
223,0.085357,-1.949968,0.000000,1.000000,0.769876,0.033799
224,0.079737,32.946190,6.000000,0.991429,0.748306,0.000000
224,0.091062,31.804403,6.000000,1.000000,0.775354,0.118505
224,0.086647,27.201771,5.000000,1.000000,0.729448,0.073510
224,0.080843,27.923294,5.000000,0.986217,0.734800,0.020848
224,0.083826,22.752935,4.000000,0.980101,0.664379,0.113165
224,0.086193,23.114115,4.000000,0.942155,0.769394,0.085386
224,0.085346,22.318840,4.000000,1.000000,0.746134,0.056810
224,0.072251,19.128151,3.000000,0.950265,0.800000,0.107118
224,0.071181,18.593731,3.000000,1.000000,0.798348,0.106332
224,0.083505,12.484576,2.000000,1.000000,0.747257,0.038665
224,0.087941,12.085312,2.000000,1.000000,0.695331,0.105778
224,0.078491,12.935791,2.000000,1.000000,0.794240,0.059376
224,0.081185,12.693374,2.000000,1.000000,0.699648,0.063107
224,0.081104,12.700615,2.000000,1.000000,0.724369,0.033996
225,0.087941,50.163246,9.000000,1.000000,0.695331,0.000000
225,0.081185,40.534855,7.000000,1.000000,0.699648,0.067778
225,0.091062,34.991554,6.000000,1.000000,0.775354,0.104786
225,0.086193,25.791960,4.000000,0.942155,0.769394,0.110555
225,0.078941,20.658268,3.000000,1.000000,0.762488,0.123076
225,0.071181,21.085049,3.000000,1.000000,0.798348,0.211356
225,0.072251,16.411648,2.000000,0.950265,0.800000,0.210262
225,0.083875,15.804798,2.000000,0.953630,0.699584,0.061903
225,0.086647,15.234428,2.000000,1.000000,0.729448,0.044567
225,0.093722,14.870740,2.000000,0.997529,0.800000,0.143059
225,0.079737,10.689320,1.000000,0.991429,0.748306,0.105778
225,0.088890,10.448606,1.000000,0.964862,0.800000,0.135804
225,0.084772,10.337555,1.000000,1.000000,0.735450,0.059324
225,0.085648,10.289383,1.000000,1.000000,0.793958,0.125398
225,0.081104,10.539265,1.000000,1.000000,0.724369,0.077404
225,0.080843,10.675346,1.000000,0.986217,0.734800,0.087531
225,0.078491,10.682983,1.000000,1.000000,0.794240,0.155614
225,0.083505,10.407232,1.000000,1.000000,0.747257,0.078619
225,0.085346,10.305958,1.000000,1.000000,0.746134,0.068600
225,0.083826,10.571218,1.000000,0.980101,0.664379,0.059884
225,0.080832,5.823933,0.000000,0.969191,0.689512,0.077815
226,0.087941,45.383099,8.000000,1.000000,0.695331,0.000000
226,0.080843,40.871922,7.000000,0.986217,0.734800,0.087531
226,0.071181,31.263012,5.000000,1.000000,0.798348,0.211356
226,0.085346,25.519323,4.000000,1.000000,0.746134,0.068600
226,0.081104,25.742025,4.000000,1.000000,0.724369,0.077404
226,0.081185,20.737818,3.000000,1.000000,0.699648,0.067778
226,0.091062,20.219231,3.000000,1.000000,0.775354,0.104786
226,0.083826,15.772539,2.000000,0.980101,0.664379,0.059884
226,0.085648,15.503502,2.000000,1.000000,0.793958,0.125398
226,0.084772,15.549484,2.000000,1.000000,0.735450,0.059324
226,0.088890,15.655489,2.000000,0.964862,0.800000,0.135804
226,0.086647,15.451034,2.000000,1.000000,0.729448,0.044567
226,0.072251,16.574755,2.000000,0.950265,0.800000,0.210262
226,0.093722,10.103900,1.000000,0.997529,0.800000,0.143059
226,0.083875,10.995489,1.000000,0.953630,0.699584,0.061903
226,0.083505,10.615994,1.000000,1.000000,0.747257,0.078619
226,0.086193,10.983253,1.000000,0.942155,0.769394,0.110555
226,0.079737,5.885265,0.000000,0.991429,0.748306,0.105778
226,0.078491,5.879211,0.000000,1.000000,0.794240,0.155614
226,0.078941,5.855619,0.000000,1.000000,0.762488,0.123076
227,0.080843,45.675346,8.000000,0.986217,0.734800,0.000000
227,0.071181,31.085052,5.000000,1.000000,0.798348,0.125841
227,0.093722,29.870747,5.000000,0.997529,0.800000,0.152826
227,0.081104,25.539265,4.000000,1.000000,0.724369,0.019151
227,0.091062,24.991579,4.000000,1.000000,0.775354,0.114903
227,0.083505,20.407240,3.000000,1.000000,0.747257,0.033776
227,0.084772,20.337555,3.000000,1.000000,0.735450,0.041639
227,0.086647,20.234417,3.000000,1.000000,0.729448,0.060022
227,0.086193,15.791965,2.000000,0.942155,0.769394,0.081689
227,0.087941,15.163246,2.000000,1.000000,0.695331,0.087531
227,0.083875,15.804798,2.000000,0.953630,0.699584,0.062598
227,0.085648,15.289383,2.000000,1.000000,0.793958,0.089255
227,0.083826,15.571229,2.000000,0.980101,0.664379,0.093143
227,0.081185,15.534852,2.000000,1.000000,0.699648,0.046177
227,0.085346,15.305958,2.000000,1.000000,0.746134,0.049177
227,0.088890,10.448606,1.000000,0.964862,0.800000,0.116502
227,0.072251,6.411653,0.000000,0.950265,0.800000,0.123767
228,0.091062,28.161860,6.000000,1.000000,0.775354,0.000000
228,0.083505,29.144367,6.000000,1.000000,0.747257,0.083338
228,0.080843,24.778091,5.000000,0.986217,0.734800,0.114903
228,0.093722,22.876299,5.000000,0.997529,0.800000,0.040773
228,0.081104,24.456444,5.000000,1.000000,0.724369,0.118228
228,0.086647,18.735886,4.000000,1.000000,0.729448,0.072405
228,0.084772,13.979675,3.000000,1.000000,0.735450,0.080283
228,0.081185,14.446016,3.000000,1.000000,0.699648,0.136793
228,0.088890,14.242196,3.000000,0.964862,0.800000,0.051536
228,0.086193,10.053757,2.000000,0.942155,0.769394,0.075980
228,0.083875,10.084068,2.000000,0.953630,0.699584,0.127621
228,0.083826,9.531980,2.000000,0.980101,0.664379,0.157718
228,0.071181,5.746456,1.000000,1.000000,0.798348,0.200880
228,0.087941,3.567673,1.000000,1.000000,0.695331,0.104786
228,0.085648,3.865814,1.000000,1.000000,0.793958,0.058930
228,0.085346,3.904991,1.000000,1.000000,0.746134,0.067835
229,0.091062,34.991570,6.000000,1.000000,0.775354,0.000000
229,0.087941,30.163246,5.000000,1.000000,0.695331,0.104786
229,0.086647,30.234413,5.000000,1.000000,0.729448,0.072405
229,0.081185,25.534855,4.000000,1.000000,0.699648,0.136793
229,0.088890,25.448618,4.000000,0.964862,0.800000,0.051536
229,0.093722,19.870733,3.000000,0.997529,0.800000,0.040773
229,0.071181,21.085052,3.000000,1.000000,0.798348,0.200880
229,0.083826,20.571228,3.000000,0.980101,0.664379,0.157718
229,0.086193,20.791964,3.000000,0.942155,0.769394,0.075980
229,0.083505,15.407233,2.000000,1.000000,0.747257,0.083338
229,0.083875,15.804798,2.000000,0.953630,0.699584,0.127621
229,0.084772,15.337555,2.000000,1.000000,0.735450,0.080283
229,0.081104,15.539265,2.000000,1.000000,0.724369,0.118228
229,0.085648,10.289383,1.000000,1.000000,0.793958,0.058930
229,0.085346,10.305958,1.000000,1.000000,0.746134,0.067835
229,0.084286,10.364264,1.000000,1.000000,0.800000,0.074438
229,0.083704,10.396280,1.000000,1.000000,0.721620,0.099630
229,0.098057,10.009436,1.000000,0.961954,0.800000,0.085378
229,0.087054,10.682102,1.000000,0.949645,0.717751,0.096577
229,0.080843,5.675346,0.000000,0.986217,0.734800,0.114903
229,0.080763,6.025202,0.000000,0.945953,0.729252,0.129805
229,0.082402,5.467894,0.000000,1.000000,0.708400,0.120436
230,0.086193,35.218143,6.000000,0.942155,0.769394,0.000000
230,0.084772,29.701767,5.000000,1.000000,0.735450,0.073132
230,0.091062,24.308613,4.000000,1.000000,0.775354,0.075980
230,0.081104,24.930983,4.000000,1.000000,0.724369,0.095408
230,0.087941,19.503689,3.000000,1.000000,0.695331,0.110555
230,0.086647,19.584578,3.000000,1.000000,0.729448,0.076550
230,0.081185,19.925976,3.000000,1.000000,0.699648,0.115995
230,0.093722,19.171291,3.000000,0.997529,0.800000,0.100988
230,0.071181,20.551197,3.000000,1.000000,0.798348,0.164898
230,0.083826,19.967308,3.000000,0.980101,0.664379,0.138677
230,0.087054,15.093298,2.000000,0.949645,0.717751,0.065555
230,0.098057,14.328892,2.000000,0.961954,0.800000,0.126222
230,0.084286,14.732118,2.000000,1.000000,0.800000,0.071926
230,0.083505,14.780960,2.000000,1.000000,0.747257,0.069529
230,0.085648,9.647026,1.000000,1.000000,0.793958,0.065716
230,0.085346,9.665861,1.000000,1.000000,0.746134,0.065292
230,0.083875,10.232725,1.000000,0.953630,0.699584,0.091014
230,0.083704,9.768500,1.000000,1.000000,0.721620,0.086785
230,0.088890,9.827962,1.000000,0.964862,0.800000,0.052025
231,0.098057,30.689959,5.000000,0.961954,0.800000,0.000000
231,0.085346,25.946054,4.000000,1.000000,0.746134,0.148788
231,0.085648,25.931740,4.000000,1.000000,0.793958,0.130016
231,0.084772,20.973343,3.000000,1.000000,0.735450,0.160027
231,0.087651,20.836544,3.000000,1.000000,0.725859,0.144445
231,0.082196,21.095699,3.000000,1.000000,0.724198,0.188637
231,0.083505,21.033529,3.000000,1.000000,0.747257,0.164229
231,0.087054,21.270906,3.000000,0.949645,0.717751,0.151092
231,0.093722,20.570179,3.000000,0.997529,0.800000,0.056082
231,0.086193,21.365788,3.000000,0.942155,0.769394,0.126222
231,0.087941,20.822803,3.000000,1.000000,0.695331,0.169704
231,0.091062,15.674536,2.000000,1.000000,0.775354,0.085378
231,0.081104,16.147547,2.000000,1.000000,0.724369,0.197800
231,0.083704,16.024044,2.000000,1.000000,0.721620,0.177899
231,0.083826,11.175143,1.000000,0.980101,0.664379,0.222082
231,0.086886,11.003096,1.000000,0.984100,0.690737,0.177828
231,0.083109,11.416572,1.000000,0.952750,0.672008,0.219152
231,0.084351,11.129608,1.000000,0.982848,0.727087,0.165922
231,0.086647,10.884284,1.000000,1.000000,0.729448,0.149147
231,0.081185,11.143723,1.000000,1.000000,0.699648,0.213660
231,0.071181,11.618897,1.000000,1.000000,0.798348,0.271449
231,0.088890,6.069251,0.000000,0.964862,0.800000,0.091722
231,0.083875,6.376871,0.000000,0.953630,0.699584,0.189576
231,0.087779,5.830523,0.000000,1.000000,0.784279,0.111350
231,0.076412,6.370457,0.000000,1.000000,0.721808,0.240529
231,0.088571,5.792865,0.000000,1.000000,0.746906,0.121862
231,0.084286,5.996409,0.000000,1.000000,0.800000,0.142870
231,0.097128,5.812253,0.000000,0.952733,0.800000,0.013090
231,0.067949,6.772427,0.000000,1.000000,0.770946,0.305643
232,0.098057,30.463112,5.000000,0.961954,0.800000,0.000000
232,0.083505,30.824774,5.000000,1.000000,0.747257,0.164229
232,0.086193,31.174511,5.000000,0.942155,0.769394,0.126222
232,0.085648,25.717621,4.000000,1.000000,0.793958,0.130016
232,0.082196,25.890202,4.000000,1.000000,0.724198,0.188637
232,0.081104,25.944786,4.000000,1.000000,0.724369,0.197800
232,0.087941,20.602951,3.000000,1.000000,0.695331,0.169704
232,0.071181,16.440960,2.000000,1.000000,0.798348,0.271449
232,0.086647,15.667654,2.000000,1.000000,0.729448,0.149147
232,0.083704,15.814795,2.000000,1.000000,0.721620,0.177899
232,0.091062,15.446883,2.000000,1.000000,0.775354,0.085378
232,0.087054,16.074638,2.000000,0.949645,0.717751,0.151092
232,0.087651,15.617420,2.000000,1.000000,0.725859,0.144445
232,0.084772,15.761414,2.000000,1.000000,0.735450,0.160027
232,0.093722,10.337048,1.000000,0.997529,0.800000,0.056082
232,0.086886,10.792732,1.000000,0.984100,0.690737,0.177828
232,0.083109,11.227970,1.000000,0.952750,0.672008,0.219152
232,0.084351,10.925903,1.000000,0.982848,0.727087,0.165922
232,0.081185,10.940762,1.000000,1.000000,0.699648,0.213660
232,0.085346,10.732689,1.000000,1.000000,0.746134,0.148788
232,0.083826,5.973835,0.000000,0.980101,0.664379,0.222082
233,0.087941,29.886787,6.000000,1.000000,0.695331,0.000000
233,0.093722,29.275204,6.000000,0.997529,0.800000,0.143059
233,0.084772,25.251251,5.000000,1.000000,0.735450,0.059324
233,0.085346,20.185184,4.000000,1.000000,0.746134,0.068600
233,0.082196,20.547462,4.000000,1.000000,0.724198,0.067843
233,0.083704,20.373999,4.000000,1.000000,0.721620,0.053619
233,0.098057,14.565183,3.000000,0.961954,0.800000,0.169704
233,0.086193,16.201368,3.000000,0.942155,0.769394,0.110555
233,0.086647,15.035604,3.000000,1.000000,0.729448,0.044567
233,0.083505,10.396949,2.000000,1.000000,0.747257,0.078619
233,0.081185,10.663766,2.000000,1.000000,0.699648,0.067778
233,0.071181,11.814190,2.000000,1.000000,0.798348,0.211356
233,0.085648,10.150528,2.000000,1.000000,0.793958,0.125398
233,0.087054,5.971663,1.000000,0.949645,0.717751,0.058307
233,0.091062,4.527815,1.000000,1.000000,0.775354,0.104786
233,0.086886,5.323284,1.000000,0.984100,0.690737,0.019925
233,0.081104,5.673008,1.000000,1.000000,0.724369,0.077404
233,0.087651,-0.079917,0.000000,1.000000,0.725859,0.038269
233,0.083109,1.324345,0.000000,0.952750,0.672008,0.073605
233,0.084351,0.629577,0.000000,0.982848,0.727087,0.056204
234,0.083704,39.977749,7.000000,1.000000,0.721620,0.000000
234,0.098057,39.555729,7.000000,0.961954,0.800000,0.177899
234,0.093722,34.404449,6.000000,0.997529,0.800000,0.140146
234,0.085346,29.879227,5.000000,1.000000,0.746134,0.034766
234,0.084772,24.913696,4.000000,1.000000,0.735450,0.020319
234,0.086886,24.951279,4.000000,0.984100,0.690737,0.052495
234,0.086647,19.801186,3.000000,1.000000,0.729448,0.031011
234,0.087941,19.723541,3.000000,1.000000,0.695331,0.053619
234,0.082196,20.068245,3.000000,1.000000,0.724198,0.015423
234,0.086193,15.409418,2.000000,0.942155,0.769394,0.086785
234,0.083505,14.989724,2.000000,1.000000,0.747257,0.032109
234,0.081185,15.128915,2.000000,1.000000,0.699648,0.037269
234,0.071181,10.729134,1.000000,1.000000,0.798348,0.157738
234,0.081104,10.133743,1.000000,1.000000,0.724369,0.026223
234,0.085648,4.861145,0.000000,1.000000,0.793958,0.092488
234,0.087054,5.289559,0.000000,0.949645,0.717751,0.060673
234,0.091062,4.536255,0.000000,1.000000,0.775354,0.099630
235,0.084772,44.913696,8.000000,1.000000,0.735450,0.000000
235,0.098057,34.555729,6.000000,0.961954,0.800000,0.160027
235,0.086193,35.409412,6.000000,0.942155,0.769394,0.073132
235,0.086886,29.951279,5.000000,0.984100,0.690737,0.061837
235,0.081104,30.133743,5.000000,1.000000,0.724369,0.039201
235,0.083704,24.977739,4.000000,1.000000,0.721620,0.020319
235,0.083505,24.989731,4.000000,1.000000,0.747257,0.019450
235,0.086647,19.801182,3.000000,1.000000,0.729448,0.020196
235,0.093722,14.404452,2.000000,0.997529,0.800000,0.120528
235,0.085346,14.879227,2.000000,1.000000,0.746134,0.014539
235,0.087941,14.723541,2.000000,1.000000,0.695331,0.059324
235,0.082196,15.068261,2.000000,1.000000,0.724198,0.029348
235,0.081185,10.128914,1.000000,1.000000,0.699648,0.057353
235,0.071181,5.729134,0.000000,1.000000,0.798348,0.157009
236,0.081104,64.930954,12.000000,1.000000,0.724369,0.000000
236,0.098057,39.328888,7.000000,0.961954,0.800000,0.197800
236,0.084772,29.701767,5.000000,1.000000,0.735450,0.039201
236,0.086647,24.584562,4.000000,1.000000,0.729448,0.055786
236,0.093722,24.171288,4.000000,0.997529,0.800000,0.157682
236,0.087941,24.503689,4.000000,1.000000,0.695331,0.077404
236,0.082196,24.862753,4.000000,1.000000,0.724198,0.010916
236,0.083704,19.768478,3.000000,1.000000,0.721620,0.026223
236,0.086886,14.740915,2.000000,0.984100,0.690737,0.073235
236,0.085346,14.665861,2.000000,1.000000,0.746134,0.050394
236,0.086193,10.218158,1.000000,0.942155,0.769394,0.095408
236,0.083505,9.780946,1.000000,1.000000,0.747257,0.037347
236,0.081185,9.925952,1.000000,1.000000,0.699648,0.030912
237,0.083505,36.033531,6.000000,1.000000,0.747257,0.000000
237,0.081104,31.147547,5.000000,1.000000,0.724369,0.037347
237,0.084772,25.973343,4.000000,1.000000,0.735450,0.019450
237,0.086647,25.884275,4.000000,1.000000,0.729448,0.038506
237,0.087941,25.822803,4.000000,1.000000,0.695331,0.078619
237,0.079194,21.238291,3.000000,1.000000,0.739625,0.044154
237,0.086886,21.003096,3.000000,0.984100,0.690737,0.079923
237,0.086193,16.365791,2.000000,0.942155,0.769394,0.069529
237,0.089172,16.027493,2.000000,0.968439,0.698228,0.089237
237,0.085435,16.049700,2.000000,0.986621,0.771281,0.038123
237,0.093877,15.742170,2.000000,0.977164,0.800000,0.125004
237,0.085260,15.950137,2.000000,1.000000,0.691303,0.072112
237,0.085346,15.946054,2.000000,1.000000,0.746134,0.018467
237,0.093722,15.570195,2.000000,0.997529,0.800000,0.121619
237,0.098057,15.689955,2.000000,0.961954,0.800000,0.164229
237,0.081185,11.143723,1.000000,1.000000,0.699648,0.063874
237,0.083704,11.024060,1.000000,1.000000,0.721620,0.032109
237,0.082196,11.095706,1.000000,1.000000,0.724198,0.031658
237,0.099845,10.776362,1.000000,0.943698,0.800000,0.184979
237,0.093644,10.932899,1.000000,0.956215,0.696551,0.127337
238,0.093722,35.803349,6.000000,0.997529,0.800000,0.000000
238,0.081104,31.350307,5.000000,1.000000,0.724369,0.157682
238,0.093644,21.146957,3.000000,0.956215,0.696551,0.135753
238,0.087941,21.042656,3.000000,1.000000,0.695331,0.143059
238,0.079194,21.436275,3.000000,1.000000,0.739625,0.163731
238,0.085260,21.163296,3.000000,1.000000,0.691303,0.160084
238,0.093877,20.966267,3.000000,0.977164,0.800000,0.020424
238,0.089172,21.236570,3.000000,0.968439,0.698228,0.138203
238,0.085435,21.257610,3.000000,0.986621,0.771281,0.090964
238,0.099845,15.998643,2.000000,0.943698,0.800000,0.081532
238,0.086193,16.557058,2.000000,0.942155,0.769394,0.100988
238,0.086886,16.213459,2.000000,0.984100,0.690737,0.153317
238,0.086647,16.100899,2.000000,1.000000,0.729448,0.113089
238,0.084772,11.185272,1.000000,1.000000,0.735450,0.120528
238,0.081200,11.542482,1.000000,0.972740,0.765749,0.134634
238,0.083112,11.382889,1.000000,0.983427,0.770417,0.113235
238,0.085553,11.150116,1.000000,1.000000,0.706743,0.142365
238,0.089639,11.134718,1.000000,0.978892,0.709505,0.121696
238,0.091040,11.138752,1.000000,0.970828,0.639140,0.204606
238,0.082196,11.301195,1.000000,1.000000,0.724198,0.149228
238,0.083704,11.233320,1.000000,1.000000,0.721620,0.140146
238,0.098057,10.916811,1.000000,0.961954,0.800000,0.056082
238,0.083505,11.242281,1.000000,1.000000,0.747257,0.121619
238,0.081185,6.346685,0.000000,1.000000,0.699648,0.177367
238,0.087663,6.308435,0.000000,0.967364,0.686195,0.157535
238,0.093680,5.784379,0.000000,1.000000,0.707804,0.115273
238,0.085346,6.159420,0.000000,1.000000,0.746134,0.107493
239,0.081104,31.553064,5.000000,1.000000,0.724369,0.000000
239,0.089172,31.445648,5.000000,0.968439,0.698228,0.092584
239,0.087941,26.262508,4.000000,1.000000,0.695331,0.077404
239,0.093644,21.361015,3.000000,0.956215,0.696551,0.137297
239,0.079194,21.634260,3.000000,1.000000,0.739625,0.026994
239,0.085435,21.465521,3.000000,0.986621,0.771281,0.074116
239,0.091040,21.353266,3.000000,0.970828,0.639140,0.148568
239,0.083112,21.583839,3.000000,0.983427,0.770417,0.063174
239,0.086886,16.423822,2.000000,0.984100,0.690737,0.073235
239,0.083704,16.442570,2.000000,1.000000,0.721620,0.026223
239,0.082196,16.506672,2.000000,1.000000,0.724198,0.010916
239,0.081200,16.734573,2.000000,0.972740,0.765749,0.058476
239,0.084772,16.397202,2.000000,1.000000,0.735450,0.039201
239,0.086647,16.317513,2.000000,1.000000,0.729448,0.055786
239,0.093722,16.036484,2.000000,0.997529,0.800000,0.157682
239,0.086193,16.748346,2.000000,0.942155,0.769394,0.095408
239,0.085553,11.363998,1.000000,1.000000,0.706743,0.049645
239,0.089639,11.349456,1.000000,0.978892,0.709505,0.089862
239,0.093877,11.190363,1.000000,0.977164,0.800000,0.160539
239,0.098057,11.143655,1.000000,0.961954,0.800000,0.197800
239,0.083505,11.451043,1.000000,1.000000,0.747257,0.037347
239,0.099845,6.220952,0.000000,0.943698,0.800000,0.217324
239,0.085260,6.376437,0.000000,1.000000,0.691303,0.058613
240,0.083505,26.033537,4.000000,1.000000,0.747257,0.000000
240,0.087941,25.822803,4.000000,1.000000,0.695331,0.078619
240,0.091040,25.924238,4.000000,0.970828,0.639140,0.157459
240,0.089172,21.027493,3.000000,0.968439,0.698228,0.089237
240,0.093877,20.742170,3.000000,0.977164,0.800000,0.125004
240,0.089639,20.919989,3.000000,0.978892,0.709505,0.080222
240,0.086193,21.365784,3.000000,0.942155,0.769394,0.069529
240,0.093722,20.570187,3.000000,0.997529,0.800000,0.121619
240,0.086647,20.884270,3.000000,1.000000,0.729448,0.038506
240,0.086886,21.003096,3.000000,0.984100,0.690737,0.079923
240,0.083112,21.181938,3.000000,0.983427,0.770417,0.033588
240,0.081104,21.147547,3.000000,1.000000,0.724369,0.037347
240,0.085435,16.049700,2.000000,0.986621,0.771281,0.038123
240,0.085553,15.936234,2.000000,1.000000,0.706743,0.054629
240,0.079194,16.238291,2.000000,1.000000,0.739625,0.044154
240,0.083704,11.024060,1.000000,1.000000,0.721620,0.032109
240,0.082196,11.095706,1.000000,1.000000,0.724198,0.031658
240,0.081200,11.350398,1.000000,0.972740,0.765749,0.042526
240,0.084772,10.973343,1.000000,1.000000,0.735450,0.019450
240,0.098057,10.689967,1.000000,0.961954,0.800000,0.164229
240,0.093644,5.932899,0.000000,0.956215,0.696551,0.127337
241,0.087941,40.602951,7.000000,1.000000,0.695331,0.000000
241,0.086193,41.174534,7.000000,0.942155,0.769394,0.110555
241,0.083505,35.824764,6.000000,1.000000,0.747257,0.078619
241,0.093877,25.518074,4.000000,0.977164,0.800000,0.145475
241,0.086886,25.792732,4.000000,0.984100,0.690737,0.019925
241,0.083112,20.980988,3.000000,0.983427,0.770417,0.106843
241,0.085553,20.722351,3.000000,1.000000,0.706743,0.027815
241,0.086647,20.667660,3.000000,1.000000,0.729448,0.044567
241,0.093722,20.337032,3.000000,0.997529,0.800000,0.143059
241,0.089639,20.705261,3.000000,0.978892,0.709505,0.032371
241,0.081104,15.944786,2.000000,1.000000,0.724369,0.077404
241,0.091040,15.709724,2.000000,0.970828,0.639140,0.082127
241,0.079194,11.040306,1.000000,1.000000,0.739625,0.103522
241,0.083704,10.814800,1.000000,1.000000,0.721620,0.053619
241,0.098057,10.463123,1.000000,0.961954,0.800000,0.169704
241,0.089172,5.818419,0.000000,0.968439,0.698228,0.034068
241,0.085435,5.841784,0.000000,0.986621,0.771281,0.099095
241,0.082196,5.890212,0.000000,1.000000,0.724198,0.067843
241,0.081200,6.158319,0.000000,0.972740,0.765749,0.114169
241,0.084772,5.761414,0.000000,1.000000,0.735450,0.059324
242,0.081104,35.133739,6.000000,1.000000,0.724369,0.000000
242,0.087941,29.723541,5.000000,1.000000,0.695331,0.077404
242,0.093877,29.621689,5.000000,0.977164,0.800000,0.160539
242,0.085553,29.866821,5.000000,1.000000,0.706743,0.049645
242,0.091040,29.851669,5.000000,0.970828,0.639140,0.148568
242,0.086886,24.951279,4.000000,0.984100,0.690737,0.073235
242,0.086647,24.801178,4.000000,1.000000,0.729448,0.055786
242,0.089639,24.846312,4.000000,0.978892,0.709505,0.089862
242,0.083505,19.989729,3.000000,1.000000,0.747257,0.037347
242,0.083704,19.977743,3.000000,1.000000,0.721620,0.026223
242,0.086193,15.409418,2.000000,0.942155,0.769394,0.095408
242,0.083112,15.177185,2.000000,0.983427,0.770417,0.063174
242,0.093722,9.404457,1.000000,0.997529,0.800000,0.157682
242,0.098057,9.555743,1.000000,0.961954,0.800000,0.197800
242,0.079194,5.248374,0.000000,1.000000,0.739625,0.026994
243,0.083505,59.989700,11.000000,1.000000,0.747257,0.000000
243,0.081104,30.133743,5.000000,1.000000,0.724369,0.037347
243,0.093877,29.621689,5.000000,0.977164,0.800000,0.125004
243,0.091040,24.851669,4.000000,0.970828,0.639140,0.157459
243,0.086647,24.801186,4.000000,1.000000,0.729448,0.038506
243,0.083704,24.977739,4.000000,1.000000,0.721620,0.032109
243,0.093722,24.404436,4.000000,0.997529,0.800000,0.121619
243,0.086886,19.951279,3.000000,0.984100,0.690737,0.079923
243,0.089639,19.846310,3.000000,0.978892,0.709505,0.080222
243,0.086193,15.409422,2.000000,0.942155,0.769394,0.069529
243,0.083112,15.177185,2.000000,0.983427,0.770417,0.033588
243,0.087941,9.723541,1.000000,1.000000,0.695331,0.078619
243,0.085553,9.866821,1.000000,1.000000,0.706743,0.054629
243,0.098057,9.555741,1.000000,0.961954,0.800000,0.164229
244,0.083639,31.095545,5.000000,0.942965,0.753944,0.000000
244,0.093877,30.293978,5.000000,0.977164,0.800000,0.122330
244,0.098057,30.236259,5.000000,0.961954,0.800000,0.156404
244,0.099249,25.058731,4.000000,0.973816,0.763097,0.159526
244,0.083112,25.780037,4.000000,0.983427,0.770417,0.045705
244,0.086193,25.983238,4.000000,0.942155,0.769394,0.032025
244,0.079550,20.871819,3.000000,0.994214,0.740578,0.067661
244,0.086886,20.582369,3.000000,0.984100,0.690737,0.094808
244,0.081104,15.742025,2.000000,1.000000,0.724369,0.072541
244,0.092977,15.467293,2.000000,0.963632,0.719854,0.104699
244,0.089639,15.490518,2.000000,0.978892,0.709505,0.089309
244,0.093722,15.103895,2.000000,0.997529,0.800000,0.128285
244,0.091040,15.495211,2.000000,0.970828,0.639140,0.163850
244,0.083505,15.615997,2.000000,1.000000,0.747257,0.057660
244,0.087941,10.383099,1.000000,1.000000,0.695331,0.102329
244,0.085553,10.508469,1.000000,1.000000,0.706743,0.084264
244,0.083704,10.605540,1.000000,1.000000,0.721620,0.069900
244,0.096287,10.141811,1.000000,0.980335,0.669880,0.168622
244,0.093379,10.097611,1.000000,1.000000,0.785516,0.119567
244,0.084027,5.588572,0.000000,1.000000,0.708584,0.080516
244,0.086647,5.451051,0.000000,1.000000,0.729448,0.071379
245,0.083112,45.579086,8.000000,0.983427,0.770417,0.000000
245,0.096287,24.910469,4.000000,0.980335,0.669880,0.182095
245,0.099249,24.823431,4.000000,0.973816,0.763097,0.161911
245,0.092977,25.251450,4.000000,0.963632,0.719854,0.118817
245,0.086886,25.372005,4.000000,0.984100,0.690737,0.106512
245,0.093877,20.069881,3.000000,0.977164,0.800000,0.113992
245,0.083505,20.407244,3.000000,1.000000,0.747257,0.033588
245,0.093722,19.870745,3.000000,0.997529,0.800000,0.113235
245,0.079550,20.675230,3.000000,0.994214,0.740578,0.052695
245,0.081104,15.539265,2.000000,1.000000,0.724369,0.063174
245,0.089639,15.275774,2.000000,0.978892,0.709505,0.100388
245,0.098057,15.009427,2.000000,0.961954,0.800000,0.155445
245,0.085553,15.294586,2.000000,1.000000,0.706743,0.084885
245,0.086193,10.791979,1.000000,0.942155,0.769394,0.051516
245,0.091040,10.280697,1.000000,0.970828,0.639140,0.182677
245,0.087941,10.163246,1.000000,1.000000,0.695331,0.106843
245,0.083704,10.396280,1.000000,1.000000,0.721620,0.063484
245,0.083639,10.909618,1.000000,0.942965,0.753944,0.045705
245,0.093379,9.864164,1.000000,1.000000,0.785516,0.105693
246,0.093722,31.036476,5.000000,0.997529,0.800000,0.000000
246,0.097066,26.341328,4.000000,0.941749,0.772783,0.073396
246,0.086886,26.423822,4.000000,0.984100,0.690737,0.153317
246,0.098057,21.143648,3.000000,0.961954,0.800000,0.056082
246,0.085382,21.661400,3.000000,0.959189,0.692989,0.162227
246,0.092549,21.066692,3.000000,1.000000,0.646680,0.192024
246,0.093379,21.031393,3.000000,1.000000,0.785516,0.018592
246,0.090210,21.348759,3.000000,0.975886,0.800000,0.041253
246,0.089639,21.349468,3.000000,0.978892,0.709505,0.121696
246,0.081104,21.553068,3.000000,1.000000,0.724369,0.157682
246,0.085553,16.363998,2.000000,1.000000,0.706743,0.142365
246,0.083639,16.839251,2.000000,0.942965,0.753944,0.128285
246,0.093877,16.190363,2.000000,0.977164,0.800000,0.020424
246,0.085367,16.642502,2.000000,0.961984,0.792598,0.091264
246,0.099249,15.999919,2.000000,0.973816,0.763097,0.075797
246,0.079550,11.658141,1.000000,0.994214,0.740578,0.160039
246,0.086193,11.748347,1.000000,0.942155,0.769394,0.100988
246,0.087941,11.262508,1.000000,1.000000,0.695331,0.143059
246,0.083505,11.451043,1.000000,1.000000,0.747257,0.121619
246,0.092977,11.330666,1.000000,0.963632,0.719854,0.106024
246,0.096287,11.067181,1.000000,0.980335,0.669880,0.165555
246,0.076767,6.737420,0.000000,1.000000,0.698218,0.211992
246,0.083112,6.583836,0.000000,0.983427,0.770417,0.113235
246,0.088920,6.220912,0.000000,1.000000,0.637999,0.208132
246,0.098725,6.417418,0.000000,0.924040,0.730274,0.124500
246,0.093037,6.105665,0.000000,0.992418,0.800000,0.008545
246,0.083704,6.442580,0.000000,1.000000,0.721620,0.140146
246,0.091040,6.353262,0.000000,0.970828,0.639140,0.204606
247,0.098057,35.463108,6.000000,0.961954,0.800000,0.000000
247,0.085382,31.072235,5.000000,0.959189,0.692989,0.184299
247,0.093722,30.337032,5.000000,0.997529,0.800000,0.056082
247,0.087941,25.602951,4.000000,1.000000,0.695331,0.169704
247,0.079550,26.068386,4.000000,0.994214,0.740578,0.202015
247,0.083639,26.281471,4.000000,0.942965,0.753944,0.156404
247,0.086886,20.792732,3.000000,0.984100,0.690737,0.177828
247,0.092549,20.372576,3.000000,1.000000,0.646680,0.203006
247,0.090210,20.704422,3.000000,0.975886,0.800000,0.079701
247,0.097066,15.695667,2.000000,0.941749,0.772783,0.040792
247,0.099249,15.294022,2.000000,0.973816,0.763097,0.049098
247,0.085367,16.050005,2.000000,0.961984,0.792598,0.127238
247,0.089639,15.705248,2.000000,0.978892,0.709505,0.142017
247,0.093379,15.331046,2.000000,1.000000,0.785516,0.062960
247,0.092977,10.683136,1.000000,0.963632,0.719854,0.112340
247,0.081104,10.944786,1.000000,1.000000,0.724369,0.197800
247,0.086193,11.174526,1.000000,0.942155,0.769394,0.126222
247,0.096287,5.373154,0.000000,0.980335,0.669880,0.164640
247,0.083505,5.824757,0.000000,1.000000,0.747257,0.164229
247,0.093877,5.518074,0.000000,0.977164,0.800000,0.044484
247,0.085553,5.722346,0.000000,1.000000,0.706743,0.175133
248,0.090210,39.845306,7.000000,0.975886,0.800000,0.000000
248,0.086886,34.951263,6.000000,0.984100,0.690737,0.140803
248,0.093722,29.404434,5.000000,0.997529,0.800000,0.041253
248,0.089639,29.846302,5.000000,0.978892,0.709505,0.113302
248,0.083639,25.537766,4.000000,0.942965,0.753944,0.093355
248,0.085367,25.260000,4.000000,0.961984,0.792598,0.051226
248,0.098057,19.555729,3.000000,0.961954,0.800000,0.079701
248,0.093379,19.397253,3.000000,1.000000,0.785516,0.043745
248,0.099249,19.352833,3.000000,0.973816,0.763097,0.101503
248,0.085382,15.286682,2.000000,0.959189,0.692989,0.143185
248,0.092549,14.447087,2.000000,1.000000,0.646680,0.194571
248,0.087941,14.723541,2.000000,1.000000,0.695331,0.134960
248,0.097066,9.834801,1.000000,0.941749,0.772783,0.083803
248,0.079550,10.282082,1.000000,0.994214,0.740578,0.131212
248,0.092977,9.819763,1.000000,0.963632,0.719854,0.104654
248,0.086193,10.409431,1.000000,0.942155,0.769394,0.064924
248,0.081104,5.133743,0.000000,1.000000,0.724369,0.133454
249,0.090210,40.274864,7.000000,0.975886,0.800000,0.000000
249,0.087941,35.163246,6.000000,1.000000,0.695331,0.134960
249,0.086886,25.372005,4.000000,0.984100,0.690737,0.140803
249,0.093722,24.870741,4.000000,0.997529,0.800000,0.041253
249,0.093379,24.864143,4.000000,1.000000,0.785516,0.043745
249,0.089639,20.275780,3.000000,0.978892,0.709505,0.113302
249,0.083639,20.909618,3.000000,0.942965,0.753944,0.093355
249,0.099249,19.823421,3.000000,0.973816,0.763097,0.101503
249,0.085382,20.679459,3.000000,0.959189,0.692989,0.143185
249,0.092549,19.909828,3.000000,1.000000,0.646680,0.194571
249,0.097066,20.265245,3.000000,0.941749,0.772783,0.083803
249,0.085367,15.655006,2.000000,0.961984,0.792598,0.051226
249,0.098057,15.009423,2.000000,0.961954,0.800000,0.079701
249,0.079550,15.675230,2.000000,0.994214,0.740578,0.131212
249,0.092977,10.251450,1.000000,0.963632,0.719854,0.104654
249,0.086193,5.791979,0.000000,0.942155,0.769394,0.064924
250,0.087941,44.063984,8.000000,1.000000,0.695331,0.000000
250,0.083639,39.979958,7.000000,0.942965,0.753944,0.102329
250,0.093379,33.696907,6.000000,1.000000,0.785516,0.125161
250,0.090210,29.200970,5.000000,0.975886,0.800000,0.134960
250,0.089639,29.202103,5.000000,0.978892,0.709505,0.032371
250,0.092977,24.172234,4.000000,0.963632,0.719854,0.069270
250,0.097066,19.189159,3.000000,0.941749,0.772783,0.145231
250,0.086886,14.320189,2.000000,0.984100,0.690737,0.019925
250,0.093722,13.705002,2.000000,0.997529,0.800000,0.143059
250,0.099249,13.646932,2.000000,0.973816,0.763097,0.143694
250,0.092549,13.752974,2.000000,1.000000,0.646680,0.076298
250,0.098057,13.875212,2.000000,0.961954,0.800000,0.169704
250,0.085382,9.697517,1.000000,0.959189,0.692989,0.048258
250,0.079550,9.692342,1.000000,0.994214,0.740578,0.101357
250,0.085367,4.667511,0.000000,0.961984,0.792598,0.129962
251,0.097066,44.189133,8.000000,0.941749,0.772783,0.000000
251,0.093379,33.696907,6.000000,1.000000,0.785516,0.070751
251,0.089639,34.202103,6.000000,0.978892,0.709505,0.114678
251,0.092549,33.752972,6.000000,1.000000,0.646680,0.174012
251,0.093722,28.704990,5.000000,0.997529,0.800000,0.073396
251,0.087941,24.063984,4.000000,1.000000,0.695331,0.145231
251,0.079550,24.692329,4.000000,0.994214,0.740578,0.187225
251,0.086886,19.320189,3.000000,0.984100,0.690737,0.150576
251,0.083639,14.979986,2.000000,0.942965,0.753944,0.136317
251,0.090210,14.200970,2.000000,0.975886,0.800000,0.083803
251,0.099249,13.646928,2.000000,0.973816,0.763097,0.040640
251,0.092977,9.172234,1.000000,0.963632,0.719854,0.080795
251,0.098057,8.875216,1.000000,0.961954,0.800000,0.040792
251,0.085382,4.697517,0.000000,0.959189,0.692989,0.154606
252,0.089639,33.833675,7.000000,0.978892,0.709505,0.000000
252,0.097066,28.808737,6.000000,0.941749,0.772783,0.114678
252,0.093722,27.876308,6.000000,0.997529,0.800000,0.121696
252,0.099249,22.764484,5.000000,0.973816,0.763097,0.117252
252,0.098057,23.204092,5.000000,0.961954,0.800000,0.142017
252,0.093379,17.860712,4.000000,1.000000,0.785516,0.104267
252,0.087941,18.567673,4.000000,1.000000,0.695331,0.032371
252,0.092549,12.968697,3.000000,1.000000,0.646680,0.086366
252,0.086886,14.061104,3.000000,0.984100,0.690737,0.036542
252,0.083639,15.331825,3.000000,0.942965,0.753944,0.089309
252,0.092977,8.776154,2.000000,0.963632,0.719854,0.038913
252,0.079550,4.777843,1.000000,0.994214,0.740578,0.109192
252,0.090210,3.831488,1.000000,0.975886,0.800000,0.113302
253,0.099249,34.823437,6.000000,0.973816,0.763097,0.000000
253,0.089639,30.275780,5.000000,0.978892,0.709505,0.117252
253,0.100000,29.962418,5.000000,0.957039,0.795420,0.044388
253,0.089761,25.086740,4.000000,0.997608,0.758816,0.097965
253,0.093379,24.864157,4.000000,1.000000,0.785516,0.070119
253,0.092977,25.251450,4.000000,0.963632,0.719854,0.083423
253,0.083639,25.909618,4.000000,0.942965,0.753944,0.159526
253,0.083489,20.933914,3.000000,0.941007,0.748439,0.162022
253,0.097904,19.902328,3.000000,0.972978,0.793612,0.040453
253,0.087941,20.163246,3.000000,1.000000,0.695331,0.143694
253,0.086886,15.372005,2.000000,0.984100,0.690737,0.153526
253,0.093722,14.870746,2.000000,0.997529,0.800000,0.075797
253,0.097998,14.743755,2.000000,0.987525,0.800000,0.049723
253,0.079550,10.675241,1.000000,0.994214,0.740578,0.200035
253,0.090210,10.274864,1.000000,0.975886,0.800000,0.101503
253,0.098057,10.009436,1.000000,0.961954,0.800000,0.049098
253,0.092549,4.909825,0.000000,1.000000,0.646680,0.162331
253,0.087869,5.167191,0.000000,1.000000,0.686787,0.150778
253,0.093438,4.914980,0.000000,0.994725,0.800000,0.077083
253,0.097066,5.265234,0.000000,0.941749,0.772783,0.040640
254,0.097904,27.950962,6.000000,0.972978,0.793612,0.000000
254,0.086886,24.061104,5.000000,0.984100,0.690737,0.169703
254,0.099249,17.764496,4.000000,0.973816,0.763097,0.040453
254,0.100000,18.092987,4.000000,0.957039,0.795420,0.026426
254,0.092977,18.776154,4.000000,0.963632,0.719854,0.104955
254,0.083489,20.389252,4.000000,0.941007,0.748439,0.158088
254,0.097998,17.576149,4.000000,0.987525,0.800000,0.016621
254,0.098057,18.204079,4.000000,0.961954,0.800000,0.013698
254,0.093379,12.860720,3.000000,1.000000,0.785516,0.053670
254,0.090210,13.831496,3.000000,0.975886,0.800000,0.077413
254,0.089639,8.833635,2.000000,0.978892,0.709505,0.133862
254,0.087941,8.567673,2.000000,1.000000,0.695331,0.160466
254,0.093722,7.876318,2.000000,0.997529,0.800000,0.049152
254,0.089761,3.386824,1.000000,0.997608,0.758816,0.095551
254,0.083639,5.331818,1.000000,0.942965,0.753944,0.153975
254,0.079550,4.777843,1.000000,0.994214,0.740578,0.196302
255,0.097998,28.531782,6.000000,0.987525,0.800000,0.000000
255,0.093722,23.808880,5.000000,0.997529,0.800000,0.043916
255,0.100000,19.282377,4.000000,0.945060,0.800000,0.046948
255,0.099249,18.705683,4.000000,0.973816,0.763097,0.049723
255,0.079550,20.564131,4.000000,0.994214,0.740578,0.198985
255,0.083489,21.128544,4.000000,0.941007,0.748439,0.165439
255,0.089761,14.280167,3.000000,0.997608,0.758816,0.097656
255,0.090210,14.690613,3.000000,0.975886,0.800000,0.078746
255,0.086886,9.902557,2.000000,0.984100,0.690737,0.176102
255,0.093365,10.260437,2.000000,0.932367,0.800000,0.072032
255,0.087941,9.447083,2.000000,1.000000,0.695331,0.165493
255,0.098057,9.111484,2.000000,0.961954,0.800000,0.025578
255,0.097904,8.877849,2.000000,0.972978,0.793612,0.016621
255,0.089639,4.692589,1.000000,0.978892,0.709505,0.140915
255,0.093379,3.794532,1.000000,1.000000,0.785516,0.051156
255,0.092977,4.639534,1.000000,0.963632,0.719854,0.114580
255,0.085615,6.169144,1.000000,0.927120,0.635879,0.247123
255,0.096721,4.843041,1.000000,0.935474,0.712501,0.121799
255,0.091156,5.681396,1.000000,0.922983,0.686159,0.170580
255,0.091825,4.705627,1.000000,0.966561,0.800000,0.065195
255,0.083639,1.075513,0.000000,0.942965,0.753944,0.160987
255,0.100000,-0.991089,0.000000,0.957039,0.795420,0.036919
255,0.078681,2.009506,0.000000,0.919945,0.711752,0.232488
255,0.097626,-0.609044,0.000000,0.951621,0.800000,0.036096
256,0.096721,30.979540,5.000000,0.935474,0.712501,0.000000
256,0.093722,25.570183,4.000000,0.997529,0.800000,0.129278
256,0.092977,25.898979,4.000000,0.963632,0.719854,0.047738
256,0.079550,26.264971,4.000000,0.994214,0.740578,0.184841
256,0.097998,25.460516,4.000000,0.987525,0.800000,0.121799
256,0.090210,25.919201,4.000000,0.975886,0.800000,0.133548
256,0.087941,20.822803,3.000000,1.000000,0.695331,0.111053
256,0.093379,20.564491,3.000000,1.000000,0.785516,0.116663
256,0.093365,21.144756,3.000000,0.932367,0.800000,0.114448
256,0.089761,20.756737,3.000000,0.997608,0.758816,0.109801
256,0.097904,15.597477,2.000000,0.972978,0.793612,0.108749
256,0.089639,15.919993,2.000000,0.978892,0.709505,0.083150
256,0.083489,16.488388,2.000000,0.941007,0.748439,0.139849
256,0.100000,15.757601,2.000000,0.945060,0.800000,0.114586
256,0.091825,15.925144,2.000000,0.966561,0.800000,0.123799
256,0.086886,11.003096,1.000000,0.984100,0.690737,0.113031
256,0.099249,10.529317,1.000000,0.973816,0.763097,0.078161
256,0.091156,11.311386,1.000000,0.922983,0.686159,0.065860
256,0.098057,5.689962,0.000000,0.961954,0.800000,0.113324
256,0.085615,6.504453,0.000000,0.927120,0.635879,0.146892
257,0.093379,43.561047,9.000000,1.000000,0.785516,0.000000
257,0.096721,24.631445,5.000000,0.935474,0.712501,0.116663
257,0.100000,24.059088,5.000000,0.945060,0.800000,0.087921
257,0.097998,23.292910,5.000000,0.987525,0.800000,0.051156
257,0.089761,24.056843,5.000000,0.997608,0.758816,0.049281
257,0.093722,13.575736,3.000000,0.997529,0.800000,0.018592
257,0.089639,14.477879,3.000000,0.978892,0.709505,0.104267
257,0.087941,9.227230,2.000000,1.000000,0.695331,0.125161
257,0.093365,10.057529,2.000000,0.932367,0.800000,0.070015
257,0.090210,9.475834,2.000000,0.975886,0.800000,0.043745
257,0.097904,8.646133,2.000000,0.972978,0.793612,0.053670
257,0.083489,10.943748,2.000000,0.941007,0.748439,0.124137
257,0.086886,9.692194,2.000000,0.984100,0.690737,0.136029
257,0.079550,5.367583,1.000000,0.994214,0.740578,0.149376
257,0.092977,4.423691,1.000000,0.963632,0.719854,0.089864
257,0.091156,5.487259,1.000000,0.922983,0.686159,0.147820
257,0.091825,-0.508837,0.000000,0.966561,0.800000,0.041079
257,0.099249,-1.529642,0.000000,0.973816,0.763097,0.070119
258,0.087941,28.787525,6.000000,1.000000,0.695331,0.000000
258,0.093379,23.094158,5.000000,1.000000,0.785516,0.125161
258,0.093722,23.109428,5.000000,0.997529,0.800000,0.143059
258,0.097998,17.815069,4.000000,0.987525,0.800000,0.165493
258,0.089761,18.610191,4.000000,0.997608,0.758816,0.081451
258,0.089639,19.048416,4.000000,0.978892,0.709505,0.032371
258,0.083489,20.574078,4.000000,0.941007,0.748439,0.099345
258,0.096721,14.208239,3.000000,0.935474,0.712501,0.111053
258,0.090210,14.046276,3.000000,0.975886,0.800000,0.134960
258,0.079550,14.974390,3.000000,0.994214,0.740578,0.101357
258,0.092977,13.991997,3.000000,0.963632,0.719854,0.069270
258,0.100000,8.612490,2.000000,0.945060,0.800000,0.186222
258,0.097904,8.182718,2.000000,0.972978,0.793612,0.160466
258,0.093365,4.651706,1.000000,0.932367,0.800000,0.156954
258,0.091156,5.098984,1.000000,0.922983,0.686159,0.084241
258,0.086886,-0.728533,0.000000,0.984100,0.690737,0.019925
259,0.097904,39.902336,7.000000,0.972978,0.793612,0.000000
259,0.087941,30.163246,5.000000,1.000000,0.695331,0.160466
259,0.093722,29.870735,5.000000,0.997529,0.800000,0.049152
259,0.097998,29.743755,5.000000,0.987525,0.800000,0.016621
259,0.083489,30.933918,5.000000,0.941007,0.748439,0.158088
259,0.079550,30.675226,5.000000,0.994214,0.740578,0.196302
259,0.093379,24.864147,4.000000,1.000000,0.785516,0.053670
259,0.089639,20.275780,3.000000,0.978892,0.709505,0.133862
259,0.090210,20.274864,3.000000,0.975886,0.800000,0.077413
259,0.092977,20.251450,3.000000,0.963632,0.719854,0.104955
259,0.089761,15.086732,2.000000,0.997608,0.758816,0.095551
259,0.091156,15.728973,2.000000,0.922983,0.686159,0.158414
259,0.096721,10.344730,1.000000,0.935474,0.712501,0.108749
259,0.100000,5.087743,0.000000,0.945060,0.800000,0.035811
259,0.093365,5.536027,0.000000,0.932367,0.800000,0.061428
260,0.083489,36.683014,7.000000,0.941007,0.748439,0.000000
260,0.089761,34.950100,7.000000,0.997608,0.758816,0.085476
260,0.093722,29.508348,6.000000,0.997529,0.800000,0.133494
260,0.079550,26.153862,5.000000,0.994214,0.740578,0.066925
260,0.087941,20.106640,4.000000,1.000000,0.695331,0.099345
260,0.097998,19.248590,4.000000,0.987525,0.800000,0.165439
260,0.090210,20.334949,4.000000,0.975886,0.800000,0.099439
260,0.097904,14.572979,3.000000,0.972978,0.793612,0.158088
260,0.089639,15.336828,3.000000,0.978892,0.709505,0.087103
260,0.096721,15.477858,3.000000,0.935474,0.712501,0.139849
260,0.093379,9.494867,2.000000,1.000000,0.785516,0.124137
260,0.092977,5.287062,1.000000,0.963632,0.719854,0.103883
260,0.091156,6.263809,1.000000,0.922983,0.686159,0.110742
261,0.096721,40.979523,7.000000,0.935474,0.712501,0.000000
261,0.090210,35.919201,6.000000,0.975886,0.800000,0.133548
261,0.089761,30.756733,5.000000,0.997608,0.758816,0.109801
261,0.097998,30.460508,5.000000,0.987525,0.800000,0.121799
261,0.093722,25.570179,4.000000,0.997529,0.800000,0.129278
261,0.094465,20.512918,3.000000,1.000000,0.800000,0.128977
261,0.083489,21.488392,3.000000,0.941007,0.748439,0.139849
261,0.093379,20.564497,3.000000,1.000000,0.785516,0.116663
261,0.079550,21.264969,3.000000,0.994214,0.740578,0.184841
261,0.092171,15.621885,2.000000,1.000000,0.746424,0.089620
261,0.090821,16.102501,2.000000,0.950500,0.643245,0.105832
261,0.093133,16.121235,2.000000,0.936371,0.800000,0.115111
261,0.089639,10.919984,1.000000,0.978892,0.709505,0.083150
261,0.097904,10.597484,1.000000,0.972978,0.793612,0.108749
261,0.087941,10.822803,1.000000,1.000000,0.695331,0.111053
261,0.092977,10.898979,1.000000,0.963632,0.719854,0.047738
261,0.099862,10.256559,1.000000,1.000000,0.746669,0.083514
261,0.091156,6.311386,0.000000,0.922983,0.686159,0.065860
261,0.082676,6.802183,0.000000,0.902382,0.764077,0.158042
261,0.081602,6.407512,0.000000,0.962723,0.756205,0.163052
262,0.090210,35.274864,6.000000,0.975886,0.800000,0.000000
262,0.090821,35.487106,6.000000,0.950500,0.643245,0.197675
262,0.087941,35.163246,6.000000,1.000000,0.695331,0.134960
262,0.094465,29.804420,5.000000,1.000000,0.800000,0.048909
262,0.097998,24.743755,4.000000,0.987525,0.800000,0.078746
262,0.092977,20.251450,3.000000,0.963632,0.719854,0.104654
262,0.083489,20.933920,3.000000,0.941007,0.748439,0.099439
262,0.096721,20.344730,3.000000,0.935474,0.712501,0.133548
262,0.092171,19.930599,3.000000,1.000000,0.746424,0.073831
262,0.093133,20.508795,3.000000,0.936371,0.800000,0.049154
262,0.097904,19.902340,3.000000,0.972978,0.793612,0.077413
262,0.093722,14.870742,2.000000,0.997529,0.800000,0.041253
262,0.093379,14.864152,2.000000,1.000000,0.785516,0.043745
262,0.079550,10.675241,1.000000,0.994214,0.740578,0.131212
262,0.089639,5.275773,0.000000,0.978892,0.709505,0.113302
262,0.089761,5.086736,0.000000,0.997608,0.758816,0.056056
262,0.099862,4.507595,0.000000,1.000000,0.746669,0.119758
263,0.097998,32.337227,7.000000,0.987525,0.800000,0.000000
263,0.090210,28.616718,6.000000,0.975886,0.800000,0.078746
263,0.092171,27.787373,6.000000,1.000000,0.746424,0.089643
263,0.087941,18.347820,4.000000,1.000000,0.695331,0.165493
263,0.092977,18.560310,4.000000,0.963632,0.719854,0.114580
263,0.090821,14.128029,3.000000,0.950500,0.643245,0.211932
263,0.094465,12.483404,3.000000,1.000000,0.800000,0.037467
263,0.083489,15.204436,3.000000,0.941007,0.748439,0.165439
263,0.096721,13.785032,3.000000,0.935474,0.712501,0.121799
263,0.097904,12.719266,3.000000,0.972978,0.793612,0.016621
263,0.093722,12.643146,3.000000,0.997529,0.800000,0.043916
263,0.093379,7.627292,2.000000,1.000000,0.785516,0.051156
263,0.079550,9.581246,2.000000,0.994214,0.740578,0.198985
263,0.093133,4.180253,1.000000,0.936371,0.800000,0.070592
264,0.097998,45.221569,8.000000,0.987525,0.800000,0.000000
264,0.090821,35.897369,6.000000,0.950500,0.643245,0.211932
264,0.092171,30.391464,5.000000,1.000000,0.746424,0.089643
264,0.093133,25.917086,4.000000,0.936371,0.800000,0.070592
264,0.090522,20.691978,3.000000,0.975613,0.753829,0.095195
264,0.090634,21.112785,3.000000,0.926165,0.800000,0.095853
264,0.092977,20.683136,3.000000,0.963632,0.719854,0.114580
264,0.097904,15.365760,2.000000,0.972978,0.793612,0.016621
264,0.098062,15.523896,2.000000,0.955463,0.800000,0.032068
264,0.093722,15.337041,2.000000,0.997529,0.800000,0.043916
264,0.096721,15.767937,2.000000,0.935474,0.712501,0.121799
264,0.087941,15.602951,2.000000,1.000000,0.695331,0.165493
264,0.090210,15.704422,2.000000,0.975886,0.800000,0.078746
264,0.093379,10.331059,1.000000,1.000000,0.785516,0.051156
264,0.079550,11.068401,1.000000,0.994214,0.740578,0.198985
264,0.083489,11.303577,1.000000,0.941007,0.748439,0.165439
264,0.094465,10.276756,1.000000,1.000000,0.800000,0.037467
264,0.093662,10.657196,1.000000,0.962984,0.772845,0.060290
264,0.083681,10.815964,1.000000,1.000000,0.645329,0.240901
265,0.090210,35.704422,6.000000,0.975886,0.800000,0.000000
265,0.093722,35.337044,6.000000,0.997529,0.800000,0.041253
265,0.090634,26.112785,4.000000,0.926165,0.800000,0.049901
265,0.087941,25.602951,4.000000,1.000000,0.695331,0.134960
265,0.097998,20.221596,3.000000,0.987525,0.800000,0.078746
265,0.097904,20.365761,3.000000,0.972978,0.793612,0.077413
265,0.096721,20.767937,3.000000,0.935474,0.712501,0.133548
265,0.094465,15.276756,2.000000,1.000000,0.800000,0.048909
265,0.079550,16.068399,2.000000,0.994214,0.740578,0.131212
265,0.100000,15.000000,2.000000,1.000000,0.800000,0.100828
265,0.092406,15.379677,2.000000,1.000000,0.692418,0.138377
265,0.093133,15.917090,2.000000,0.936371,0.800000,0.049154
265,0.092171,15.391452,2.000000,1.000000,0.746424,0.073831
265,0.090564,10.885410,1.000000,0.953236,0.678713,0.153332
265,0.097322,10.475464,1.000000,0.964265,0.800000,0.072065
265,0.083681,10.815964,1.000000,1.000000,0.645329,0.205484
265,0.090821,10.897369,1.000000,0.950500,0.643245,0.197675
265,0.083489,11.303576,1.000000,0.941007,0.748439,0.099439
265,0.093379,10.331057,1.000000,1.000000,0.785516,0.043745
265,0.098062,10.523891,1.000000,0.955463,0.800000,0.081137
265,0.092977,10.683136,1.000000,0.963632,0.719854,0.104654
265,0.090522,10.691967,1.000000,0.975613,0.753829,0.057799
265,0.093662,5.657201,0.000000,0.962984,0.772845,0.050101
265,0.099910,5.604115,0.000000,0.938069,0.751318,0.120589
265,0.090108,5.746059,0.000000,0.971695,0.774293,0.032422
265,0.086054,6.207957,0.000000,0.938785,0.775666,0.063473
266,0.079550,36.461563,6.000000,0.994214,0.740578,0.000000
266,0.090210,36.133980,6.000000,0.975886,0.800000,0.131212
266,0.093722,30.803335,5.000000,0.997529,0.800000,0.160039
266,0.097998,30.699436,5.000000,0.987525,0.800000,0.198985
266,0.092406,30.841713,5.000000,1.000000,0.692418,0.142080
266,0.090634,21.501507,3.000000,0.926165,0.800000,0.149779
266,0.097904,20.829182,3.000000,0.972978,0.793612,0.196302
266,0.083681,21.234367,3.000000,1.000000,0.645329,0.126156
266,0.093379,15.797944,2.000000,1.000000,0.785516,0.149376
266,0.100000,15.500000,2.000000,1.000000,0.800000,0.217650
266,0.090564,16.296877,2.000000,0.953236,0.678713,0.140678
266,0.093133,11.325365,1.000000,0.936371,0.800000,0.165270
266,0.092977,11.114822,1.000000,0.963632,0.719854,0.140125
266,0.098062,10.971502,1.000000,0.955463,0.800000,0.203199
266,0.083489,11.673220,1.000000,0.941007,0.748439,0.066925
266,0.090821,11.307632,1.000000,0.950500,0.643245,0.171516
266,0.092171,10.852301,1.000000,1.000000,0.746424,0.126555
266,0.094465,10.749081,1.000000,1.000000,0.800000,0.166724
266,0.096721,11.191143,1.000000,0.935474,0.712501,0.184841
266,0.097322,5.927917,0.000000,0.964265,0.800000,0.194934
266,0.087941,6.042656,0.000000,1.000000,0.695331,0.101357
266,0.090522,6.122770,0.000000,0.975613,0.753829,0.112511
267,0.090821,45.692238,8.000000,0.950500,0.643245,0.000000
267,0.079550,35.871815,6.000000,0.994214,0.740578,0.171516
267,0.092406,35.148678,6.000000,1.000000,0.692418,0.080496
267,0.090564,30.679688,5.000000,0.953236,0.678713,0.044494
267,0.093722,25.103889,4.000000,0.997529,0.800000,0.203585
267,0.100000,24.750000,4.000000,1.000000,0.800000,0.221966
267,0.097904,20.134041,3.000000,0.972978,0.793612,0.202115
267,0.093379,20.097595,3.000000,1.000000,0.785516,0.186362
267,0.097998,14.982676,2.000000,0.987525,0.800000,0.211932
267,0.092171,15.161022,2.000000,1.000000,0.746424,0.138804
267,0.096721,10.556334,1.000000,0.935474,0.712501,0.105832
267,0.094465,10.040594,1.000000,1.000000,0.800000,0.205357
267,0.083489,11.118756,1.000000,0.941007,0.748439,0.150854
267,0.092977,10.467293,1.000000,0.963632,0.719854,0.099031
267,0.093133,10.712926,1.000000,0.936371,0.800000,0.197808
267,0.090634,10.918425,1.000000,0.926165,0.800000,0.197457
267,0.090210,10.489643,1.000000,0.975886,0.800000,0.197675
267,0.098062,5.300092,0.000000,0.955463,0.800000,0.208954
267,0.083681,5.606756,0.000000,1.000000,0.645329,0.086923
268,0.094465,34.136486,7.000000,1.000000,0.800000,0.000000
268,0.093722,29.275200,6.000000,0.997529,0.800000,0.007832
268,0.097998,29.009670,6.000000,0.987525,0.800000,0.037467
268,0.092171,24.400368,5.000000,1.000000,0.746424,0.070790
268,0.097904,24.341236,5.000000,0.972978,0.793612,0.044462
268,0.090821,20.563950,4.000000,0.950500,0.643245,0.205357
268,0.079550,15.957286,3.000000,0.994214,0.740578,0.166724
268,0.090564,15.536479,3.000000,0.953236,0.678713,0.163382
268,0.100000,8.500000,2.000000,1.000000,0.800000,0.055350
268,0.092406,9.373257,2.000000,1.000000,0.692418,0.136044
268,0.092977,10.071213,2.000000,0.963632,0.719854,0.107614
268,0.090634,11.059406,2.000000,0.926165,0.800000,0.083182
268,0.090210,10.120171,2.000000,0.975886,0.800000,0.048909
268,0.096721,5.266248,1.000000,0.935474,0.712501,0.128977
268,0.093379,-0.738580,0.000000,1.000000,0.785516,0.021113
268,0.083489,1.498214,0.000000,0.941007,0.748439,0.140294
268,0.093133,0.609281,0.000000,0.936371,0.800000,0.065007
269,0.100000,39.250000,7.000000,1.000000,0.800000,0.000000
269,0.096721,35.133099,6.000000,0.935474,0.712501,0.131155
269,0.090821,30.281975,5.000000,0.950500,0.643245,0.221966
269,0.094465,24.568270,4.000000,1.000000,0.800000,0.055350
269,0.097998,24.504835,4.000000,0.987525,0.800000,0.023589
269,0.097904,24.670631,4.000000,0.972978,0.793612,0.035116
269,0.079550,25.478642,4.000000,0.994214,0.740578,0.217650
269,0.090564,25.268244,4.000000,0.953236,0.678713,0.184597
269,0.092977,25.035606,4.000000,0.963632,0.719854,0.127639
269,0.090210,20.060085,3.000000,0.975886,0.800000,0.100828
269,0.093722,14.637598,2.000000,0.997529,0.800000,0.062831
269,0.092171,14.700162,2.000000,1.000000,0.746424,0.103026
269,0.092406,9.686628,1.000000,1.000000,0.692418,0.154436
269,0.090634,5.529703,0.000000,0.926165,0.800000,0.119264
270,0.097998,33.770706,7.000000,0.987525,0.800000,0.000000
270,0.097904,34.109524,7.000000,0.972978,0.793612,0.016621
270,0.092977,34.855370,7.000000,0.963632,0.719854,0.114580
270,0.079550,25.760704,5.000000,0.994214,0.740578,0.198985
270,0.093722,24.042025,5.000000,0.997529,0.800000,0.043916
270,0.100000,18.250000,4.000000,1.000000,0.800000,0.023589
270,0.096721,20.054649,4.000000,0.935474,0.712501,0.121799
270,0.094465,13.900377,3.000000,1.000000,0.800000,0.037467
270,0.090564,15.330748,3.000000,0.953236,0.678713,0.172300
270,0.090821,10.358818,2.000000,0.950500,0.643245,0.211932
270,0.090210,4.905381,1.000000,0.975886,0.800000,0.078746
270,0.092171,4.169904,1.000000,1.000000,0.746424,0.089643
270,0.092406,4.142241,1.000000,1.000000,0.692418,0.146172
271,0.096107,27.986609,6.000000,1.000000,0.800000,0.000000
271,0.097998,23.053989,5.000000,0.987525,0.800000,0.022653
271,0.091279,24.144991,5.000000,0.975380,0.800000,0.054192
271,0.096872,23.683516,5.000000,0.966719,0.788401,0.037100
271,0.096721,19.419842,4.000000,0.935474,0.712501,0.127137
271,0.092406,18.449192,4.000000,1.000000,0.692418,0.139476
271,0.097904,13.414396,3.000000,0.972978,0.793612,0.033421
271,0.099372,14.273643,3.000000,0.929262,0.712585,0.134200
271,0.100000,12.500000,3.000000,1.000000,0.800000,0.038929
271,0.090821,14.743423,3.000000,0.950500,0.643245,0.208897
271,0.085592,9.305450,2.000000,0.999792,0.744786,0.125780
271,0.093722,8.342612,2.000000,0.997529,0.800000,0.023981
271,0.092977,9.207840,2.000000,0.963632,0.719854,0.111081
271,0.094465,3.191882,1.000000,1.000000,0.800000,0.016421
271,0.100000,2.500000,1.000000,1.000000,0.800000,0.038929
271,0.079550,5.171003,1.000000,0.994214,0.740578,0.181562
271,0.090210,-0.738961,0.000000,0.975886,0.800000,0.063712
271,0.092171,-1.521372,0.000000,1.000000,0.746424,0.077680
271,0.090564,-0.286470,0.000000,0.953236,0.678713,0.168061
271,0.098548,-2.318462,0.000000,1.000000,0.708352,0.117131
272,0.090821,40.897369,7.000000,0.950500,0.643245,0.000000
272,0.096107,30.194658,5.000000,1.000000,0.800000,0.208897
272,0.099372,30.709457,5.000000,0.929262,0.712585,0.123595
272,0.100000,30.000000,5.000000,1.000000,0.800000,0.221966
272,0.097904,25.365759,4.000000,0.972978,0.793612,0.202115
272,0.085592,25.722195,4.000000,0.999792,0.744786,0.145858
272,0.097998,20.221594,3.000000,0.987525,0.800000,0.211932
272,0.096872,20.473410,3.000000,0.966719,0.788401,0.191955
272,0.094465,20.276756,3.000000,1.000000,0.800000,0.205357
272,0.091279,15.657997,2.000000,0.975380,0.800000,0.197570
272,0.096721,15.767937,2.000000,0.935474,0.712501,0.105832
272,0.092406,15.379677,2.000000,1.000000,0.692418,0.080496
272,0.092977,15.683136,2.000000,0.963632,0.719854,0.099031
272,0.100000,15.000000,2.000000,1.000000,0.800000,0.221966
272,0.079550,11.068401,1.000000,0.994214,0.740578,0.171516
272,0.093722,5.337042,0.000000,0.997529,0.800000,0.203585
273,0.096107,34.714127,6.000000,1.000000,0.800000,0.000000
273,0.079550,35.675224,6.000000,0.994214,0.740578,0.181562
273,0.092406,29.917648,5.000000,1.000000,0.692418,0.139476
273,0.099372,25.280403,4.000000,0.929262,0.712585,0.134200
273,0.097904,24.902328,4.000000,0.972978,0.793612,0.033421
273,0.085592,25.294415,4.000000,0.999792,0.744786,0.125780
273,0.097998,24.743755,4.000000,0.987525,0.800000,0.022653
273,0.091279,25.223797,4.000000,0.975380,0.800000,0.054192
273,0.100000,24.500000,4.000000,1.000000,0.800000,0.038929
273,0.092977,20.251450,3.000000,0.963632,0.719854,0.111081
273,0.096872,15.020757,2.000000,0.966719,0.788401,0.037100
273,0.090821,10.487106,1.000000,0.950500,0.643245,0.208897
273,0.100000,9.500000,1.000000,1.000000,0.800000,0.038929
273,0.094465,9.804430,1.000000,1.000000,0.800000,0.016421
273,0.096721,10.344730,1.000000,0.935474,0.712501,0.127137
274,0.100000,39.500000,7.000000,1.000000,0.800000,0.000000
274,0.079550,25.675234,4.000000,0.994214,0.740578,0.217650
274,0.075032,26.217197,4.000000,0.957416,0.715074,0.274628
274,0.085592,25.294416,4.000000,0.999792,0.744786,0.159760
274,0.100000,19.500000,3.000000,1.000000,0.800000,0.000000
274,0.096107,19.714117,3.000000,1.000000,0.800000,0.038929
274,0.096872,20.020748,3.000000,0.966719,0.788401,0.047917
274,0.091279,20.223797,3.000000,0.975380,0.800000,0.090615
274,0.092406,19.917645,3.000000,1.000000,0.692418,0.154436
274,0.097998,14.743755,2.000000,0.987525,0.800000,0.023589
274,0.093418,15.224049,2.000000,0.964125,0.800000,0.074963
274,0.096721,15.344730,2.000000,0.935474,0.712501,0.131155
274,0.090821,15.487106,2.000000,0.950500,0.643245,0.221966
274,0.097904,14.902341,2.000000,0.972978,0.793612,0.035116
274,0.099372,10.280403,1.000000,0.929262,0.712585,0.130318
274,0.094465,9.804432,1.000000,1.000000,0.800000,0.055350
274,0.099290,9.539024,1.000000,1.000000,0.800000,0.007096
274,0.091189,9.984594,1.000000,1.000000,0.723825,0.129730
274,0.100000,10.147720,1.000000,0.939271,0.753790,0.083812
274,0.092977,10.251450,1.000000,0.963632,0.719854,0.127639
274,0.092732,4.899727,0.000000,1.000000,0.656161,0.193932
274,0.096689,5.856878,0.000000,0.882660,0.722471,0.155746
274,0.100000,5.250667,0.000000,0.929255,0.800000,0.070745
274,0.092597,5.301720,0.000000,0.960485,0.771514,0.091160
275,0.085592,30.936081,5.000000,0.999792,0.744786,0.000000
275,0.100000,30.250000,5.000000,1.000000,0.800000,0.159760
275,0.091189,30.668514,5.000000,1.000000,0.723825,0.061803
275,0.079550,26.264969,4.000000,0.994214,0.740578,0.060904
275,0.075032,26.733034,4.000000,0.957416,0.715074,0.119687
275,0.096721,25.979540,4.000000,0.935474,0.712501,0.134725
275,0.093418,20.875315,3.000000,0.964125,0.800000,0.110274
275,0.100000,20.250000,3.000000,1.000000,0.800000,0.159760
275,0.096107,20.434929,3.000000,1.000000,0.800000,0.125780
275,0.092406,15.610693,2.000000,1.000000,0.692418,0.094493
275,0.097998,15.460516,2.000000,0.987525,0.800000,0.142496
275,0.096872,15.699747,2.000000,0.966719,0.788401,0.129582
275,0.099372,15.923985,2.000000,0.929262,0.712585,0.159953
275,0.100000,15.809395,2.000000,0.939271,0.753790,0.156681
275,0.091279,10.875097,1.000000,0.975380,0.800000,0.092706
275,0.097904,10.597484,1.000000,0.972978,0.793612,0.140014
275,0.094465,10.512918,1.000000,1.000000,0.800000,0.112414
275,0.099290,10.283703,1.000000,1.000000,0.800000,0.153391
275,0.090821,6.102501,0.000000,0.950500,0.643245,0.145858
275,0.092977,5.898984,0.000000,0.963632,0.719854,0.087937
276,0.092406,25.610693,4.000000,1.000000,0.692418,0.000000
276,0.099290,25.283703,4.000000,1.000000,0.800000,0.151073
276,0.091279,25.875097,4.000000,0.975380,0.800000,0.137176
276,0.097998,25.460516,4.000000,0.987525,0.800000,0.146172
276,0.100000,25.250000,4.000000,1.000000,0.800000,0.154436
276,0.100000,20.250000,3.000000,1.000000,0.800000,0.154436
276,0.079550,21.264967,3.000000,0.994214,0.740578,0.142080
276,0.096872,20.699741,3.000000,0.966719,0.788401,0.132276
276,0.099372,20.923985,3.000000,0.929262,0.712585,0.102430
276,0.091189,20.668518,3.000000,1.000000,0.723825,0.041102
276,0.097904,20.597473,3.000000,0.972978,0.793612,0.140546
276,0.096721,15.979540,2.000000,0.935474,0.712501,0.081579
276,0.093418,15.875315,2.000000,0.964125,0.800000,0.139547
276,0.096107,15.434915,2.000000,1.000000,0.800000,0.139476
276,0.085592,15.936074,2.000000,0.999792,0.744786,0.094493
276,0.100000,15.809395,2.000000,0.939271,0.753790,0.123852
276,0.075032,11.733034,1.000000,0.957416,0.715074,0.181110
276,0.094465,10.512918,1.000000,1.000000,0.800000,0.136044
277,0.100000,30.000000,5.000000,1.000000,0.800000,0.000000
277,0.100000,30.000000,5.000000,1.000000,0.800000,0.000000
277,0.092406,25.379677,4.000000,1.000000,0.692418,0.154436
277,0.099290,20.035477,3.000000,1.000000,0.800000,0.007096
277,0.085592,20.722195,3.000000,0.999792,0.744786,0.159760
277,0.096872,20.473408,3.000000,0.966719,0.788401,0.047917
277,0.079550,21.068384,3.000000,0.994214,0.740578,0.217650
277,0.099372,15.709457,2.000000,0.929262,0.712585,0.130318
277,0.091189,15.440553,2.000000,1.000000,0.723825,0.129730
277,0.096721,15.767937,2.000000,0.935474,0.712501,0.131155
277,0.093418,15.658226,2.000000,0.964125,0.800000,0.074963
277,0.072647,16.789984,2.000000,0.940071,0.711769,0.300957
277,0.091753,15.696487,2.000000,0.968539,0.800000,0.088271
277,0.094465,15.276756,2.000000,1.000000,0.800000,0.055350
277,0.098400,15.179625,2.000000,0.989826,0.670333,0.163189
277,0.097998,10.221596,1.000000,0.987525,0.800000,0.023589
277,0.100000,10.882950,1.000000,0.907419,0.656007,0.202405
277,0.097523,10.806293,1.000000,0.927389,0.752065,0.097347
277,0.100000,10.000000,1.000000,1.000000,0.744403,0.069496
277,0.090954,10.452290,1.000000,1.000000,0.800000,0.090458
277,0.099602,10.019894,1.000000,1.000000,0.800000,0.003980
277,0.075032,11.561089,1.000000,0.957416,0.715074,0.274628
277,0.097904,10.365772,1.000000,0.972978,0.793612,0.035116
277,0.100000,5.588842,0.000000,0.939271,0.753790,0.083812
277,0.100000,5.000000,0.000000,1.000000,0.800000,0.000000
277,0.091279,5.657997,0.000000,0.975380,0.800000,0.090615
277,0.096107,5.194645,0.000000,1.000000,0.800000,0.038929
277,0.090359,5.757732,0.000000,0.969008,0.697070,0.163734
277,0.098189,5.285912,0.000000,0.979901,0.758228,0.058807
278,0.100000,25.500000,4.000000,1.000000,0.800000,0.000000
278,0.100000,25.500000,4.000000,1.000000,0.744403,0.069496
278,0.100000,25.500000,4.000000,1.000000,0.800000,0.000000
278,0.099290,20.531929,3.000000,1.000000,0.800000,0.007096
278,0.079550,21.461544,3.000000,0.994214,0.740578,0.217650
278,0.096721,21.191143,3.000000,0.935474,0.712501,0.131155
278,0.099602,20.517918,3.000000,1.000000,0.800000,0.003980
278,0.098400,20.661667,3.000000,0.989826,0.670333,0.163189
278,0.097998,20.699436,3.000000,0.987525,0.800000,0.023589
278,0.085592,16.149969,2.000000,0.999792,0.744786,0.159760
278,0.096872,15.926068,2.000000,0.966719,0.788401,0.047917
278,0.099372,16.138512,2.000000,0.929262,0.712585,0.130318
278,0.093418,16.092403,2.000000,0.964125,0.800000,0.074963
278,0.092406,15.841709,2.000000,1.000000,0.692418,0.154436
278,0.094465,15.749081,2.000000,1.000000,0.800000,0.055350
278,0.100000,16.294655,2.000000,0.907419,0.656007,0.202405
278,0.090954,15.907075,2.000000,1.000000,0.800000,0.090458
278,0.075032,11.904980,1.000000,0.957416,0.715074,0.274628
278,0.072647,12.110991,1.000000,0.940071,0.711769,0.300957
278,0.097523,11.225664,1.000000,0.927389,0.752065,0.097347
278,0.091189,10.896486,1.000000,1.000000,0.723825,0.129730
278,0.091753,6.126839,0.000000,0.968539,0.800000,0.088271
278,0.097904,5.829190,0.000000,0.972978,0.793612,0.035116
279,0.097998,40.221577,7.000000,0.987525,0.800000,0.000000
279,0.100000,30.000000,5.000000,1.000000,0.800000,0.023589
279,0.079550,26.068392,4.000000,0.994214,0.740578,0.198985
279,0.094465,25.276756,4.000000,1.000000,0.800000,0.037467
279,0.099602,20.019905,3.000000,1.000000,0.800000,0.020321
279,0.096872,20.473408,3.000000,0.966719,0.788401,0.027745
279,0.091189,15.440555,2.000000,1.000000,0.723825,0.117721
279,0.090954,15.452290,2.000000,1.000000,0.800000,0.071534
279,0.100000,15.882950,2.000000,0.907419,0.656007,0.198027
279,0.092406,15.379677,2.000000,1.000000,0.692418,0.146172
279,0.099372,15.709457,2.000000,0.929262,0.712585,0.124591
279,0.085592,15.722185,2.000000,0.999792,0.744786,0.142496
279,0.098400,15.179625,2.000000,0.989826,0.670333,0.162150
279,0.096721,15.767937,2.000000,0.935474,0.712501,0.121799
279,0.099290,15.035477,2.000000,1.000000,0.800000,0.017963
279,0.100000,15.000000,2.000000,1.000000,0.800000,0.023589
279,0.100000,15.000000,2.000000,1.000000,0.744403,0.073390
279,0.072647,11.789989,1.000000,0.940071,0.711769,0.280507
279,0.097523,10.806293,1.000000,0.927389,0.752065,0.085025
279,0.093418,5.658226,0.000000,0.964125,0.800000,0.051432
279,0.075032,6.561089,0.000000,0.957416,0.715074,0.254789
280,0.085592,45.294418,8.000000,0.999792,0.744786,0.000000
280,0.079550,35.675232,6.000000,0.994214,0.740578,0.060904
280,0.097998,19.743755,3.000000,0.987525,0.800000,0.142496
280,0.099602,19.521900,3.000000,1.000000,0.800000,0.156180
280,0.096872,20.020746,3.000000,0.966719,0.788401,0.129582
280,0.100000,19.500000,3.000000,1.000000,0.800000,0.159760
280,0.090954,19.997536,3.000000,1.000000,0.800000,0.087402
280,0.100000,20.471245,3.000000,0.907419,0.656007,0.203979
280,0.092406,19.917645,3.000000,1.000000,0.692418,0.094493
280,0.099290,19.539024,3.000000,1.000000,0.800000,0.153391
280,0.097523,15.386910,2.000000,0.927389,0.752065,0.139854
280,0.100000,14.500000,2.000000,1.000000,0.744403,0.144083
280,0.091189,14.984605,2.000000,1.000000,0.723825,0.061803
280,0.100000,14.500000,2.000000,1.000000,0.800000,0.159760
280,0.098400,9.697577,1.000000,0.989826,0.670333,0.158634
280,0.096721,10.344730,1.000000,0.935474,0.712501,0.134725
280,0.094465,9.804432,1.000000,1.000000,0.800000,0.112414
280,0.072647,11.468988,1.000000,0.940071,0.711769,0.148417
280,0.099372,5.280403,0.000000,0.929262,0.712585,0.159953
281,0.100000,40.250000,8.000000,1.000000,0.800000,0.000000
281,0.085592,26.658283,5.000000,0.999792,0.744786,0.159760
281,0.099602,25.288830,5.000000,1.000000,0.800000,0.003980
281,0.098400,20.600283,4.000000,0.989826,0.670333,0.163189
281,0.099290,15.319180,3.000000,1.000000,0.800000,0.007096
281,0.079550,12.333371,2.000000,0.994214,0.740578,0.217650
281,0.094465,10.789675,2.000000,1.000000,0.800000,0.055350
281,0.096721,11.747477,2.000000,0.935474,0.712501,0.131155
281,0.100000,10.250000,2.000000,1.000000,0.800000,0.000000
281,0.091189,11.109054,2.000000,1.000000,0.723825,0.129730
281,0.100000,10.250000,2.000000,1.000000,0.744403,0.069496
281,0.097523,11.822266,2.000000,0.927389,0.752065,0.097347
281,0.092406,10.990370,2.000000,1.000000,0.692418,0.154436
281,0.100000,11.971752,2.000000,0.907419,0.656007,0.202405
281,0.090954,11.131971,2.000000,1.000000,0.800000,0.090458
281,0.096872,11.173162,2.000000,0.966719,0.788401,0.047917
281,0.097998,10.682112,2.000000,0.987525,0.800000,0.023589
281,0.072647,8.740479,1.000000,0.940071,0.711769,0.300957
282,0.099290,34.787251,6.000000,1.000000,0.800000,0.000000
282,0.099186,30.162395,5.000000,0.963853,0.800000,0.036162
282,0.100000,25.426197,4.000000,0.933380,0.634037,0.218003
282,0.100000,24.750000,4.000000,1.000000,0.744403,0.069857
282,0.096721,25.556334,4.000000,0.935474,0.712501,0.129563
282,0.100000,24.750000,4.000000,1.000000,0.800000,0.007096
282,0.094465,20.040594,3.000000,1.000000,0.800000,0.048254
282,0.098400,19.938606,3.000000,0.989826,0.670333,0.162647
282,0.097523,20.596592,3.000000,0.927389,0.752065,0.095787
282,0.094748,20.025734,3.000000,1.000000,0.797873,0.045506
282,0.079550,15.871812,2.000000,0.994214,0.740578,0.210997
282,0.099602,14.770894,2.000000,1.000000,0.800000,0.003116
282,0.100000,15.677097,2.000000,0.907419,0.656007,0.202530
282,0.080513,16.103155,2.000000,0.960160,0.687682,0.237817
282,0.100000,9.750000,1.000000,1.000000,0.800000,0.007096
282,0.092406,10.148661,1.000000,1.000000,0.692418,0.151073
282,0.090954,10.224904,1.000000,1.000000,0.800000,0.083362
282,0.100000,4.750000,0.000000,1.000000,0.744550,0.069674
282,0.072647,6.629485,0.000000,0.940071,0.711769,0.294523
282,0.097998,4.982669,0.000000,0.987525,0.800000,0.017963
282,0.096872,5.247094,0.000000,0.966719,0.788401,0.043618
282,0.091189,5.212567,0.000000,1.000000,0.723825,0.125019
282,0.085592,5.508294,0.000000,0.999792,0.744786,0.153391
283,0.100000,41.250000,9.000000,1.000000,0.800000,0.000000
283,0.099186,37.330090,8.000000,0.963853,0.800000,0.037052
283,0.096721,28.361778,6.000000,0.935474,0.712501,0.131155
283,0.099290,21.347561,5.000000,1.000000,0.800000,0.007096
283,0.099602,16.304754,4.000000,1.000000,0.800000,0.003980
283,0.094465,12.011078,3.000000,1.000000,0.800000,0.055350
283,0.090954,7.493803,2.000000,1.000000,0.800000,0.090458
283,0.079550,9.188087,2.000000,0.994214,0.740578,0.217650
283,0.098400,6.743955,2.000000,0.989826,0.670333,0.163189
283,0.100000,6.250000,2.000000,1.000000,0.800000,0.000000
283,0.100000,6.250000,2.000000,1.000000,0.744403,0.069496
283,0.097523,3.467297,1.000000,0.927389,0.752065,0.097347
283,0.094748,1.972211,1.000000,1.000000,0.797873,0.052591
283,0.100000,3.678113,1.000000,0.907419,0.656007,0.202405
283,0.092406,2.294111,1.000000,1.000000,0.692418,0.154436
283,0.100000,3.021034,1.000000,0.933380,0.634037,0.217888
283,0.080513,-0.206043,0.000000,0.960160,0.687682,0.243459
284,0.100000,39.000000,7.000000,1.000000,0.800000,0.000000
284,0.090954,34.542759,6.000000,1.000000,0.800000,0.090458
284,0.099602,24.023893,4.000000,1.000000,0.800000,0.003980
284,0.094465,24.332108,4.000000,1.000000,0.800000,0.055350
284,0.079550,25.282063,4.000000,0.994214,0.740578,0.217650
284,0.100000,24.000000,4.000000,1.000000,0.744403,0.069496
284,0.099186,19.471306,3.000000,0.963853,0.800000,0.037052
284,0.098400,19.215559,3.000000,0.989826,0.670333,0.163189
284,0.092406,19.455612,3.000000,1.000000,0.692418,0.154436
284,0.100000,19.772800,3.000000,0.933380,0.634037,0.217888
284,0.096721,14.921524,2.000000,0.935474,0.712501,0.131155
284,0.099290,14.042572,2.000000,1.000000,0.800000,0.007096
284,0.097523,14.967540,2.000000,0.927389,0.752065,0.097347
284,0.100000,9.000000,1.000000,1.000000,0.800000,0.000000
284,0.094748,9.315147,1.000000,1.000000,0.797873,0.052591
284,0.100000,10.059540,1.000000,0.907419,0.656007,0.202405
285,0.100000,30.500000,5.000000,1.000000,0.800000,0.000000
285,0.079550,31.461550,5.000000,0.994214,0.740578,0.217650
285,0.094465,25.749081,4.000000,1.000000,0.800000,0.055350
285,0.094748,25.736347,4.000000,1.000000,0.797873,0.052591
285,0.099289,20.531998,3.000000,1.000000,0.800000,0.007107
285,0.100000,20.500000,3.000000,1.000000,0.744403,0.069496
285,0.099186,20.853483,3.000000,0.963853,0.800000,0.037052
285,0.092406,20.841709,3.000000,1.000000,0.692418,0.154436
285,0.100000,21.079597,3.000000,0.933380,0.634037,0.217888
285,0.099290,20.531929,3.000000,1.000000,0.800000,0.007096
285,0.090954,15.907063,2.000000,1.000000,0.800000,0.090458
285,0.098400,15.661663,2.000000,0.989826,0.670333,0.163189
285,0.099602,15.517916,2.000000,1.000000,0.800000,0.003980
285,0.096721,11.191141,1.000000,0.935474,0.712501,0.131155
285,0.097523,11.225664,1.000000,0.927389,0.752065,0.097347
285,0.100000,10.500000,1.000000,1.000000,0.800000,0.000000
285,0.100000,11.294655,1.000000,0.907419,0.656007,0.202405
285,0.089308,11.225836,1.000000,0.969076,0.800000,0.111299
285,0.091393,10.887337,1.000000,1.000000,0.800000,0.086074
285,0.077052,11.532646,1.000000,1.000000,0.703636,0.259169
285,0.094217,10.950439,1.000000,0.977313,0.728675,0.108666
285,0.100000,5.500000,0.000000,1.000000,0.778260,0.027175
286,0.099186,39.932037,7.000000,0.963853,0.800000,0.000000
286,0.100000,29.500000,5.000000,1.000000,0.800000,0.037052
286,0.094748,24.788866,4.000000,1.000000,0.797873,0.057302
286,0.099289,24.539101,4.000000,1.000000,0.800000,0.036161
286,0.094465,19.804432,3.000000,1.000000,0.800000,0.059458
286,0.092406,19.917645,3.000000,1.000000,0.692418,0.154877
286,0.100000,20.208408,3.000000,0.933380,0.634037,0.209837
286,0.100000,20.471245,3.000000,0.907419,0.656007,0.188806
286,0.079550,15.675240,2.000000,0.994214,0.740578,0.212124
286,0.077052,15.762123,2.000000,1.000000,0.703636,0.254568
286,0.100000,14.500000,2.000000,1.000000,0.800000,0.037052
286,0.099602,14.521894,2.000000,1.000000,0.800000,0.036385
286,0.090954,14.997521,2.000000,1.000000,0.800000,0.089904
286,0.099290,14.539024,2.000000,1.000000,0.800000,0.036162
286,0.100000,14.500000,2.000000,1.000000,0.744403,0.078756
286,0.098400,9.697577,1.000000,0.989826,0.670333,0.164340
286,0.096721,10.344730,1.000000,0.935474,0.712501,0.115653
286,0.091393,9.973412,1.000000,1.000000,0.800000,0.085908
286,0.094217,10.050537,1.000000,0.977313,0.728675,0.102954
286,0.097523,5.386917,0.000000,0.927389,0.752065,0.072088
286,0.089308,5.387133,0.000000,0.969076,0.800000,0.098913
287,0.099290,45.035477,8.000000,1.000000,0.800000,0.000000
287,0.077052,26.147385,4.000000,1.000000,0.703636,0.252907
287,0.100000,20.000000,3.000000,1.000000,0.800000,0.007096
287,0.096721,20.767937,3.000000,0.935474,0.712501,0.129563
287,0.099602,20.019909,3.000000,1.000000,0.800000,0.003116
287,0.079550,21.068386,3.000000,0.994214,0.740578,0.210997
287,0.100000,20.882950,3.000000,0.907419,0.656007,0.202530
287,0.092406,20.379677,3.000000,1.000000,0.692418,0.151073
287,0.099289,20.035547,3.000000,1.000000,0.800000,0.000011
287,0.099186,20.392754,3.000000,0.963853,0.800000,0.036162
287,0.100000,15.644009,2.000000,0.933380,0.634037,0.218003
287,0.100000,15.000000,2.000000,1.000000,0.800000,0.007096
287,0.090954,15.452292,2.000000,1.000000,0.800000,0.083362
287,0.100000,15.000000,2.000000,1.000000,0.744403,0.069857
287,0.094217,15.500488,2.000000,0.977313,0.728675,0.105062
287,0.094465,10.276756,1.000000,1.000000,0.800000,0.048254
287,0.094748,10.262623,1.000000,1.000000,0.797873,0.045506
287,0.098400,10.179615,1.000000,0.989826,0.670333,0.162647
287,0.091393,10.430374,1.000000,1.000000,0.800000,0.078978
288,0.094217,30.275513,5.000000,0.977313,0.728675,0.000000
288,0.100000,25.677097,4.000000,0.907419,0.656007,0.128378
288,0.085645,20.503622,3.000000,1.000000,0.736364,0.089183
288,0.100000,19.750000,3.000000,1.000000,0.790503,0.099159
288,0.079550,20.871805,3.000000,0.994214,0.740578,0.148386
288,0.099289,19.787323,3.000000,1.000000,0.800000,0.105056
288,0.100000,15.592106,2.000000,0.916295,0.762866,0.094312
288,0.099290,14.787251,2.000000,1.000000,0.800000,0.105062
288,0.093889,15.070835,2.000000,1.000000,0.772136,0.058964
288,0.091393,15.201893,2.000000,1.000000,0.800000,0.096234
288,0.098400,14.938609,2.000000,0.989826,0.670333,0.084999
288,0.100000,14.750000,2.000000,1.000000,0.744403,0.065161
288,0.077052,15.954754,2.000000,1.000000,0.703636,0.175940
288,0.100000,14.750000,2.000000,1.000000,0.800000,0.108666
288,0.099602,14.770900,2.000000,1.000000,0.800000,0.106602
288,0.090954,15.224907,2.000000,1.000000,0.800000,0.097611
288,0.079745,11.119658,1.000000,0.962727,0.700096,0.149769
288,0.100000,9.993851,1.000000,0.976500,0.782285,0.088522
288,0.096721,10.556334,1.000000,0.935474,0.712501,0.052786
288,0.096997,10.100235,1.000000,0.980909,0.726619,0.028155
288,0.100000,10.161077,1.000000,0.960052,0.800000,0.107664
288,0.092406,10.148661,1.000000,1.000000,0.692418,0.053818
288,0.099186,10.162382,1.000000,0.963853,0.800000,0.102954
288,0.094748,10.025754,1.000000,1.000000,0.797873,0.089580
288,0.100000,9.750000,1.000000,1.000000,0.800000,0.108666
288,0.078450,6.129105,0.000000,0.969462,0.774102,0.167768
288,0.100000,5.311187,0.000000,0.945043,0.681134,0.088981
288,0.094465,5.040588,0.000000,1.000000,0.800000,0.092031
288,0.100000,5.426211,0.000000,0.933380,0.634037,0.138813
289,0.090954,35.224915,6.000000,1.000000,0.800000,0.000000
289,0.077052,30.954754,5.000000,1.000000,0.703636,0.183944
289,0.098400,29.938614,5.000000,0.989826,0.670333,0.178657
289,0.094217,25.275513,4.000000,0.977313,0.728675,0.097611
289,0.099602,24.770905,4.000000,1.000000,0.800000,0.086478
289,0.099289,24.787327,4.000000,1.000000,0.800000,0.083351
289,0.100000,19.750000,3.000000,1.000000,0.800000,0.090458
289,0.085645,20.503622,3.000000,1.000000,0.736364,0.095633
289,0.100000,15.592108,2.000000,0.916295,0.762866,0.131696
289,0.099290,14.787251,2.000000,1.000000,0.800000,0.083362
289,0.079550,15.871816,2.000000,0.994214,0.740578,0.136223
289,0.100000,14.750000,2.000000,1.000000,0.744403,0.114072
289,0.100000,14.993851,2.000000,0.976500,0.782285,0.096048
289,0.091393,10.201893,1.000000,1.000000,0.800000,0.004384
289,0.100000,9.750000,1.000000,1.000000,0.790503,0.091234
289,0.099186,10.162379,1.000000,0.963853,0.800000,0.089904
289,0.096721,10.556334,1.000000,0.935474,0.712501,0.139469
289,0.096997,10.100235,1.000000,0.980909,0.726619,0.111490
289,0.100000,10.161077,1.000000,0.960052,0.800000,0.098886
289,0.094748,5.025754,0.000000,1.000000,0.797873,0.038027
289,0.100000,4.750000,0.000000,1.000000,0.800000,0.090458
289,0.092406,5.148661,0.000000,1.000000,0.692418,0.135259
289,0.079745,6.119658,0.000000,0.962727,0.700096,0.171896
289,0.093889,5.070841,0.000000,1.000000,0.772136,0.045544
289,0.100000,5.677097,0.000000,0.907419,0.656007,0.221699
290,0.100000,40.000000,7.000000,1.000000,0.744403,0.000000
290,0.099289,35.035545,6.000000,1.000000,0.800000,0.069858
290,0.098400,30.179625,5.000000,0.989826,0.670333,0.094510
290,0.094217,25.500488,4.000000,0.977313,0.728675,0.065161
290,0.099602,25.019909,4.000000,1.000000,0.800000,0.069610
290,0.099186,20.392754,3.000000,0.963853,0.800000,0.078756
290,0.100000,20.000000,3.000000,1.000000,0.790503,0.057625
290,0.100000,20.802004,3.000000,0.916295,0.762866,0.086829
290,0.077052,16.147385,2.000000,1.000000,0.703636,0.235065
290,0.100000,15.232239,2.000000,0.976500,0.782285,0.052863
290,0.079550,16.068384,2.000000,0.994214,0.740578,0.204639
290,0.099290,15.035477,2.000000,1.000000,0.800000,0.069857
290,0.085645,15.717735,2.000000,1.000000,0.736364,0.143898
290,0.090954,15.452290,2.000000,1.000000,0.800000,0.114072
290,0.091393,10.430374,1.000000,1.000000,0.800000,0.110627
290,0.100000,10.000000,1.000000,1.000000,0.800000,0.069496
290,0.100000,10.391502,1.000000,0.960052,0.800000,0.080159
290,0.096721,5.767931,0.000000,0.935474,0.712501,0.082639
290,0.096997,5.333551,0.000000,0.980909,0.726619,0.041957
291,0.099290,29.539024,5.000000,1.000000,0.800000,0.000000
291,0.099186,29.932037,5.000000,0.963853,0.800000,0.036162
291,0.099289,24.539108,4.000000,1.000000,0.800000,0.000011
291,0.085645,25.289509,4.000000,1.000000,0.736364,0.157943
291,0.077052,25.762123,4.000000,1.000000,0.703636,0.252907
291,0.100000,19.500000,3.000000,1.000000,0.790503,0.013830
291,0.094217,20.050537,3.000000,0.977313,0.728675,0.105062
291,0.100000,19.755463,3.000000,0.976500,0.782285,0.033060
291,0.079550,20.675224,3.000000,0.994214,0.740578,0.210997
291,0.098400,19.697578,3.000000,0.989826,0.670333,0.162647
291,0.091393,19.973412,3.000000,1.000000,0.800000,0.078978
291,0.100000,19.500000,3.000000,1.000000,0.800000,0.007096
291,0.099602,14.521891,2.000000,1.000000,0.800000,0.003116
291,0.100000,15.382209,2.000000,0.916295,0.762866,0.095976
291,0.090954,14.997529,2.000000,1.000000,0.800000,0.083362
291,0.100000,9.500000,1.000000,1.000000,0.744403,0.069857
291,0.100000,4.930653,0.000000,0.960052,0.800000,0.040573
292,0.099290,27.092239,6.000000,1.000000,0.800000,0.000000
292,0.099186,28.021179,6.000000,0.963853,0.800000,0.036162
292,0.100000,27.000000,6.000000,1.000000,0.790503,0.013830
292,0.099602,22.051767,5.000000,1.000000,0.800000,0.003116
292,0.090954,18.175997,4.000000,1.000000,0.800000,0.083362
292,0.085645,13.866112,3.000000,1.000000,0.736364,0.157943
292,0.094217,13.301270,3.000000,0.977313,0.728675,0.105062
292,0.079550,14.777814,3.000000,0.994214,0.740578,0.210997
292,0.100000,12.000000,3.000000,1.000000,0.744403,0.069857
292,0.099289,7.092390,2.000000,1.000000,0.800000,0.000011
292,0.077052,9.983200,2.000000,1.000000,0.703636,0.252907
292,0.098400,7.467012,2.000000,0.989826,0.670333,0.162647
292,0.091393,8.118973,2.000000,1.000000,0.800000,0.078978
292,0.100000,2.603819,1.000000,0.976500,0.782285,0.033060
292,0.100000,2.000000,1.000000,1.000000,0.800000,0.007096
292,0.100000,4.085255,1.000000,0.916295,0.762866,0.095976
293,0.100000,30.250000,5.000000,1.000000,0.800000,0.000000
293,0.100000,30.470627,5.000000,0.976500,0.782285,0.032289
293,0.100000,25.250000,4.000000,1.000000,0.790503,0.011871
293,0.094425,25.936668,4.000000,0.951813,0.776018,0.079556
293,0.099289,25.283772,4.000000,1.000000,0.800000,0.007107
293,0.098400,25.420650,4.000000,0.989826,0.670333,0.163189
293,0.099186,20.623116,3.000000,0.963853,0.800000,0.037052
293,0.099602,20.268909,3.000000,1.000000,0.800000,0.003980
293,0.094217,20.725464,3.000000,0.977313,0.728675,0.108666
293,0.084284,15.996503,2.000000,1.000000,0.744065,0.172012
293,0.099290,15.283703,2.000000,1.000000,0.800000,0.007096
293,0.095639,15.457146,2.000000,1.000000,0.800000,0.043608
293,0.094587,15.507120,2.000000,1.000000,0.757041,0.076247
293,0.085645,15.931849,2.000000,1.000000,0.736364,0.164112
293,0.091393,10.658855,1.000000,1.000000,0.800000,0.086074
293,0.077052,11.340015,1.000000,1.000000,0.703636,0.259169
293,0.100000,11.011920,1.000000,0.916295,0.762866,0.095714
293,0.079550,11.264981,1.000000,0.994214,0.740578,0.217650
293,0.090954,10.679675,1.000000,1.000000,0.800000,0.090458
293,0.100000,5.250000,0.000000,1.000000,0.744403,0.069496
293,0.100000,5.250000,0.000000,1.000000,0.800000,0.000000
294,0.094587,35.507103,6.000000,1.000000,0.757041,0.000000
294,0.099602,30.268915,5.000000,1.000000,0.800000,0.073475
294,0.100000,25.250000,4.000000,1.000000,0.790503,0.068407
294,0.079550,26.264965,4.000000,0.994214,0.740578,0.151884
294,0.099289,25.283773,4.000000,1.000000,0.800000,0.071377
294,0.099290,25.283703,4.000000,1.000000,0.800000,0.071384
294,0.098400,20.420647,3.000000,0.989826,0.670333,0.115345
294,0.091393,20.658855,3.000000,1.000000,0.800000,0.062482
294,0.094217,20.725464,3.000000,0.977313,0.728675,0.042257
294,0.095639,20.457146,3.000000,1.000000,0.800000,0.054720
294,0.100000,15.470627,2.000000,0.976500,0.782285,0.066918
294,0.090954,15.679686,2.000000,1.000000,0.800000,0.064833
294,0.094425,15.936668,2.000000,0.951813,0.776018,0.053734
294,0.084284,10.996518,1.000000,1.000000,0.744065,0.104300
294,0.085645,10.931849,1.000000,1.000000,0.736364,0.093077
294,0.099186,10.623106,1.000000,0.963853,0.800000,0.079405
294,0.077052,11.340015,1.000000,1.000000,0.703636,0.187623
294,0.100000,10.250000,1.000000,1.000000,0.800000,0.076247
294,0.100000,6.011920,0.000000,0.916295,0.762866,0.099948
295,0.099602,33.047787,7.000000,1.000000,0.800000,0.000000
295,0.094217,29.201172,6.000000,0.977313,0.728675,0.106602
295,0.094587,23.649567,5.000000,1.000000,0.757041,0.073475
295,0.100000,18.000000,4.000000,1.000000,0.790503,0.012520
295,0.099289,18.085323,4.000000,1.000000,0.800000,0.003128
295,0.099290,18.085144,4.000000,1.000000,0.800000,0.003116
295,0.095639,13.523315,3.000000,1.000000,0.800000,0.039628
295,0.085645,14.722565,3.000000,1.000000,0.736364,0.160643
295,0.090954,14.085528,3.000000,1.000000,0.800000,0.086478
295,0.091393,14.032898,3.000000,1.000000,0.800000,0.082094
295,0.079550,10.564154,2.000000,0.994214,0.740578,0.213915
295,0.100000,3.557373,1.000000,0.976500,0.782285,0.032534
295,0.098400,3.431076,1.000000,0.989826,0.670333,0.162847
295,0.094425,4.734741,1.000000,0.951813,0.776018,0.076819
295,0.084284,4.885941,1.000000,1.000000,0.744065,0.168384
295,0.077052,5.753717,1.000000,1.000000,0.703636,0.255652
295,0.100000,3.000000,1.000000,1.000000,0.800000,0.003980
295,0.099186,-1.057401,0.000000,0.963853,0.800000,0.036385
296,0.095639,27.827072,5.000000,1.000000,0.800000,0.000000
296,0.085645,28.576588,5.000000,1.000000,0.736364,0.127730
296,0.094587,22.905979,4.000000,1.000000,0.757041,0.054720
296,0.100000,22.500000,4.000000,1.000000,0.790503,0.045195
296,0.099290,22.553215,4.000000,1.000000,0.800000,0.036512
296,0.077052,24.221077,4.000000,1.000000,0.703636,0.221486
296,0.094217,18.250732,3.000000,0.977313,0.728675,0.093091
296,0.099289,17.553326,3.000000,1.000000,0.800000,0.036501
296,0.091393,18.145561,3.000000,1.000000,0.800000,0.042466
296,0.100000,17.848358,3.000000,0.976500,0.782285,0.054261
296,0.084284,18.678690,3.000000,1.000000,0.744065,0.133352
296,0.099602,12.529844,2.000000,1.000000,0.800000,0.039628
296,0.098400,12.769428,2.000000,0.989826,0.670333,0.164732
296,0.094425,13.584213,2.000000,0.951813,0.776018,0.058036
296,0.100000,7.500000,1.000000,1.000000,0.800000,0.043608
296,0.079550,9.102602,1.000000,0.994214,0.740578,0.177306
296,0.090954,8.178434,1.000000,1.000000,0.800000,0.046850
297,0.099290,23.085144,5.000000,1.000000,0.800000,0.000000
297,0.094217,19.201172,4.000000,0.977313,0.728675,0.105062
297,0.085645,14.722565,3.000000,1.000000,0.736364,0.157943
297,0.100000,13.000000,3.000000,1.000000,0.800000,0.007096
297,0.091993,13.960846,3.000000,1.000000,0.800000,0.072975
297,0.090954,14.085526,3.000000,1.000000,0.800000,0.083362
297,0.100000,13.000000,3.000000,1.000000,0.800000,0.007096
297,0.098400,13.431108,3.000000,0.989826,0.670333,0.162647
297,0.099602,13.047771,3.000000,1.000000,0.800000,0.003116
297,0.095639,13.523315,3.000000,1.000000,0.800000,0.036512
297,0.099289,13.085316,3.000000,1.000000,0.800000,0.000011
297,0.100000,13.000000,3.000000,1.000000,0.790503,0.013830
297,0.093528,8.805573,2.000000,0.998710,0.712514,0.123617
297,0.094587,8.649567,2.000000,1.000000,0.757041,0.071384
297,0.084284,4.885941,1.000000,1.000000,0.744065,0.165554
297,0.094999,3.907699,1.000000,0.986417,0.800000,0.045012
297,0.089163,4.300415,1.000000,1.000000,0.678183,0.182874
297,0.079550,5.564163,1.000000,0.994214,0.740578,0.210997
297,0.077052,5.753717,1.000000,1.000000,0.703636,0.252907
297,0.094425,4.734741,1.000000,0.951813,0.776018,0.074754
297,0.100000,3.557373,1.000000,0.976500,0.782285,0.033060
297,0.100000,-0.831394,0.000000,0.950061,0.768373,0.064087
297,0.091393,-0.967107,0.000000,1.000000,0.800000,0.078978
297,0.070907,1.491103,0.000000,1.000000,0.663229,0.331342
297,0.100000,-0.431834,0.000000,0.932373,0.680269,0.164387
297,0.085870,-0.248990,0.000000,0.997307,0.742124,0.152485
297,0.100000,-0.552580,0.000000,0.937753,0.800000,0.062650
297,0.086671,-0.400478,0.000000,1.000000,0.686468,0.189910
298,0.100000,32.250000,7.000000,1.000000,0.800000,0.000000
298,0.099602,27.300777,6.000000,1.000000,0.800000,0.003980
298,0.085645,24.080225,5.000000,1.000000,0.736364,0.164112
298,0.094999,23.214382,5.000000,0.986417,0.800000,0.051821
298,0.077052,20.175831,4.000000,1.000000,0.703636,0.259169
298,0.099289,17.340656,4.000000,1.000000,0.800000,0.007107
298,0.094425,14.093163,3.000000,0.951813,0.776018,0.079556
298,0.079550,14.974382,3.000000,0.994214,0.740578,0.217650
298,0.089163,13.631691,3.000000,1.000000,0.678183,0.186897
298,0.093528,13.105921,3.000000,0.998710,0.712514,0.127080
298,0.090954,8.403353,2.000000,1.000000,0.800000,0.090458
298,0.100000,2.842208,1.000000,0.976500,0.782285,0.032289
298,0.084284,4.253812,1.000000,1.000000,0.744065,0.172012
298,0.095639,2.806012,1.000000,1.000000,0.800000,0.043608
298,0.098400,2.708018,1.000000,0.989826,0.670333,0.163189
298,0.100000,2.250000,1.000000,1.000000,0.800000,0.000000
298,0.094587,-2.059841,0.000000,1.000000,0.757041,0.076247
298,0.100000,-2.750000,0.000000,1.000000,0.790503,0.011871
298,0.091993,-1.729101,0.000000,1.000000,0.800000,0.080071
298,0.094217,-1.473749,0.000000,0.977313,0.728675,0.108666
298,0.099290,-2.659530,0.000000,1.000000,0.800000,0.007096
299,0.090954,39.087967,7.000000,1.000000,0.800000,0.000000
299,0.089163,34.204391,6.000000,1.000000,0.678183,0.153321
299,0.085645,29.433056,5.000000,1.000000,0.736364,0.095633
299,0.094999,28.991653,5.000000,0.986417,0.800000,0.042668
299,0.100000,23.500000,4.000000,1.000000,0.800000,0.090458
299,0.099602,23.525883,4.000000,1.000000,0.800000,0.086478
299,0.093528,23.936352,4.000000,0.998710,0.712514,0.112353
299,0.094425,19.439651,3.000000,0.951813,0.776018,0.066521
299,0.084284,19.521530,3.000000,1.000000,0.744065,0.096633
299,0.095639,13.783463,2.000000,1.000000,0.800000,0.046850
299,0.098400,13.733505,2.000000,0.989826,0.670333,0.178657
299,0.100000,13.500000,2.000000,1.000000,0.800000,0.090458
299,0.077052,9.991600,1.000000,1.000000,0.703636,0.183944
299,0.079550,9.888922,1.000000,0.994214,0.740578,0.136223
299,0.100000,8.801910,1.000000,0.976500,0.782285,0.096048
299,0.099289,3.546195,0.000000,1.000000,0.800000,0.083351
300,0.084284,41.207222,7.000000,1.000000,0.744065,0.000000
300,0.094999,35.840370,6.000000,0.986417,0.800000,0.128664
300,0.100000,30.500000,5.000000,1.000000,0.800000,0.172012
300,0.093528,30.802097,5.000000,0.998710,0.712514,0.100511
300,0.089163,25.987656,4.000000,1.000000,0.678183,0.095722
300,0.094425,26.150528,4.000000,0.951813,0.776018,0.119167
300,0.095639,25.696243,4.000000,1.000000,0.800000,0.133352
300,0.100000,25.709015,4.000000,0.976500,0.782285,0.165934
300,0.100000,20.500000,3.000000,1.000000,0.800000,0.172012
300,0.090954,15.907063,2.000000,1.000000,0.800000,0.096633
300,0.098400,15.661663,2.000000,0.989826,0.670333,0.168889
300,0.077052,16.532646,2.000000,1.000000,0.703636,0.088223
300,0.099602,10.517904,1.000000,1.000000,0.800000,0.168384
300,0.079550,11.461561,1.000000,0.994214,0.740578,0.047892
300,0.085645,6.145962,0.000000,1.000000,0.736364,0.016674
301,0.089163,30.860771,6.000000,1.000000,0.678183,0.000000
301,0.095639,30.196999,6.000000,1.000000,0.800000,0.165471
301,0.090954,30.677189,6.000000,1.000000,0.800000,0.153321
301,0.099602,29.790821,6.000000,1.000000,0.800000,0.184618
301,0.100000,25.226089,5.000000,0.976500,0.782285,0.170965
301,0.100000,19.750000,4.000000,1.000000,0.800000,0.186897
301,0.084284,16.360880,3.000000,1.000000,0.744065,0.095722
301,0.093528,15.438093,3.000000,0.998710,0.712514,0.061225
301,0.094425,16.231758,3.000000,0.951813,0.776018,0.141585
301,0.094999,10.525316,2.000000,0.986417,0.800000,0.163636
301,0.100000,9.750000,2.000000,1.000000,0.800000,0.186897
301,0.077052,12.102139,2.000000,1.000000,0.703636,0.125216
301,0.098400,5.118211,1.000000,0.989826,0.670333,0.093441
301,0.079550,6.940223,1.000000,0.994214,0.740578,0.123927
302,0.100000,34.993851,6.000000,0.976500,0.782285,0.000000
302,0.100000,34.750000,6.000000,1.000000,0.800000,0.032289
302,0.090954,30.224922,5.000000,1.000000,0.800000,0.096048
302,0.094078,25.060902,4.000000,1.000000,0.638124,0.191132
302,0.084284,25.575081,4.000000,1.000000,0.744065,0.165934
302,0.095639,19.978951,3.000000,1.000000,0.800000,0.054261
302,0.100000,19.750000,3.000000,1.000000,0.800000,0.032289
302,0.079550,20.871803,3.000000,0.994214,0.740578,0.211784
302,0.098400,19.938602,3.000000,0.989826,0.670333,0.141481
302,0.100000,19.750000,3.000000,1.000000,0.800000,0.032289
302,0.094425,15.508949,2.000000,0.951813,0.776018,0.061476
302,0.089163,15.318932,2.000000,1.000000,0.678183,0.170965
302,0.100000,15.540439,2.000000,0.921650,0.762346,0.060247
302,0.094999,10.147119,1.000000,0.986417,0.800000,0.055585
302,0.093528,10.102438,1.000000,0.998710,0.712514,0.110852
302,0.099602,9.770888,1.000000,1.000000,0.800000,0.032534
302,0.097172,9.898501,1.000000,1.000000,0.746078,0.058315
302,0.077052,5.954749,0.000000,1.000000,0.703636,0.250751
302,0.100000,4.750000,0.000000,1.000000,0.766323,0.030827
302,0.100000,5.069934,0.000000,0.969052,0.800000,0.023363
303,0.089163,39.873116,7.000000,1.000000,0.678183,0.000000
303,0.084284,25.153660,4.000000,1.000000,0.744065,0.095722
303,0.100000,24.250000,4.000000,1.000000,0.800000,0.186897
303,0.098400,24.456577,4.000000,0.989826,0.670333,0.093441
303,0.099602,19.272894,3.000000,1.000000,0.800000,0.184618
303,0.093528,19.636003,3.000000,0.998710,0.712514,0.061225
303,0.094078,19.590511,3.000000,1.000000,0.638124,0.070164
303,0.079550,20.478643,3.000000,0.994214,0.740578,0.123927
303,0.100000,19.250000,3.000000,1.000000,0.800000,0.186897
303,0.100000,20.115715,3.000000,0.921650,0.762346,0.170148
303,0.100000,14.250000,2.000000,1.000000,0.800000,0.186897
303,0.094999,14.684927,2.000000,0.986417,0.800000,0.163636
303,0.094425,15.081230,2.000000,0.951813,0.776018,0.141585
303,0.095639,14.500755,2.000000,1.000000,0.800000,0.165471
303,0.090954,14.770144,2.000000,1.000000,0.800000,0.153321
303,0.100000,14.517075,2.000000,0.976500,0.782285,0.170965
303,0.097172,9.412644,1.000000,1.000000,0.746078,0.116688
304,0.089163,40.541840,7.000000,1.000000,0.678183,0.000000
304,0.100000,30.000000,5.000000,1.000000,0.800000,0.186897
304,0.084284,20.785803,3.000000,1.000000,0.744065,0.095722
304,0.084838,20.758095,3.000000,1.000000,0.725187,0.072958
304,0.090954,20.452303,3.000000,1.000000,0.800000,0.153321
304,0.100000,20.000000,3.000000,1.000000,0.800000,0.186897
304,0.079550,21.068384,3.000000,0.994214,0.740578,0.123927
304,0.100000,20.084305,3.000000,0.991534,0.694470,0.110589
304,0.095327,20.233641,3.000000,1.000000,0.786676,0.148968
304,0.099602,15.019897,2.000000,1.000000,0.800000,0.184618
304,0.100000,15.000000,2.000000,1.000000,0.800000,0.186897
304,0.094425,15.722809,2.000000,0.951813,0.776018,0.141585
304,0.098773,15.551078,2.000000,0.949122,0.800000,0.187111
304,0.098400,15.179617,2.000000,0.989826,0.670333,0.093441
304,0.095392,10.230389,1.000000,1.000000,0.749272,0.108520
304,0.091980,10.401018,1.000000,1.000000,0.654099,0.041226
304,0.083645,11.161671,1.000000,0.958002,0.678943,0.069353
304,0.097172,10.141430,1.000000,1.000000,0.746078,0.116688
304,0.094999,10.378208,1.000000,0.986417,0.800000,0.163636
304,0.094078,10.296097,1.000000,1.000000,0.638124,0.070164
304,0.093528,10.335655,1.000000,0.998710,0.712514,0.061225
304,0.080877,6.278596,0.000000,0.959302,0.779693,0.156916
304,0.095631,5.930819,0.000000,0.922507,0.708553,0.107840
304,0.092957,5.352135,0.000000,1.000000,0.703025,0.049029
304,0.100000,5.232239,0.000000,0.976500,0.782285,0.170965
304,0.095639,5.218042,0.000000,1.000000,0.800000,0.165471
304,0.100000,5.752806,0.000000,0.921650,0.762346,0.170148
305,0.097172,39.412651,7.000000,1.000000,0.746078,0.000000
305,0.084284,35.153664,6.000000,1.000000,0.744065,0.128901
305,0.089163,24.873116,4.000000,1.000000,0.678183,0.116688
305,0.099602,24.272888,4.000000,1.000000,0.800000,0.071651
305,0.100000,19.250000,3.000000,1.000000,0.800000,0.073097
305,0.090954,19.770155,3.000000,1.000000,0.800000,0.091699
305,0.079550,20.478645,3.000000,0.994214,0.740578,0.176446
305,0.095392,19.514931,3.000000,1.000000,0.749272,0.018236
305,0.093528,14.636003,2.000000,0.998710,0.712514,0.055582
305,0.094999,14.684929,2.000000,0.986417,0.800000,0.072108
305,0.098773,14.883741,2.000000,0.949122,0.800000,0.085955
305,0.100000,14.250000,2.000000,1.000000,0.800000,0.073097
305,0.095327,14.518689,2.000000,1.000000,0.786676,0.053995
305,0.100000,14.250000,2.000000,1.000000,0.800000,0.073097
305,0.094425,10.081230,1.000000,0.951813,0.776018,0.066912
305,0.083645,10.585921,1.000000,0.958002,0.678943,0.164631
305,0.100000,9.346951,1.000000,0.991534,0.694470,0.070945
305,0.094078,9.590511,1.000000,1.000000,0.638124,0.138443
305,0.084838,10.121809,1.000000,1.000000,0.725187,0.126070
305,0.098400,4.456557,0.000000,0.989826,0.670333,0.096015
305,0.091980,4.711166,0.000000,1.000000,0.654099,0.126153
306,0.093528,39.869232,7.000000,0.998710,0.712514,0.000000
306,0.079550,30.675241,5.000000,0.994214,0.740578,0.144186
306,0.089163,25.096024,4.000000,1.000000,0.678183,0.061225
306,0.097172,24.655556,4.000000,1.000000,0.746078,0.055582
306,0.100000,24.500000,4.000000,1.000000,0.800000,0.127080
306,0.100000,19.500000,3.000000,1.000000,0.800000,0.127080
306,0.090954,19.997536,3.000000,1.000000,0.800000,0.112353
306,0.095392,19.753408,3.000000,1.000000,0.749272,0.049603
306,0.094999,14.916020,2.000000,0.986417,0.800000,0.111025
306,0.084838,15.333904,2.000000,1.000000,0.725187,0.088342
306,0.100000,14.592735,2.000000,0.991534,0.694470,0.068912
306,0.083645,15.777822,2.000000,0.958002,0.678943,0.114829
306,0.098773,15.106191,2.000000,0.949122,0.800000,0.131031
306,0.084284,15.364378,2.000000,1.000000,0.744065,0.100511
306,0.095327,9.756997,1.000000,1.000000,0.786676,0.094441
306,0.100000,9.500000,1.000000,1.000000,0.800000,0.127080
306,0.094425,10.295090,1.000000,0.951813,0.776018,0.092633
306,0.099602,9.521883,1.000000,1.000000,0.800000,0.125100
306,0.094078,9.825706,1.000000,1.000000,0.638124,0.093159
307,0.079550,36.068398,6.000000,0.994214,0.740578,0.000000
307,0.089163,30.541840,5.000000,1.000000,0.678183,0.123927
307,0.100000,30.084305,5.000000,0.991534,0.694470,0.212485
307,0.091311,25.768478,4.000000,0.962721,0.798253,0.141501
307,0.100000,25.000000,4.000000,1.000000,0.800000,0.217650
307,0.089228,20.538597,3.000000,1.000000,0.763486,0.101095
307,0.080533,21.479307,3.000000,0.935065,0.789901,0.086004
307,0.099602,20.019913,3.000000,1.000000,0.800000,0.213915
307,0.100000,20.000000,3.000000,1.000000,0.800000,0.217650
307,0.097172,15.141424,2.000000,1.000000,0.746078,0.176446
307,0.094452,15.277367,2.000000,1.000000,0.727299,0.150059
307,0.090954,15.452304,2.000000,1.000000,0.800000,0.136223
307,0.084838,10.758095,1.000000,1.000000,0.725187,0.056569
307,0.087199,10.640030,1.000000,1.000000,0.669451,0.117429
307,0.100000,10.000000,1.000000,1.000000,0.800000,0.217650
307,0.094078,10.296097,1.000000,1.000000,0.638124,0.193756
307,0.095327,10.233631,1.000000,1.000000,0.786676,0.168067
307,0.084284,10.785809,1.000000,1.000000,0.744065,0.047892
307,0.083645,11.161671,1.000000,0.958002,0.678943,0.094466
307,0.095392,10.230389,1.000000,1.000000,0.749272,0.158902
307,0.094425,5.722809,0.000000,0.951813,0.776018,0.160892
307,0.098773,5.551090,0.000000,0.949122,0.800000,0.210961
307,0.092675,5.366243,0.000000,1.000000,0.774580,0.138085
307,0.096666,5.166702,0.000000,1.000000,0.793722,0.183691
307,0.100000,5.000000,0.000000,1.000000,0.762608,0.206428
307,0.094999,5.378208,0.000000,0.986417,0.800000,0.171598
307,0.093528,5.335655,0.000000,0.998710,0.712514,0.144186
308,0.084838,40.333908,7.000000,1.000000,0.725187,0.000000
308,0.089228,30.092457,5.000000,1.000000,0.763486,0.064955
308,0.090954,24.997534,4.000000,1.000000,0.800000,0.111741
308,0.087199,25.204033,4.000000,1.000000,0.669451,0.073563
308,0.100000,24.500000,4.000000,1.000000,0.800000,0.178140
308,0.079550,20.675230,3.000000,0.994214,0.740578,0.056569
308,0.080533,21.127241,3.000000,0.935065,0.789901,0.112310
308,0.099602,19.521898,3.000000,1.000000,0.800000,0.174765
308,0.095327,19.757010,3.000000,1.000000,0.786676,0.130039
308,0.089163,15.096024,2.000000,1.000000,0.678183,0.072958
308,0.100000,14.592735,2.000000,0.991534,0.694470,0.156635
308,0.100000,14.500000,2.000000,1.000000,0.800000,0.178140
308,0.100000,14.500000,2.000000,1.000000,0.800000,0.178140
308,0.084284,15.364374,2.000000,1.000000,0.744065,0.024240
308,0.095392,9.753428,1.000000,1.000000,0.749272,0.109753
308,0.083645,10.777838,1.000000,0.958002,0.678943,0.072440
308,0.094078,9.825706,1.000000,1.000000,0.638124,0.142764
308,0.091311,10.345339,1.000000,0.962721,0.798253,0.117990
308,0.094452,4.805110,0.000000,1.000000,0.727299,0.096181
308,0.097172,4.655566,0.000000,1.000000,0.746078,0.126070
309,0.094078,29.825706,5.000000,1.000000,0.638124,0.000000
309,0.084838,25.333904,4.000000,1.000000,0.725187,0.142764
309,0.083645,25.777819,4.000000,0.958002,0.678943,0.123501
309,0.080533,26.127237,4.000000,0.935065,0.789901,0.241987
309,0.090954,19.997534,3.000000,1.000000,0.800000,0.204742
309,0.087199,20.204033,3.000000,1.000000,0.669451,0.079152
309,0.099602,19.521900,3.000000,1.000000,0.800000,0.209750
309,0.095392,19.753414,3.000000,1.000000,0.749272,0.139556
309,0.089163,20.096024,3.000000,1.000000,0.678183,0.070164
309,0.100000,19.500000,3.000000,1.000000,0.800000,0.210833
309,0.100000,19.500000,3.000000,1.000000,0.800000,0.210833
309,0.089228,15.092457,2.000000,1.000000,0.763486,0.164036
309,0.084284,15.364378,2.000000,1.000000,0.744065,0.164710
309,0.100000,14.592735,2.000000,0.991534,0.694470,0.092408
309,0.095327,14.756996,2.000000,1.000000,0.786676,0.186109
309,0.079550,15.675228,2.000000,0.994214,0.740578,0.193756
309,0.100000,14.500000,2.000000,1.000000,0.800000,0.210833
309,0.091311,5.345339,0.000000,0.962721,0.798253,0.205474
310,0.100000,30.084305,5.000000,0.991534,0.694470,0.000000
310,0.099602,30.019909,5.000000,1.000000,0.800000,0.132244
310,0.089163,30.541840,5.000000,1.000000,0.678183,0.110589
310,0.100000,25.000000,4.000000,1.000000,0.800000,0.132184
310,0.084284,25.785801,4.000000,1.000000,0.744065,0.169158
310,0.089228,25.538597,4.000000,1.000000,0.763486,0.138266
310,0.100000,25.000000,4.000000,1.000000,0.800000,0.132184
310,0.100000,25.000000,4.000000,1.000000,0.800000,0.132184
310,0.083645,26.161657,4.000000,0.958002,0.678943,0.168078
310,0.084838,20.758095,3.000000,1.000000,0.725187,0.156635
310,0.087199,15.640030,2.000000,1.000000,0.669451,0.132043
310,0.095327,15.233637,2.000000,1.000000,0.786676,0.124657
310,0.095392,10.230389,1.000000,1.000000,0.749272,0.082991
310,0.090954,10.452290,1.000000,1.000000,0.800000,0.160173
310,0.079550,11.068401,1.000000,0.994214,0.740578,0.212485
310,0.094078,10.296097,1.000000,1.000000,0.638124,0.092408
310,0.080533,6.479316,0.000000,0.935065,0.789901,0.235192
311,0.084284,35.153679,6.000000,1.000000,0.744065,0.000000
311,0.100000,29.250000,5.000000,1.000000,0.800000,0.172012
311,0.100000,24.346951,4.000000,0.991534,0.694470,0.169158
311,0.100000,24.250000,4.000000,1.000000,0.800000,0.172012
311,0.084838,25.121809,4.000000,1.000000,0.725187,0.024240
311,0.079550,25.478642,4.000000,0.994214,0.740578,0.047892
311,0.099602,19.272892,3.000000,1.000000,0.800000,0.168384
311,0.100000,19.250000,3.000000,1.000000,0.800000,0.172012
311,0.087199,19.986034,3.000000,1.000000,0.669451,0.097718
311,0.090954,19.770149,3.000000,1.000000,0.800000,0.096633
311,0.089163,14.873116,2.000000,1.000000,0.678183,0.095722
311,0.089228,14.869387,2.000000,1.000000,0.763486,0.055080
311,0.083645,15.585902,2.000000,0.958002,0.678943,0.091821
311,0.095327,14.518678,2.000000,1.000000,0.786676,0.122607
311,0.094078,14.590511,2.000000,1.000000,0.638124,0.164710
311,0.095392,9.514947,1.000000,1.000000,0.749272,0.111274
312,0.100000,44.750000,8.000000,1.000000,0.800000,0.000000
312,0.100000,29.750000,5.000000,1.000000,0.800000,0.000000
312,0.100000,25.230446,4.000000,0.953147,0.800000,0.046853
312,0.095327,24.995321,4.000000,1.000000,0.786676,0.049607
312,0.084284,25.575081,4.000000,1.000000,0.744065,0.172012
312,0.089228,20.315527,3.000000,1.000000,0.763486,0.116990
312,0.100000,19.838520,3.000000,0.991534,0.694470,0.132184
312,0.099602,14.770900,2.000000,1.000000,0.800000,0.003980
312,0.100000,14.750000,2.000000,1.000000,0.800000,0.000000
312,0.087199,15.422031,2.000000,1.000000,0.669451,0.207401
312,0.090954,15.224909,2.000000,1.000000,0.800000,0.090458
312,0.089163,15.318932,2.000000,1.000000,0.678183,0.186897
312,0.079550,15.871808,2.000000,0.994214,0.740578,0.217650
312,0.094078,15.060902,2.000000,1.000000,0.638124,0.210833
312,0.100000,15.085751,2.000000,0.967496,0.670120,0.165572
312,0.100000,9.750000,1.000000,1.000000,0.800000,0.000000
312,0.078243,10.975081,1.000000,0.989863,0.725527,0.236861
312,0.082289,11.105899,1.000000,0.949409,0.749931,0.194538
312,0.083645,5.969754,0.000000,0.958002,0.678943,0.226740
312,0.084838,5.546000,0.000000,1.000000,0.725187,0.178140
312,0.095392,4.991908,0.000000,1.000000,0.749272,0.078383
312,0.090565,5.245312,0.000000,1.000000,0.711437,0.145452
313,0.100000,37.500000,8.000000,1.000000,0.800000,0.000000
313,0.100000,17.500000,4.000000,1.000000,0.800000,0.000000
313,0.100000,17.500000,4.000000,1.000000,0.800000,0.000000
313,0.094078,18.240242,4.000000,1.000000,0.638124,0.210833
313,0.095327,13.084102,3.000000,1.000000,0.786676,0.049607
313,0.084284,14.464483,3.000000,1.000000,0.744065,0.172012
313,0.089228,13.846493,3.000000,1.000000,0.763486,0.116990
313,0.100000,13.299393,3.000000,0.967496,0.670120,0.165572
313,0.079550,15.170970,3.000000,0.994214,0.740578,0.217650
313,0.089163,13.854599,3.000000,1.000000,0.678183,0.186897
313,0.082289,10.728343,2.000000,0.949409,0.749931,0.194538
313,0.087199,9.100075,2.000000,1.000000,0.669451,0.207401
313,0.100000,7.500000,2.000000,1.000000,0.800000,0.000000
313,0.100000,7.710762,2.000000,0.991534,0.694470,0.132184
313,0.100000,8.643888,2.000000,0.953147,0.800000,0.046853
313,0.090954,3.630724,1.000000,1.000000,0.800000,0.090458
313,0.099602,2.549736,1.000000,1.000000,0.800000,0.003980
313,0.078243,0.416846,0.000000,0.989863,0.725527,0.236861
314,0.100000,34.250000,6.000000,1.000000,0.800000,0.000000
314,0.100000,34.250000,6.000000,1.000000,0.800000,0.000000
314,0.094078,29.590511,5.000000,1.000000,0.638124,0.210833
314,0.100000,29.250000,5.000000,1.000000,0.800000,0.000000
314,0.079550,25.478651,4.000000,0.994214,0.740578,0.217650
314,0.100000,24.346951,4.000000,0.991534,0.694470,0.132184
314,0.089228,24.869387,4.000000,1.000000,0.763486,0.116990
314,0.095327,24.518692,4.000000,1.000000,0.786676,0.049607
314,0.100000,14.617718,2.000000,0.967496,0.670120,0.165572
314,0.084284,15.153668,2.000000,1.000000,0.744065,0.172012
314,0.082289,15.735041,2.000000,0.949409,0.749931,0.194538
314,0.100000,14.250000,2.000000,1.000000,0.800000,0.000000
314,0.090954,14.770140,2.000000,1.000000,0.800000,0.090458
314,0.089163,9.873116,1.000000,1.000000,0.678183,0.186897
314,0.100000,9.776187,1.000000,0.953147,0.800000,0.046853
314,0.087199,4.986034,0.000000,1.000000,0.669451,0.207401
314,0.099602,4.272878,0.000000,1.000000,0.800000,0.003980
315,0.082289,40.172077,8.000000,0.949409,0.749931,0.000000
315,0.079550,29.581224,6.000000,0.994214,0.740578,0.053799
315,0.100000,21.750000,5.000000,1.000000,0.800000,0.194538
315,0.100000,21.750000,5.000000,1.000000,0.800000,0.194538
315,0.100000,21.973408,5.000000,0.991534,0.694470,0.194806
315,0.090954,17.948614,4.000000,1.000000,0.800000,0.118260
315,0.094078,12.534657,3.000000,1.000000,0.638124,0.189712
315,0.100000,11.750000,3.000000,1.000000,0.800000,0.194538
315,0.095327,12.369156,3.000000,1.000000,0.786676,0.147205
315,0.089228,8.177282,2.000000,1.000000,0.763486,0.087532
315,0.089163,8.185875,2.000000,1.000000,0.678183,0.123809
315,0.100000,7.962528,2.000000,0.953147,0.800000,0.187882
315,0.100000,2.597381,1.000000,0.967496,0.670120,0.204080
315,0.100000,1.750000,1.000000,1.000000,0.800000,0.194538
315,0.084284,-1.167613,0.000000,1.000000,0.744065,0.054875
316,0.094078,34.825706,6.000000,1.000000,0.638124,0.000000
316,0.082289,30.920479,5.000000,0.949409,0.749931,0.189712
316,0.100000,29.592735,5.000000,0.991534,0.694470,0.092408
316,0.089228,30.092457,5.000000,1.000000,0.763486,0.164036
316,0.089163,30.096024,5.000000,1.000000,0.678183,0.070164
316,0.100000,29.851727,5.000000,0.967496,0.670120,0.078505
316,0.100000,24.500000,4.000000,1.000000,0.800000,0.210833
316,0.100000,19.500000,3.000000,1.000000,0.800000,0.210833
316,0.100000,20.003325,3.000000,0.953147,0.800000,0.215976
316,0.100000,14.500000,2.000000,1.000000,0.800000,0.210833
316,0.090954,14.997531,2.000000,1.000000,0.800000,0.204742
316,0.095327,14.756996,2.000000,1.000000,0.786676,0.186109
316,0.100000,14.500000,2.000000,1.000000,0.800000,0.210833
316,0.079550,10.675241,1.000000,0.994214,0.740578,0.193756
317,0.100000,34.500000,6.000000,1.000000,0.800000,0.000000
317,0.090954,24.997538,4.000000,1.000000,0.800000,0.090458
317,0.100000,24.791801,4.000000,0.973110,0.800000,0.026890
317,0.079550,25.675226,4.000000,0.994214,0.740578,0.217650
317,0.082289,20.920486,3.000000,0.949409,0.749931,0.194538
317,0.089228,20.092457,3.000000,1.000000,0.763486,0.116990
317,0.085122,21.073227,3.000000,0.915833,0.768710,0.175356
317,0.096100,19.869095,3.000000,0.985264,0.582493,0.275060
317,0.095327,19.757004,3.000000,1.000000,0.786676,0.049607
317,0.089163,20.096024,3.000000,1.000000,0.678183,0.186897
317,0.100000,14.500000,2.000000,1.000000,0.800000,0.000000
317,0.095869,15.628391,2.000000,0.910545,0.717441,0.142685
317,0.085294,15.308853,2.000000,1.000000,0.669028,0.220069
317,0.100000,14.592735,2.000000,0.991534,0.694470,0.132184
317,0.100000,14.500000,2.000000,1.000000,0.800000,0.000000
317,0.094078,9.825706,1.000000,1.000000,0.638124,0.210833
317,0.100000,10.003309,1.000000,0.953147,0.800000,0.046853
317,0.100000,9.500000,1.000000,1.000000,0.800000,0.000000
317,0.100000,9.851744,1.000000,0.967496,0.670120,0.165572
317,0.096943,5.238876,0.000000,0.944964,0.650844,0.196788
317,0.090418,5.027003,0.000000,1.000000,0.775634,0.100543
318,0.100000,44.318329,8.000000,0.973110,0.800000,0.000000
318,0.095327,34.280365,6.000000,1.000000,0.786676,0.056426
318,0.089163,29.650208,5.000000,1.000000,0.678183,0.188821
318,0.100000,24.000000,4.000000,1.000000,0.800000,0.026890
318,0.085294,24.882385,4.000000,1.000000,0.669028,0.221706
318,0.089228,19.646317,3.000000,1.000000,0.763486,0.120041
318,0.094078,19.355316,3.000000,1.000000,0.638124,0.212541
318,0.100000,19.000000,3.000000,1.000000,0.800000,0.026890
318,0.100000,14.383712,2.000000,0.967496,0.670120,0.162448
318,0.100000,14.000000,2.000000,1.000000,0.800000,0.026890
318,0.100000,14.549079,2.000000,0.953147,0.800000,0.019963
318,0.096100,14.402649,2.000000,0.985264,0.582493,0.274934
318,0.082289,15.549611,2.000000,0.949409,0.749931,0.189334
318,0.090954,14.542747,2.000000,1.000000,0.800000,0.094370
318,0.095869,10.230972,1.000000,0.910545,0.717441,0.127558
318,0.079550,10.282082,1.000000,0.994214,0.740578,0.218594
318,0.100000,4.101166,0.000000,0.991534,0.694470,0.133193
318,0.100000,4.000000,0.000000,1.000000,0.800000,0.026890
318,0.085122,5.716241,0.000000,0.915833,0.768710,0.164153
1,0.056000,52.742069,9.000000,0.480000,0.480000,0.000000
1,0.056000,52.742058,9.000000,0.480000,0.480000,0.000000
1,0.056000,37.742043,6.000000,0.480000,0.480000,0.000000
1,0.056000,32.742058,5.000000,0.480000,0.480000,0.000000
1,0.056000,32.742096,5.000000,0.480000,0.480000,0.000000
1,0.056000,32.742077,5.000000,0.480000,0.480000,0.000000
1,0.056000,22.742128,3.000000,0.480000,0.480000,0.000000
1,0.056000,22.742134,3.000000,0.480000,0.480000,0.000000
1,0.056000,22.742134,3.000000,0.480000,0.480000,0.000000
1,0.056000,17.742121,2.000000,0.480000,0.480000,0.000000
2,0.056000,48.161415,8.000000,0.480000,0.480000,0.000000
2,0.056000,43.161377,7.000000,0.480000,0.480000,0.000000
2,0.056000,43.161404,7.000000,0.480000,0.480000,0.000000
2,0.056000,38.161411,6.000000,0.480000,0.480000,0.000000
2,0.062374,32.505711,5.000000,0.529743,0.503107,0.085855
2,0.049190,33.660595,5.000000,0.437125,0.524592,0.097894
2,0.056000,23.161442,3.000000,0.480000,0.480000,0.000000
2,0.062284,22.896385,3.000000,0.486845,0.463659,0.066430
2,0.056000,18.161446,2.000000,0.480000,0.480000,0.000000
2,0.053239,17.972067,2.000000,0.517020,0.426299,0.081480
2,0.056000,13.161401,1.000000,0.480000,0.480000,0.000000
2,0.056000,13.161401,1.000000,0.480000,0.480000,0.000000
2,0.056000,8.161401,0.000000,0.480000,0.480000,0.000000
2,0.056000,8.161401,0.000000,0.480000,0.480000,0.000000
2,0.049435,8.627968,0.000000,0.441323,0.439345,0.091586
2,0.055592,8.165315,0.000000,0.481243,0.514194,0.042955
3,0.062374,62.199444,11.000000,0.529743,0.503107,0.000000
3,0.056000,42.935608,7.000000,0.480000,0.480000,0.085855
3,0.049190,38.496109,6.000000,0.437125,0.524592,0.163345
3,0.056000,32.935616,5.000000,0.480000,0.480000,0.085855
3,0.056000,27.935659,4.000000,0.480000,0.480000,0.085855
3,0.056000,27.935663,4.000000,0.480000,0.480000,0.085855
3,0.062284,27.638056,4.000000,0.486845,0.463659,0.065364
3,0.053239,27.723022,4.000000,0.517020,0.426299,0.133136
3,0.056000,22.935667,3.000000,0.480000,0.480000,0.085855
3,0.056000,17.935656,2.000000,0.480000,0.480000,0.085855
3,0.056000,7.935608,0.000000,0.480000,0.480000,0.085855
3,0.056000,7.935608,0.000000,0.480000,0.480000,0.085855
4,0.056000,68.935699,13.000000,0.480000,0.480000,0.000000
4,0.062374,41.773376,8.000000,0.529743,0.503107,0.085855
4,0.056000,43.935707,8.000000,0.480000,0.480000,0.000000
4,0.056000,43.935734,8.000000,0.480000,0.480000,0.000000
4,0.062284,28.061697,5.000000,0.486845,0.463659,0.066430
4,0.056000,18.936014,3.000000,0.480000,0.480000,0.000000
4,0.056000,13.935949,2.000000,0.480000,0.480000,0.000000
4,0.053239,13.311378,2.000000,0.517020,0.426299,0.081480
4,0.049190,10.582455,1.000000,0.437125,0.524592,0.097894
4,0.056000,3.935849,0.000000,0.480000,0.480000,0.000000
5,0.056000,67.032379,12.000000,0.480000,0.480000,0.000000
5,0.056000,42.032402,7.000000,0.480000,0.480000,0.000000
5,0.056000,42.032394,7.000000,0.480000,0.480000,0.000000
5,0.056000,37.032459,6.000000,0.480000,0.480000,0.000000
5,0.062284,36.604572,6.000000,0.486845,0.463659,0.066430
5,0.056000,32.032410,5.000000,0.480000,0.480000,0.000000
5,0.049190,27.838146,4.000000,0.437125,0.524592,0.097894
5,0.062374,15.974067,2.000000,0.529743,0.503107,0.085855
5,0.053239,11.726845,1.000000,0.517020,0.426299,0.081480
6,0.056000,43.451687,7.000000,0.480000,0.480000,0.000000
6,0.053239,43.292233,7.000000,0.517020,0.426299,0.081480
6,0.056000,38.451702,6.000000,0.480000,0.480000,0.000000
6,0.062374,37.899532,6.000000,0.529743,0.503107,0.085855
6,0.065005,32.925819,5.000000,0.515654,0.510160,0.103930
6,0.056000,28.451742,4.000000,0.480000,0.480000,0.000000
6,0.056766,28.251596,4.000000,0.506624,0.463919,0.034229
6,0.059263,28.644928,4.000000,0.436514,0.457035,0.061480
6,0.052342,23.605566,3.000000,0.471172,0.520579,0.063159
6,0.062284,18.228529,2.000000,0.486845,0.463659,0.066430
6,0.056000,13.451706,1.000000,0.480000,0.480000,0.000000
6,0.049190,13.872116,1.000000,0.437125,0.524592,0.097894
6,0.056000,8.451706,0.000000,0.480000,0.480000,0.000000
6,0.057363,8.731262,0.000000,0.429318,0.424931,0.086560
7,0.056766,54.827492,10.000000,0.506624,0.463919,0.000000
7,0.056000,40.419556,7.000000,0.480000,0.480000,0.034229
7,0.059263,35.991463,6.000000,0.436514,0.457035,0.074918
7,0.056000,30.419661,5.000000,0.480000,0.480000,0.034229
7,0.053239,29.947868,5.000000,0.517020,0.426299,0.059700
7,0.065005,23.864000,4.000000,0.515654,0.510160,0.101043
7,0.052342,25.874788,4.000000,0.471172,0.520579,0.090724
7,0.056000,20.419760,3.000000,0.480000,0.480000,0.034229
7,0.062374,13.786094,2.000000,0.529743,0.503107,0.077963
7,0.062284,14.759405,2.000000,0.486845,0.463659,0.058614
7,0.056000,15.419731,2.000000,0.480000,0.480000,0.034229
7,0.049190,6.663343,0.000000,0.437125,0.524592,0.127761
8,0.065005,51.456604,9.000000,0.515654,0.510160,0.000000
8,0.062284,41.973663,7.000000,0.486845,0.463659,0.070349
8,0.059263,37.685200,6.000000,0.436514,0.457035,0.118196
8,0.053239,32.082531,5.000000,0.517020,0.426299,0.157592
8,0.052342,32.617947,5.000000,0.471172,0.520579,0.134846
8,0.056000,32.354973,5.000000,0.480000,0.480000,0.103930
8,0.056000,27.355064,4.000000,0.480000,0.480000,0.103930
8,0.056000,27.355066,4.000000,0.480000,0.480000,0.103930
8,0.056000,22.355062,3.000000,0.480000,0.480000,0.103930
8,0.056766,17.013172,2.000000,0.506624,0.463919,0.101043
8,0.062374,6.411734,0.000000,0.529743,0.503107,0.031121
9,0.052342,62.095085,11.000000,0.471172,0.520579,0.000000
9,0.056000,46.774345,8.000000,0.480000,0.480000,0.063159
9,0.065005,40.678749,7.000000,0.515654,0.510160,0.134846
9,0.062284,41.309338,7.000000,0.486845,0.463659,0.123258
9,0.059263,22.176933,3.000000,0.436514,0.457035,0.110907
9,0.053239,21.442223,3.000000,0.517020,0.426299,0.126772
9,0.056000,21.774477,3.000000,0.480000,0.480000,0.063159
9,0.056000,21.774466,3.000000,0.480000,0.480000,0.063159
9,0.056766,21.357512,3.000000,0.506624,0.463919,0.090724
9,0.056000,16.774475,2.000000,0.480000,0.480000,0.063159
10,0.056766,42.413754,7.000000,0.506624,0.463919,0.000000
10,0.059462,42.770996,7.000000,0.459545,0.421056,0.076249
10,0.053239,37.473915,6.000000,0.517020,0.426299,0.059700
10,0.052342,32.937454,5.000000,0.471172,0.520579,0.090724
10,0.056000,32.709824,5.000000,0.480000,0.480000,0.034229
10,0.059263,27.995623,4.000000,0.436514,0.457035,0.074918
10,0.056000,27.709871,4.000000,0.480000,0.480000,0.034229
10,0.056000,27.709873,4.000000,0.480000,0.480000,0.034229
10,0.057701,27.347908,4.000000,0.508860,0.514678,0.064172
10,0.062284,17.379713,2.000000,0.486845,0.463659,0.058614
10,0.056000,12.709815,1.000000,0.480000,0.480000,0.034229
10,0.057469,12.858644,1.000000,0.458169,0.505013,0.070964
10,0.065005,6.931952,0.000000,0.515654,0.510160,0.101043
10,0.070193,7.064395,0.000000,0.485405,0.491466,0.140223
11,0.057701,57.385269,10.000000,0.508860,0.514678,0.000000
11,0.056000,47.742039,8.000000,0.480000,0.480000,0.054784
11,0.052342,42.966518,7.000000,0.471172,0.520579,0.065932
11,0.062284,37.416565,6.000000,0.486845,0.463659,0.081558
11,0.056000,32.742050,5.000000,0.480000,0.480000,0.054784
11,0.059263,28.023853,4.000000,0.436514,0.457035,0.103293
11,0.056000,27.742126,4.000000,0.480000,0.480000,0.054784
11,0.056766,22.450247,3.000000,0.506624,0.463919,0.064172
11,0.053239,17.509556,2.000000,0.517020,0.426299,0.119426
11,0.059462,12.802486,1.000000,0.459545,0.421056,0.128208
11,0.056000,7.742071,0.000000,0.480000,0.480000,0.054784
11,0.057469,7.888805,0.000000,0.458169,0.505013,0.052162
12,0.059263,52.995697,9.000000,0.436514,0.457035,0.000000
12,0.056766,42.413750,7.000000,0.506624,0.463919,0.074918
12,0.059462,42.771004,7.000000,0.459545,0.421056,0.050567
12,0.062284,37.379646,6.000000,0.486845,0.463659,0.059284
12,0.052342,32.937466,5.000000,0.471172,0.520579,0.110907
12,0.053239,32.473934,5.000000,0.517020,0.426299,0.107641
12,0.057701,22.347925,3.000000,0.508860,0.514678,0.103293
12,0.056000,22.709869,3.000000,0.480000,0.480000,0.061480
12,0.056000,22.709873,3.000000,0.480000,0.480000,0.061480
12,0.056000,17.709835,2.000000,0.480000,0.480000,0.061480
13,0.053239,55.552601,10.000000,0.517020,0.426299,0.000000
13,0.057701,30.330818,5.000000,0.508860,0.514678,0.119426
13,0.059263,26.471167,4.000000,0.436514,0.457035,0.107641
13,0.066260,24.400740,4.000000,0.520012,0.469653,0.141071
13,0.059462,21.075869,3.000000,0.459545,0.421056,0.084971
13,0.052342,21.368660,3.000000,0.471172,0.520579,0.126772
13,0.056000,20.968090,3.000000,0.480000,0.480000,0.081480
13,0.056000,20.968086,3.000000,0.480000,0.480000,0.081480
13,0.056000,20.968088,3.000000,0.480000,0.480000,0.081480
13,0.047973,21.207264,3.000000,0.502980,0.400000,0.063645
13,0.062284,15.386792,2.000000,0.486845,0.463659,0.106177
13,0.064150,16.563673,2.000000,0.414025,0.505472,0.179743
13,0.063018,16.611092,2.000000,0.414836,0.420834,0.141606
13,0.056766,10.446801,1.000000,0.506624,0.463919,0.059700
13,0.054171,10.091319,1.000000,0.538487,0.413030,0.028686
13,0.058793,10.916128,1.000000,0.471462,0.497446,0.114324
14,0.054171,57.368958,10.000000,0.538487,0.413030,0.000000
14,0.057701,42.497314,7.000000,0.508860,0.514678,0.135159
14,0.060590,37.703796,6.000000,0.475669,0.516387,0.157346
14,0.053239,22.616289,3.000000,0.517020,0.426299,0.028686
14,0.066260,21.998796,3.000000,0.520012,0.469653,0.141294
14,0.052342,23.053596,3.000000,0.471172,0.520579,0.151457
14,0.056766,22.559536,3.000000,0.506624,0.463919,0.075731
14,0.067802,16.758036,2.000000,0.534289,0.451180,0.144471
14,0.058793,17.811045,2.000000,0.471462,0.497446,0.133277
14,0.062284,17.527340,2.000000,0.486845,0.463659,0.115125
14,0.056000,17.838894,2.000000,0.480000,0.480000,0.103745
14,0.047973,12.967143,1.000000,0.502980,0.400000,0.073268
14,0.063018,13.183496,1.000000,0.414836,0.420834,0.152353
14,0.056000,12.838840,1.000000,0.480000,0.480000,0.103745
14,0.056000,12.838840,1.000000,0.480000,0.480000,0.103745
14,0.059462,12.896666,1.000000,0.459545,0.421056,0.095562
14,0.062677,13.095447,1.000000,0.425930,0.499111,0.177430
14,0.059263,13.108545,1.000000,0.436514,0.457035,0.126557
14,0.064150,8.158129,0.000000,0.414025,0.505472,0.196977
14,0.050390,7.437004,0.000000,0.551050,0.400000,0.043042
15,0.066260,36.550957,6.000000,0.520012,0.469653,0.000000
15,0.052342,37.763203,6.000000,0.471172,0.520579,0.160649
15,0.058793,32.484398,5.000000,0.471462,0.497446,0.095599
15,0.054171,26.976204,4.000000,0.538487,0.413030,0.141294
15,0.067802,26.274160,4.000000,0.534289,0.451180,0.031225
15,0.062284,27.158287,4.000000,0.486845,0.463659,0.052314
15,0.047973,27.663679,4.000000,0.502980,0.400000,0.203254
15,0.060590,22.360968,3.000000,0.475669,0.516387,0.092700
15,0.062677,22.811115,3.000000,0.425930,0.499111,0.107196
15,0.056000,22.516338,3.000000,0.480000,0.480000,0.110880
15,0.056000,17.516342,2.000000,0.480000,0.480000,0.110880
15,0.057701,12.123853,1.000000,0.508860,0.514678,0.103037
15,0.059462,12.582735,1.000000,0.459545,0.421056,0.109392
15,0.056000,12.516278,1.000000,0.480000,0.480000,0.110880
15,0.063018,12.912375,1.000000,0.414836,0.420834,0.125844
15,0.056766,12.195230,1.000000,0.506624,0.463919,0.096139
15,0.053239,12.260511,1.000000,0.517020,0.426299,0.141071
15,0.059263,7.826239,0.000000,0.436514,0.457035,0.110074
16,0.056000,43.032402,7.000000,0.480000,0.480000,0.000000
16,0.062284,37.748688,6.000000,0.486845,0.463659,0.066430
16,0.054171,32.604572,5.000000,0.538487,0.413030,0.103745
16,0.066260,32.267609,5.000000,0.520012,0.469653,0.110880
16,0.053239,27.829756,4.000000,0.517020,0.426299,0.081480
16,0.047973,28.149141,4.000000,0.502980,0.400000,0.130276
16,0.060590,27.909338,4.000000,0.475669,0.516387,0.064764
16,0.062677,23.265997,3.000000,0.425930,0.499111,0.089175
16,0.058793,18.007071,2.000000,0.471462,0.497446,0.036449
16,0.057701,17.721447,2.000000,0.508860,0.514678,0.054784
16,0.056000,18.032421,2.000000,0.480000,0.480000,0.000000
16,0.067802,12.048361,1.000000,0.534289,0.451180,0.134812
16,0.056000,13.032376,1.000000,0.480000,0.480000,0.000000
16,0.059462,13.085024,1.000000,0.459545,0.421056,0.083940
16,0.063018,13.346168,1.000000,0.414836,0.420834,0.121001
16,0.056766,12.778039,1.000000,0.506624,0.463919,0.034229
16,0.052342,13.227958,1.000000,0.471172,0.520579,0.063159
17,0.067787,46.674606,8.000000,0.545266,0.478386,0.000000
17,0.060590,32.738045,5.000000,0.475669,0.516387,0.110813
17,0.052342,33.082710,5.000000,0.471172,0.520579,0.179239
17,0.043488,28.459404,4.000000,0.463365,0.400000,0.274504
17,0.054733,27.406895,4.000000,0.535848,0.484538,0.131103
17,0.047973,27.997433,4.000000,0.502980,0.400000,0.225054
17,0.056000,27.871128,4.000000,0.480000,0.480000,0.134748
17,0.060574,17.644691,2.000000,0.485446,0.459798,0.096545
17,0.057210,17.681450,2.000000,0.495597,0.475007,0.116929
17,0.067802,16.806423,2.000000,0.534289,0.451180,0.035736
17,0.053239,17.651867,2.000000,0.517020,0.426299,0.161872
17,0.066260,17.043591,2.000000,0.520012,0.469653,0.031467
17,0.056000,12.871096,1.000000,0.480000,0.480000,0.134748
17,0.057701,12.534731,1.000000,0.508860,0.514678,0.116428
17,0.059462,12.928059,1.000000,0.459545,0.421056,0.139332
17,0.056766,12.595911,1.000000,0.506624,0.463919,0.118175
17,0.062639,12.933409,1.000000,0.447162,0.497457,0.113327
17,0.048817,12.904455,1.000000,0.510058,0.419025,0.206716
17,0.058793,7.843716,0.000000,0.471462,0.497446,0.118759
17,0.063018,8.210608,0.000000,0.414836,0.420834,0.156402
17,0.062677,8.123873,0.000000,0.425930,0.499111,0.132376
17,0.054171,7.408209,0.000000,0.538487,0.413030,0.158930
17,0.062284,7.564188,0.000000,0.486845,0.463659,0.082342
17,0.060641,8.079121,0.000000,0.438155,0.553275,0.159192
17,0.056000,7.871096,0.000000,0.480000,0.480000,0.134748
18,0.054733,38.349857,6.000000,0.535848,0.484538,0.000000
18,0.062639,33.684895,5.000000,0.447162,0.497457,0.119900
18,0.057210,33.524559,5.000000,0.495597,0.475007,0.048739
18,0.060574,33.501167,5.000000,0.485446,0.459798,0.083116
18,0.060590,28.560528,4.000000,0.475669,0.516387,0.092934
18,0.067802,27.967724,4.000000,0.534289,0.451180,0.137190
18,0.067787,27.883841,4.000000,0.545266,0.478386,0.131103
18,0.047973,23.725641,3.000000,0.502980,0.400000,0.129681
18,0.043488,24.019627,3.000000,0.463365,0.400000,0.170487
18,0.057701,23.431170,3.000000,0.508860,0.514678,0.055034
18,0.053239,18.505733,2.000000,0.517020,0.426299,0.076665
18,0.056766,18.470160,2.000000,0.506624,0.463919,0.043952
18,0.066260,13.118649,1.000000,0.520012,0.469653,0.117826
18,0.056000,13.645243,1.000000,0.480000,0.480000,0.057547
18,0.059462,13.681492,1.000000,0.459545,0.421056,0.119814
18,0.048817,13.666471,1.000000,0.510058,0.419025,0.104266
18,0.056000,8.645243,0.000000,0.480000,0.480000,0.057547
18,0.052342,8.779905,0.000000,0.471172,0.520579,0.082368
19,0.067802,46.564377,8.000000,0.534289,0.451180,0.000000
19,0.048817,42.745743,7.000000,0.510058,0.419025,0.195567
19,0.060590,32.566608,5.000000,0.475669,0.516387,0.123618
19,0.056000,32.709801,5.000000,0.480000,0.480000,0.134812
19,0.054733,22.210447,3.000000,0.535848,0.484538,0.137190
19,0.067787,21.422691,3.000000,0.545266,0.478386,0.035736
19,0.043488,23.342693,3.000000,0.463365,0.400000,0.261230
19,0.057701,22.347914,3.000000,0.508860,0.514678,0.130956
19,0.066260,21.819620,3.000000,0.520012,0.469653,0.031225
19,0.062639,17.776796,2.000000,0.447162,0.497457,0.116633
19,0.057210,17.505802,2.000000,0.495597,0.475007,0.116636
19,0.060574,17.466259,2.000000,0.485446,0.459798,0.087899
19,0.047973,17.845730,2.000000,0.502980,0.400000,0.210698
19,0.053239,12.473978,1.000000,0.517020,0.426299,0.149918
19,0.059462,12.771093,1.000000,0.459545,0.421056,0.118151
19,0.056766,7.413791,0.000000,0.506624,0.463919,0.114881
20,0.067787,47.732697,8.000000,0.545266,0.478386,0.000000
20,0.054733,43.232002,7.000000,0.535848,0.484538,0.131103
20,0.066260,37.984295,6.000000,0.520012,0.469653,0.031467
20,0.067802,32.822559,5.000000,0.534289,0.451180,0.035736
20,0.057701,33.319096,5.000000,0.508860,0.514678,0.116428
20,0.057210,33.419170,5.000000,0.495597,0.475007,0.116929
20,0.047973,33.634617,5.000000,0.502980,0.400000,0.225054
20,0.056000,23.548513,3.000000,0.480000,0.480000,0.134748
20,0.062639,18.590935,2.000000,0.447162,0.497457,0.113327
20,0.053239,18.399000,2.000000,0.517020,0.426299,0.161872
20,0.048817,13.571219,1.000000,0.510058,0.419025,0.206716
20,0.043488,13.949561,1.000000,0.463365,0.400000,0.274504
20,0.060590,8.457708,0.000000,0.475669,0.516387,0.110813
20,0.060574,8.394108,0.000000,0.485446,0.459798,0.096545
20,0.059462,8.587313,0.000000,0.459545,0.421056,0.139332
21,0.067802,55.451435,10.000000,0.534289,0.451180,0.000000
21,0.062639,42.056725,7.000000,0.447162,0.497457,0.116633
21,0.057701,36.488777,6.000000,0.508860,0.514678,0.130956
21,0.056000,36.967941,6.000000,0.480000,0.480000,0.134812
21,0.067787,30.263851,5.000000,0.545266,0.478386,0.035736
21,0.057210,31.697823,5.000000,0.495597,0.475007,0.116636
21,0.066260,20.789356,3.000000,0.520012,0.469653,0.031225
21,0.047973,22.147846,3.000000,0.502980,0.400000,0.210698
21,0.053239,16.655689,2.000000,0.517020,0.426299,0.149918
21,0.054733,11.306789,1.000000,0.535848,0.484538,0.137190
21,0.048817,12.015436,1.000000,0.510058,0.419025,0.195567
21,0.043488,12.805750,1.000000,0.463365,0.400000,0.261230
22,0.047973,42.967083,7.000000,0.502980,0.400000,0.000000
22,0.067802,36.758034,6.000000,0.534289,0.451180,0.210698
22,0.056000,27.838900,4.000000,0.480000,0.480000,0.130276
22,0.067787,26.624231,4.000000,0.545266,0.478386,0.225054
22,0.057210,27.646320,4.000000,0.495597,0.475007,0.131825
22,0.054733,27.367605,4.000000,0.535848,0.484538,0.129681
22,0.057712,28.312996,4.000000,0.417757,0.525655,0.203515
22,0.048817,22.872761,3.000000,0.510058,0.419025,0.026209
22,0.058804,22.056293,3.000000,0.546686,0.517712,0.187864
22,0.060995,21.602385,3.000000,0.576678,0.457457,0.165974
22,0.057701,17.497330,2.000000,0.508860,0.514678,0.173342
22,0.050222,18.049633,2.000000,0.481510,0.459203,0.080271
22,0.055114,13.124264,1.000000,0.450765,0.514884,0.168667
22,0.069339,11.900780,1.000000,0.516569,0.434876,0.218492
22,0.053239,12.616289,1.000000,0.517020,0.426299,0.063645
22,0.066260,11.998796,1.000000,0.520012,0.469653,0.203254
22,0.043488,8.436013,0.000000,0.463365,0.400000,0.059838
22,0.062639,7.902097,0.000000,0.447162,0.497457,0.198660
23,0.069339,47.872177,8.000000,0.516569,0.434876,0.000000
23,0.067802,37.774139,6.000000,0.534289,0.451180,0.031074
23,0.067787,37.682301,6.000000,0.545266,0.478386,0.063423
23,0.058804,37.978912,6.000000,0.546686,0.517712,0.150756
23,0.057210,33.384041,5.000000,0.495597,0.475007,0.132924
23,0.054733,28.192684,4.000000,0.535848,0.484538,0.159873
23,0.060995,27.667309,4.000000,0.576678,0.457457,0.106643
23,0.057712,23.841761,3.000000,0.417757,0.525655,0.190160
23,0.048817,23.539501,3.000000,0.510058,0.419025,0.206281
23,0.047973,18.604279,2.000000,0.502980,0.400000,0.218492
23,0.056000,18.516251,2.000000,0.480000,0.480000,0.149374
23,0.050222,13.660942,1.000000,0.481510,0.459203,0.196724
23,0.057701,8.281782,0.000000,0.508860,0.514678,0.153474
23,0.055114,8.712181,0.000000,0.450765,0.514884,0.185927
23,0.053239,8.363422,0.000000,0.517020,0.426299,0.161366
23,0.066260,7.939473,0.000000,0.520012,0.469653,0.053386
24,0.057712,58.136642,10.000000,0.417757,0.525655,0.000000
24,0.057210,42.400414,7.000000,0.495597,0.475007,0.100460
24,0.067802,31.419279,5.000000,0.534289,0.451180,0.180078
24,0.058804,31.748722,5.000000,0.546686,0.517712,0.129771
24,0.054733,32.092655,5.000000,0.535848,0.484538,0.132189
24,0.048817,32.650520,5.000000,0.510058,0.419025,0.184923
24,0.060995,26.247410,4.000000,0.576678,0.457457,0.183305
24,0.067787,21.271477,3.000000,0.545266,0.478386,0.172919
24,0.047973,22.754692,3.000000,0.502980,0.400000,0.203515
24,0.069339,16.576981,2.000000,0.516569,0.434876,0.190160
24,0.050222,12.845863,1.000000,0.481510,0.459203,0.128737
24,0.056000,7.613047,0.000000,0.480000,0.480000,0.086162
25,0.060995,65.284004,12.000000,0.576678,0.457457,0.000000
25,0.067787,65.314232,12.000000,0.545266,0.478386,0.079274
25,0.058804,30.913889,5.000000,0.546686,0.517712,0.083979
25,0.057210,26.732952,4.000000,0.495597,0.475007,0.092131
25,0.067802,25.499960,4.000000,0.534289,0.451180,0.080575
25,0.057712,22.658302,3.000000,0.417757,0.525655,0.183305
25,0.047973,22.178188,3.000000,0.502980,0.400000,0.165974
25,0.069339,20.698097,3.000000,0.516569,0.434876,0.106643
25,0.048817,17.047274,2.000000,0.510058,0.419025,0.146888
25,0.054733,11.346079,1.000000,0.535848,0.484538,0.082060
25,0.050222,12.292774,1.000000,0.481510,0.459203,0.143759
26,0.067802,52.241844,9.000000,0.534289,0.451180,0.000000
26,0.057210,47.997616,8.000000,0.495597,0.475007,0.116636
26,0.060001,37.708645,6.000000,0.517674,0.541690,0.138428
26,0.067787,32.128075,5.000000,0.545266,0.478386,0.035736
26,0.057712,33.564766,5.000000,0.417757,0.525655,0.180078
26,0.047973,33.270504,5.000000,0.502980,0.400000,0.210698
26,0.060995,22.109491,3.000000,0.576678,0.457457,0.080575
26,0.054733,22.760500,3.000000,0.535848,0.484538,0.137190
26,0.058804,17.495636,2.000000,0.546686,0.517712,0.123152
26,0.048817,18.190247,2.000000,0.510058,0.419025,0.195567
26,0.069339,12.363350,1.000000,0.516569,0.434876,0.031074
26,0.050222,13.340733,1.000000,0.481510,0.459203,0.183825
26,0.059779,7.724677,0.000000,0.516821,0.515033,0.114511
26,0.062743,7.636343,0.000000,0.514164,0.431038,0.059983
27,0.067802,45.838577,8.000000,0.534289,0.451180,0.000000
27,0.060995,40.639019,7.000000,0.576678,0.457457,0.080575
27,0.067787,35.666924,6.000000,0.545266,0.478386,0.035736
27,0.054733,36.621174,6.000000,0.535848,0.484538,0.137190
27,0.048817,37.269524,6.000000,0.510058,0.419025,0.195567
27,0.057712,32.834507,5.000000,0.417757,0.525655,0.180078
27,0.058804,31.221481,5.000000,0.546686,0.517712,0.123152
27,0.057210,21.978859,3.000000,0.495597,0.475007,0.116636
27,0.047973,17.390600,2.000000,0.502980,0.400000,0.210698
27,0.069339,16.021896,2.000000,0.516569,0.434876,0.031074
27,0.060001,6.542944,0.000000,0.517674,0.541690,0.138428
27,0.050222,7.496535,0.000000,0.481510,0.459203,0.183825
28,0.057210,46.768082,8.000000,0.495597,0.475007,0.000000
28,0.047973,42.208542,7.000000,0.502980,0.400000,0.131825
28,0.069339,40.744354,7.000000,0.516569,0.434876,0.132924
28,0.067787,35.364613,6.000000,0.545266,0.478386,0.116929
28,0.048817,37.079021,6.000000,0.510058,0.419025,0.110227
28,0.057712,32.683407,5.000000,0.417757,0.525655,0.100460
28,0.054733,26.385368,4.000000,0.535848,0.484538,0.048739
28,0.058804,25.957903,4.000000,0.546686,0.517712,0.075590
28,0.060995,15.334618,2.000000,0.576678,0.457457,0.092131
28,0.067802,10.548347,1.000000,0.534289,0.451180,0.116636
29,0.051441,43.460686,7.000000,0.494247,0.406940,0.000000
29,0.067787,37.531143,6.000000,0.545266,0.478386,0.193129
29,0.060995,32.515221,5.000000,0.576678,0.457457,0.141104
29,0.050775,33.123280,5.000000,0.549296,0.406771,0.055450
29,0.065618,32.825371,5.000000,0.520130,0.430761,0.147163
29,0.047973,28.513258,4.000000,0.502980,0.400000,0.036800
29,0.058804,27.847147,4.000000,0.546686,0.517712,0.165362
29,0.057712,23.766224,3.000000,0.417757,0.525655,0.178336
29,0.063190,23.322485,3.000000,0.465523,0.519123,0.185186
29,0.057210,18.278652,2.000000,0.495597,0.475007,0.102808
29,0.069339,17.733406,2.000000,0.516569,0.434876,0.183723
29,0.067802,17.629011,2.000000,0.534289,0.451180,0.177288
29,0.048817,13.444217,1.000000,0.510058,0.419025,0.034155
29,0.054733,13.074816,1.000000,0.535848,0.484538,0.110558
29,0.073293,7.895654,0.000000,0.484123,0.493945,0.244304
29,0.051570,8.854039,0.000000,0.425913,0.565444,0.209587
30,0.060995,51.602432,9.000000,0.576678,0.457457,0.000000
30,0.058804,37.056213,6.000000,0.546686,0.517712,0.083979
30,0.047973,32.967087,5.000000,0.502980,0.400000,0.165974
30,0.054733,32.367668,5.000000,0.535848,0.484538,0.082060
30,0.057712,28.313004,4.000000,0.417757,0.525655,0.183305
30,0.069339,26.900780,4.000000,0.516569,0.434876,0.106643
30,0.051441,22.895252,3.000000,0.494247,0.406940,0.141104
30,0.067787,21.624214,3.000000,0.545266,0.478386,0.079274
30,0.050775,22.433819,3.000000,0.549296,0.406771,0.123319
30,0.065618,22.026527,3.000000,0.520130,0.430761,0.080304
30,0.057210,22.646320,3.000000,0.495597,0.475007,0.092131
30,0.063190,12.706255,1.000000,0.465523,0.519123,0.137036
30,0.067802,11.758036,1.000000,0.534289,0.451180,0.080575
30,0.048817,7.872705,0.000000,0.510058,0.419025,0.146888
31,0.054733,42.681995,7.000000,0.535848,0.484538,0.000000
31,0.057712,43.514404,7.000000,0.417757,0.525655,0.132189
31,0.067787,37.027306,6.000000,0.545266,0.478386,0.131103
31,0.050775,37.740280,6.000000,0.549296,0.406771,0.105814
31,0.060995,27.008070,4.000000,0.576678,0.457457,0.082060
31,0.069339,27.270836,4.000000,0.516569,0.434876,0.159873
31,0.051441,28.146563,4.000000,0.494247,0.406940,0.110558
31,0.065618,27.381569,4.000000,0.520130,0.430761,0.128896
31,0.058804,22.407768,3.000000,0.546686,0.517712,0.059114
31,0.057210,17.927357,2.000000,0.495597,0.475007,0.048739
31,0.047973,13.209872,1.000000,0.502980,0.400000,0.129681
31,0.063190,12.980135,1.000000,0.465523,0.519123,0.118179
31,0.067802,12.145136,1.000000,0.534289,0.451180,0.137190
32,0.058804,38.242523,6.000000,0.546686,0.517712,0.000000
32,0.066524,33.092644,5.000000,0.535464,0.463555,0.103286
32,0.069339,28.149719,4.000000,0.516569,0.434876,0.150756
32,0.067848,27.629929,4.000000,0.591032,0.458741,0.124818
32,0.058767,28.663568,4.000000,0.476873,0.461034,0.099465
32,0.067802,28.064499,4.000000,0.534289,0.451180,0.123152
32,0.063190,28.630600,4.000000,0.465523,0.519123,0.092271
32,0.060995,22.971573,3.000000,0.576678,0.457457,0.083979
32,0.057712,18.992842,2.000000,0.417757,0.525655,0.129771
32,0.074345,17.599867,2.000000,0.568190,0.483251,0.162695
32,0.056833,18.324368,2.000000,0.542982,0.432817,0.107998
32,0.065618,18.224792,2.000000,0.520130,0.430761,0.131002
32,0.051441,18.743429,2.000000,0.494247,0.406940,0.165362
32,0.067787,17.984592,2.000000,0.545266,0.478386,0.102408
32,0.045052,13.497963,1.000000,0.577413,0.400000,0.203734
32,0.050775,13.467979,1.000000,0.549296,0.406771,0.160263
32,0.055315,13.573952,1.000000,0.507747,0.449453,0.100068
32,0.054733,13.428421,1.000000,0.535848,0.484538,0.059114
32,0.047973,8.786354,0.000000,0.502980,0.400000,0.187864
32,0.057210,8.594818,0.000000,0.495597,0.475007,0.075590
32,0.062631,9.169960,0.000000,0.364041,0.520984,0.186655
33,0.054733,45.835453,8.000000,0.535848,0.484538,0.000000
33,0.067848,33.719482,6.000000,0.591032,0.458741,0.145895
33,0.074345,28.639620,5.000000,0.568190,0.483251,0.198774
33,0.067787,29.659225,5.000000,0.545266,0.478386,0.131103
33,0.058767,31.458563,5.000000,0.476873,0.461034,0.077256
33,0.067802,19.870922,3.000000,0.534289,0.451180,0.137190
33,0.060995,19.624668,3.000000,0.576678,0.457457,0.082060
33,0.045052,21.019516,3.000000,0.577413,0.400000,0.149222
33,0.063190,16.371090,2.000000,0.465523,0.519123,0.118179
33,0.058804,15.342772,2.000000,0.546686,0.517712,0.059114
33,0.056833,15.559567,2.000000,0.542982,0.432817,0.068350
33,0.066524,14.945493,2.000000,0.535464,0.463555,0.120790
33,0.057712,12.330935,1.000000,0.417757,0.525655,0.132189
33,0.065618,10.295700,1.000000,0.520130,0.430761,0.128896
33,0.050775,10.940145,1.000000,0.549296,0.406771,0.105814
33,0.055315,11.220972,1.000000,0.507747,0.449453,0.052411
33,0.051441,6.670012,0.000000,0.494247,0.406940,0.110558
33,0.069339,5.096756,0.000000,0.516569,0.434876,0.159873
34,0.058767,38.129036,6.000000,0.476873,0.461034,0.000000
34,0.050775,37.855186,6.000000,0.549296,0.406771,0.127407
34,0.054733,32.799812,5.000000,0.535848,0.484538,0.077256
34,0.067802,32.290264,5.000000,0.534289,0.451180,0.107757
34,0.045052,32.897102,5.000000,0.577413,0.400000,0.186386
34,0.058804,32.539543,5.000000,0.546686,0.517712,0.099465
34,0.074345,26.639801,4.000000,0.568190,0.483251,0.182694
34,0.067848,21.681900,3.000000,0.591032,0.458741,0.145900
34,0.060995,22.160202,3.000000,0.576678,0.457457,0.102358
34,0.065618,22.514709,3.000000,0.520130,0.430761,0.089426
34,0.067787,17.178448,2.000000,0.545266,0.478386,0.115255
34,0.057712,18.589972,2.000000,0.417757,0.525655,0.100652
34,0.056833,12.654152,1.000000,0.542982,0.432817,0.077385
34,0.063190,8.082840,0.000000,0.465523,0.519123,0.085775
34,0.066524,7.329659,0.000000,0.535464,0.463555,0.097260
34,0.055315,8.003532,0.000000,0.507747,0.449453,0.048520
35,0.058804,51.616825,9.000000,0.546686,0.517712,0.000000
35,0.045052,47.108513,8.000000,0.577413,0.400000,0.203734
35,0.056833,36.774460,6.000000,0.542982,0.432817,0.107998
35,0.074345,30.379734,5.000000,0.568190,0.483251,0.162695
35,0.067848,30.437632,5.000000,0.591032,0.458741,0.124818
35,0.065618,26.582726,4.000000,0.520130,0.430761,0.131002
35,0.054733,21.974710,3.000000,0.535848,0.484538,0.059114
35,0.060995,21.095278,3.000000,0.576678,0.457457,0.083979
35,0.067787,21.120382,3.000000,0.545266,0.478386,0.102408
35,0.057712,23.061211,3.000000,0.417757,0.525655,0.129771
35,0.058767,12.427424,1.000000,0.476873,0.461034,0.099465
35,0.050775,7.050848,0.000000,0.549296,0.406771,0.160263
35,0.067802,6.274160,0.000000,0.534289,0.451180,0.123152
36,0.074345,52.119781,9.000000,0.568190,0.483251,0.000000
36,0.058804,42.891041,7.000000,0.546686,0.517712,0.162695
36,0.060995,42.565937,7.000000,0.576678,0.457457,0.137602
36,0.045052,38.197525,6.000000,0.577413,0.400000,0.311004
36,0.056833,37.989277,6.000000,0.542982,0.432817,0.187820
36,0.067787,27.581535,4.000000,0.545266,0.478386,0.069738
36,0.065618,22.869751,3.000000,0.520130,0.430761,0.119291
36,0.054733,23.114105,3.000000,0.535848,0.484538,0.198774
36,0.057712,23.791409,3.000000,0.417757,0.525655,0.230449
36,0.067848,12.155914,1.000000,0.591032,0.458741,0.075374
36,0.058767,13.396317,1.000000,0.476873,0.461034,0.182694
37,0.067787,42.833466,7.000000,0.545266,0.478386,0.000000
37,0.054733,38.310600,6.000000,0.535848,0.484538,0.131103
37,0.065618,33.091652,5.000000,0.520130,0.430761,0.068162
37,0.073257,31.986568,5.000000,0.618588,0.462546,0.093597
37,0.046261,32.984528,5.000000,0.636616,0.400000,0.253536
37,0.056833,28.198689,4.000000,0.542982,0.432817,0.123484
37,0.062938,28.027363,4.000000,0.539959,0.469834,0.049939
37,0.045052,23.385273,3.000000,0.577413,0.400000,0.249645
37,0.067848,22.452173,3.000000,0.591032,0.458741,0.051941
37,0.050572,23.030960,3.000000,0.601821,0.400000,0.205995
37,0.057712,18.917274,2.000000,0.417757,0.525655,0.172919
37,0.058804,13.110721,1.000000,0.546686,0.517712,0.102408
37,0.058767,13.563367,1.000000,0.476873,0.461034,0.115255
37,0.057470,13.334501,1.000000,0.519214,0.502789,0.110697
37,0.074345,7.419823,0.000000,0.568190,0.483251,0.069738
37,0.060995,7.819441,0.000000,0.576678,0.457457,0.079274
38,0.073257,33.762897,6.000000,0.618588,0.462546,0.000000
38,0.046261,35.828445,6.000000,0.636616,0.400000,0.281627
38,0.045052,36.657890,6.000000,0.577413,0.400000,0.295570
38,0.054733,31.503237,5.000000,0.535848,0.484538,0.204731
38,0.057712,32.758953,5.000000,0.417757,0.525655,0.265936
38,0.067787,25.515766,4.000000,0.545266,0.478386,0.093597
38,0.057470,26.552805,4.000000,0.519214,0.502789,0.193209
38,0.056833,21.271702,3.000000,0.542982,0.432817,0.184585
38,0.062938,20.917082,3.000000,0.539959,0.469834,0.130055
38,0.067848,19.726591,3.000000,0.591032,0.458741,0.060890
38,0.058804,21.089691,3.000000,0.546686,0.517712,0.175537
38,0.065618,11.050163,1.000000,0.520130,0.430761,0.130796
38,0.058767,12.026504,1.000000,0.476873,0.461034,0.202688
38,0.050572,5.924545,0.000000,0.601821,0.400000,0.240529
39,0.054733,47.485554,8.000000,0.535848,0.484538,0.000000
39,0.067787,46.775391,8.000000,0.545266,0.478386,0.131103
39,0.062938,42.063972,7.000000,0.539959,0.469834,0.084180
39,0.046261,37.000233,6.000000,0.636616,0.400000,0.168813
39,0.056833,32.318981,5.000000,0.542982,0.432817,0.068350
39,0.073257,25.514893,4.000000,0.618588,0.462546,0.204731
39,0.067848,26.207886,4.000000,0.591032,0.458741,0.145895
39,0.045052,22.596701,3.000000,0.577413,0.400000,0.149222
39,0.057712,23.388535,3.000000,0.417757,0.525655,0.132189
39,0.057470,17.521118,2.000000,0.519214,0.502789,0.039319
39,0.058804,7.188058,0.000000,0.546686,0.517712,0.059114
39,0.065618,7.159668,0.000000,0.520130,0.430761,0.128896
39,0.058767,7.861755,0.000000,0.476873,0.461034,0.077256
40,0.046261,52.703308,9.000000,0.636616,0.400000,0.000000
40,0.067848,47.096725,8.000000,0.591032,0.458741,0.232526
40,0.056833,42.947376,7.000000,0.542982,0.432817,0.147059
40,0.067787,32.531155,5.000000,0.545266,0.478386,0.253536
40,0.073257,31.566090,5.000000,0.618588,0.462546,0.281627
40,0.057712,33.766197,5.000000,0.417757,0.525655,0.292712
40,0.054733,28.074816,4.000000,0.535848,0.484538,0.168813
40,0.062938,22.752110,3.000000,0.539959,0.469834,0.211595
40,0.057470,23.102106,3.000000,0.519214,0.502789,0.207013
40,0.045052,13.160005,1.000000,0.577413,0.400000,0.060426
41,0.073257,44.043217,8.000000,0.618588,0.462546,0.000000
41,0.040000,41.107712,7.000000,0.676693,0.430869,0.339922
41,0.057712,32.859676,5.000000,0.417757,0.525655,0.265936
41,0.072022,30.291901,5.000000,0.554639,0.480618,0.068937
41,0.071144,29.899696,5.000000,0.580829,0.434372,0.055788
41,0.046261,21.015892,3.000000,0.636616,0.400000,0.281627
41,0.062938,21.100586,3.000000,0.539959,0.469834,0.130055
41,0.045052,21.808100,3.000000,0.577413,0.400000,0.295570
41,0.056189,22.116512,3.000000,0.491418,0.400000,0.226750
41,0.067787,15.717299,2.000000,0.545266,0.478386,0.093597
41,0.063794,14.406327,2.000000,0.642362,0.503535,0.110208
41,0.067848,9.963598,1.000000,0.591032,0.458741,0.060890
41,0.056833,11.439338,1.000000,0.542982,0.432817,0.184585
41,0.054733,11.660395,1.000000,0.535848,0.484538,0.204731
41,0.056158,12.660866,1.000000,0.442737,0.534726,0.261348
41,0.057470,6.707751,0.000000,0.519214,0.502789,0.193209
42,0.046261,48.125149,8.000000,0.636616,0.400000,0.000000
42,0.071144,37.599854,6.000000,0.580829,0.434372,0.258601
42,0.062938,38.164982,6.000000,0.539959,0.469834,0.211595
42,0.072022,27.784424,4.000000,0.554639,0.480618,0.288504
42,0.045052,28.497938,4.000000,0.577413,0.400000,0.060426
42,0.063794,27.367699,4.000000,0.642362,0.503535,0.217991
42,0.056833,28.324362,4.000000,0.542982,0.432817,0.147059
42,0.073257,22.196808,3.000000,0.618588,0.462546,0.281627
42,0.056189,23.643044,3.000000,0.491418,0.400000,0.175894
42,0.067848,22.629929,3.000000,0.591032,0.458741,0.232526
42,0.040000,18.168335,2.000000,0.676693,0.430869,0.083759
42,0.054733,18.428421,2.000000,0.535848,0.484538,0.168813
42,0.057712,13.992805,1.000000,0.417757,0.525655,0.292712
42,0.067787,7.984581,0.000000,0.545266,0.478386,0.253536
42,0.056158,8.899231,0.000000,0.442737,0.534726,0.275216
43,0.063794,54.472176,10.000000,0.642362,0.503535,0.000000
43,0.072022,40.347290,7.000000,0.554639,0.480618,0.123637
43,0.067848,35.022949,6.000000,0.591032,0.458741,0.086104
43,0.062938,31.146461,5.000000,0.539959,0.469834,0.111060
43,0.073257,29.113297,5.000000,0.618588,0.462546,0.110208
43,0.045052,26.845646,4.000000,0.577413,0.400000,0.236840
43,0.056189,27.150383,4.000000,0.491418,0.400000,0.212875
43,0.046261,16.062782,2.000000,0.636616,0.400000,0.217991
43,0.071144,14.959724,2.000000,0.580829,0.434372,0.129089
43,0.056833,16.481153,2.000000,0.542982,0.432817,0.150118
43,0.054733,16.699684,2.000000,0.535848,0.484538,0.141840
43,0.040000,11.153503,1.000000,0.676693,0.430869,0.256988
43,0.057712,7.884892,0.000000,0.417757,0.525655,0.234331
44,0.045052,52.859547,9.000000,0.577413,0.400000,0.000000
44,0.073257,41.005451,7.000000,0.618588,0.462546,0.295570
44,0.040000,37.389877,6.000000,0.676693,0.430869,0.117888
44,0.062938,32.385109,5.000000,0.539959,0.469834,0.202517
44,0.046261,32.328331,5.000000,0.636616,0.400000,0.060426
44,0.063794,26.248941,4.000000,0.642362,0.503535,0.236840
44,0.056833,27.612217,4.000000,0.542982,0.432817,0.129415
44,0.056189,23.066341,3.000000,0.491418,0.400000,0.140711
44,0.071144,21.579813,3.000000,0.580829,0.434372,0.264462
44,0.067848,16.622648,2.000000,0.591032,0.458741,0.239884
44,0.054733,17.760500,2.000000,0.535848,0.484538,0.149222
44,0.072022,6.842814,0.000000,0.554639,0.480618,0.288810
45,0.071144,55.379646,10.000000,0.580829,0.434372,0.000000
45,0.062938,36.467598,6.000000,0.539959,0.469834,0.101834
45,0.046261,36.390903,6.000000,0.636616,0.400000,0.258601
45,0.063794,34.932831,6.000000,0.642362,0.503535,0.129089
45,0.056833,31.774487,5.000000,0.542982,0.432817,0.148045
45,0.045052,27.108517,4.000000,0.577413,0.400000,0.264462
45,0.073257,24.603855,4.000000,0.618588,0.462546,0.055788
45,0.067848,25.437613,4.000000,0.591032,0.458741,0.046027
45,0.040000,16.474045,2.000000,0.676693,0.430869,0.325893
45,0.056189,17.387875,2.000000,0.491418,0.400000,0.179460
45,0.054733,11.974710,1.000000,0.535848,0.484538,0.181352
46,0.067848,42.748459,7.000000,0.591032,0.458741,0.000000
46,0.059449,42.720963,7.000000,0.635245,0.558197,0.156413
46,0.073257,32.336967,5.000000,0.618588,0.462546,0.060890
46,0.062938,28.256741,4.000000,0.539959,0.469834,0.072193
46,0.046261,28.218878,4.000000,0.636616,0.400000,0.232526
46,0.063794,27.499317,4.000000,0.642362,0.503535,0.086104
46,0.045052,28.573034,4.000000,0.577413,0.400000,0.239884
46,0.071144,22.719875,3.000000,0.580829,0.434372,0.046027
46,0.040000,23.259918,3.000000,0.676693,0.430869,0.293434
46,0.056833,18.408155,2.000000,0.542982,0.432817,0.124466
46,0.059581,18.538601,2.000000,0.508123,0.482015,0.120641
46,0.056146,18.105658,2.000000,0.595949,0.479888,0.120071
46,0.056189,13.710920,1.000000,0.491418,0.400000,0.170021
46,0.054733,13.507000,1.000000,0.535848,0.484538,0.145895
46,0.074326,12.554514,1.000000,0.588507,0.410180,0.088811
46,0.051251,8.242849,0.000000,0.600746,0.408133,0.177881
47,0.046261,53.218887,9.000000,0.636616,0.400000,0.000000
47,0.063794,42.499321,7.000000,0.642362,0.503535,0.217991
47,0.073257,37.336967,6.000000,0.618588,0.462546,0.281627
47,0.054733,38.507023,6.000000,0.535848,0.484538,0.168813
47,0.059449,27.720963,4.000000,0.635245,0.558197,0.237690
47,0.045052,28.573034,4.000000,0.577413,0.400000,0.060426
47,0.062938,23.256733,3.000000,0.539959,0.469834,0.211595
47,0.040000,23.259918,3.000000,0.676693,0.430869,0.083759
47,0.056833,23.408140,3.000000,0.542982,0.432817,0.147059
47,0.071144,17.719875,2.000000,0.580829,0.434372,0.258601
47,0.074326,17.554491,2.000000,0.588507,0.410180,0.285025
47,0.059581,13.538601,1.000000,0.508123,0.482015,0.211572
47,0.067848,7.748435,0.000000,0.591032,0.458741,0.232526
47,0.056146,8.105646,0.000000,0.595949,0.479888,0.146275
47,0.056189,8.710920,0.000000,0.491418,0.400000,0.175894
48,0.063794,41.183159,7.000000,0.642362,0.503535,0.000000
48,0.059449,41.521469,7.000000,0.635245,0.558197,0.081283
48,0.046261,37.281464,6.000000,0.636616,0.400000,0.217991
48,0.062938,32.339226,5.000000,0.539959,0.469834,0.111060
48,0.073257,25.935371,4.000000,0.618588,0.462546,0.110208
48,0.045052,27.821999,4.000000,0.577413,0.400000,0.236840
48,0.040000,27.344086,4.000000,0.676693,0.430869,0.256988
48,0.071144,26.519810,4.000000,0.580829,0.434372,0.129089
48,0.074326,26.267363,4.000000,0.588507,0.410180,0.166165
48,0.056833,22.570318,3.000000,0.542982,0.432817,0.150118
48,0.054733,17.721210,2.000000,0.535848,0.484538,0.141840
48,0.059581,7.769441,0.000000,0.508123,0.482015,0.143242
49,0.063794,64.801208,12.000000,0.642362,0.503535,0.000000
49,0.071144,45.259621,8.000000,0.580829,0.434372,0.129089
49,0.073257,39.463696,7.000000,0.618588,0.462546,0.110208
49,0.046261,36.297169,6.000000,0.636616,0.400000,0.217991
49,0.045052,32.033409,5.000000,0.577413,0.400000,0.236840
49,0.040000,21.382462,3.000000,0.676693,0.430869,0.256988
49,0.056833,21.690617,3.000000,0.542982,0.432817,0.150118
49,0.054733,21.896132,3.000000,0.535848,0.484538,0.141840
49,0.059449,10.262001,1.000000,0.635245,0.558197,0.081283
49,0.062938,11.375907,1.000000,0.539959,0.469834,0.111060
49,0.074326,9.915963,1.000000,0.588507,0.410180,0.166165
50,0.071144,33.079895,5.000000,0.580829,0.434372,0.000000
50,0.046261,33.500114,5.000000,0.636616,0.400000,0.258601
50,0.074326,32.940628,5.000000,0.588507,0.410180,0.044561
50,0.068402,32.411797,5.000000,0.687731,0.491032,0.131133
50,0.045052,28.798351,4.000000,0.577413,0.400000,0.264462
50,0.074243,28.031738,4.000000,0.575664,0.404390,0.048902
50,0.063794,22.894157,3.000000,0.642362,0.503535,0.129089
50,0.073257,22.757446,3.000000,0.618588,0.462546,0.055788
50,0.040000,23.534668,3.000000,0.676693,0.430869,0.325893
50,0.056833,23.659502,3.000000,0.542982,0.432817,0.148045
50,0.054733,18.742737,2.000000,0.535848,0.484538,0.181352
50,0.062938,18.531998,2.000000,0.539959,0.469834,0.101834
50,0.045680,18.685059,2.000000,0.599857,0.450961,0.256199
50,0.045348,18.536987,2.000000,0.635036,0.400000,0.267072
50,0.059449,13.080811,1.000000,0.635245,0.558197,0.201486
50,0.075213,12.953705,1.000000,0.583169,0.442718,0.042064
51,0.063794,37.367706,6.000000,0.642362,0.503535,0.000000
51,0.045348,33.171234,5.000000,0.635036,0.400000,0.225445
51,0.068402,26.764755,4.000000,0.687731,0.491032,0.066534
51,0.069958,26.226807,4.000000,0.734407,0.531057,0.115998
51,0.048493,27.768707,4.000000,0.678331,0.400000,0.203606
51,0.073257,27.196808,4.000000,0.618588,0.462546,0.110208
51,0.042972,23.476643,3.000000,0.595396,0.409769,0.243511
51,0.071144,22.599869,3.000000,0.580829,0.434372,0.129089
51,0.062938,18.164991,2.000000,0.539959,0.469834,0.111060
51,0.073785,17.800053,2.000000,0.546041,0.400000,0.189760
51,0.072921,17.922068,2.000000,0.533813,0.404330,0.188390
51,0.075213,17.442110,2.000000,0.583169,0.442718,0.149406
51,0.059449,17.601013,2.000000,0.635245,0.558197,0.081283
51,0.046261,18.125143,2.000000,0.636616,0.400000,0.217991
51,0.054733,13.428421,1.000000,0.535848,0.484538,0.141840
51,0.056833,13.324394,1.000000,0.542982,0.432817,0.150118
51,0.074243,12.539673,1.000000,0.575664,0.404390,0.175290
51,0.075630,11.996803,1.000000,0.630152,0.400000,0.175804
51,0.045052,13.497963,1.000000,0.577413,0.400000,0.236840
51,0.045680,8.356323,0.000000,0.599857,0.450961,0.197326
51,0.040000,8.168335,0.000000,0.676693,0.430869,0.256988
51,0.074326,7.425800,0.000000,0.588507,0.410180,0.166165
52,0.069958,33.019592,6.000000,0.734407,0.531057,0.000000
52,0.062938,36.605221,6.000000,0.539959,0.469834,0.220443
52,0.045348,31.616783,5.000000,0.635036,0.400000,0.311889
52,0.063794,30.130241,5.000000,0.642362,0.503535,0.115998
52,0.075630,24.444147,4.000000,0.630152,0.400000,0.202295
52,0.054733,27.092579,4.000000,0.535848,0.484538,0.256879
52,0.046261,26.531521,4.000000,0.636616,0.400000,0.304226
52,0.068402,19.014797,3.000000,0.687731,0.491032,0.070170
52,0.048493,20.872108,3.000000,0.678331,0.400000,0.275787
52,0.073785,15.930107,2.000000,0.546041,0.400000,0.252554
52,0.075213,15.267893,2.000000,0.583169,0.442718,0.194493
52,0.042972,17.181789,2.000000,0.595396,0.409769,0.339314
52,0.071144,10.559757,1.000000,0.580829,0.434372,0.195789
52,0.056833,11.900129,1.000000,0.542982,0.432817,0.262583
52,0.074243,10.448395,1.000000,0.575664,0.404390,0.228266
52,0.073257,9.814095,1.000000,0.618588,0.462546,0.147771
52,0.072921,6.155861,0.000000,0.533813,0.404330,0.257312
52,0.059449,5.561874,0.000000,0.635245,0.558197,0.148418
52,0.045052,7.221221,0.000000,0.577413,0.400000,0.336922
53,0.046261,53.218887,9.000000,0.636616,0.400000,0.000000
53,0.069958,36.415466,6.000000,0.734407,0.531057,0.304226
53,0.054733,33.507038,5.000000,0.535848,0.484538,0.168813
53,0.073785,32.910023,5.000000,0.546041,0.400000,0.289752
53,0.073257,32.336967,5.000000,0.618588,0.462546,0.281627
53,0.071144,27.719875,4.000000,0.580829,0.434372,0.258601
53,0.075213,22.569998,3.000000,0.583169,0.442718,0.299208
53,0.056833,23.408144,3.000000,0.542982,0.432817,0.147059
53,0.074243,22.662689,3.000000,0.575664,0.404390,0.286431
53,0.063794,17.499289,2.000000,0.642362,0.503535,0.217991
53,0.062938,13.256765,1.000000,0.539959,0.469834,0.211595
53,0.045348,13.262672,1.000000,0.635036,0.400000,0.009265
53,0.075630,12.146963,1.000000,0.630152,0.400000,0.293753
53,0.068402,11.926517,1.000000,0.687731,0.491032,0.254133
53,0.048493,12.880272,1.000000,0.678331,0.400000,0.047306
53,0.042972,8.552843,0.000000,0.595396,0.409769,0.054132
54,0.069958,42.830933,8.000000,0.734407,0.531057,0.000000
54,0.074243,35.325378,6.000000,0.575664,0.404390,0.228266
54,0.073257,29.673935,5.000000,0.618588,0.462546,0.147771
54,0.068402,28.853022,5.000000,0.687731,0.491032,0.070170
54,0.071144,25.439751,4.000000,0.580829,0.434372,0.195789
54,0.075213,25.139982,4.000000,0.583169,0.442718,0.194493
54,0.063794,24.998638,4.000000,0.642362,0.503535,0.115998
54,0.048493,20.760544,3.000000,0.678331,0.400000,0.275787
54,0.046261,16.437763,2.000000,0.636616,0.400000,0.304226
54,0.054733,17.014000,2.000000,0.535848,0.484538,0.256879
54,0.056833,16.816290,2.000000,0.542982,0.432817,0.262583
54,0.045348,16.525345,2.000000,0.635036,0.400000,0.311889
54,0.073785,10.820049,1.000000,0.546041,0.400000,0.252554
54,0.062938,11.513531,1.000000,0.539959,0.469834,0.220443
54,0.075630,9.293926,1.000000,0.630152,0.400000,0.202295
55,0.068402,32.411785,5.000000,0.687731,0.491032,0.000000
55,0.075213,32.953701,5.000000,0.583169,0.442718,0.138630
55,0.069958,31.981445,5.000000,0.734407,0.531057,0.070170
55,0.048493,28.214966,4.000000,0.678331,0.400000,0.229515
55,0.046261,28.500111,4.000000,0.636616,0.400000,0.254133
55,0.062938,28.531990,4.000000,0.539959,0.469834,0.159765
55,0.070986,23.269409,3.000000,0.552036,0.400000,0.178966
55,0.073257,22.757446,3.000000,0.618588,0.462546,0.091680
55,0.068666,21.894043,3.000000,0.751936,0.484648,0.064753
55,0.069370,23.030640,3.000000,0.595707,0.400000,0.146663
55,0.054733,23.742737,3.000000,0.535848,0.484538,0.204498
55,0.070384,17.256126,2.000000,0.698073,0.483400,0.024302
55,0.063794,17.894159,2.000000,0.642362,0.503535,0.066534
55,0.073785,13.240021,1.000000,0.546041,0.400000,0.189528
55,0.056833,13.659515,1.000000,0.542982,0.432817,0.199079
55,0.069449,13.423676,1.000000,0.532657,0.466853,0.158338
55,0.065022,12.926361,1.000000,0.631383,0.468189,0.071648
55,0.045348,8.536987,0.000000,0.635036,0.400000,0.262438
55,0.070115,7.545047,0.000000,0.661561,0.454362,0.055491
55,0.075630,7.597443,0.000000,0.630152,0.400000,0.146583
55,0.071144,8.079895,0.000000,0.580829,0.434372,0.131133
55,0.074243,8.031738,0.000000,0.575664,0.404390,0.166432
56,0.068666,46.311676,8.000000,0.751936,0.484648,0.000000
56,0.065022,47.537567,8.000000,0.631383,0.468189,0.127611
56,0.069958,36.415466,6.000000,0.734407,0.531057,0.061965
56,0.048493,27.880272,4.000000,0.678331,0.400000,0.239396
56,0.063794,27.499310,4.000000,0.642362,0.503535,0.122220
56,0.046261,23.218884,3.000000,0.636616,0.400000,0.273297
56,0.069370,22.661385,3.000000,0.595707,0.400000,0.188819
56,0.070384,21.741631,3.000000,0.698073,0.483400,0.056558
56,0.056833,23.408148,3.000000,0.542982,0.432817,0.248719
56,0.062938,18.256731,2.000000,0.539959,0.469834,0.220360
56,0.070986,17.944923,2.000000,0.552036,0.400000,0.227363
56,0.073257,12.336967,1.000000,0.618588,0.462546,0.143710
56,0.068402,11.926517,1.000000,0.687731,0.491032,0.064753
56,0.054733,13.507000,1.000000,0.535848,0.484538,0.257112
56,0.069449,13.128115,1.000000,0.532657,0.466853,0.220543
56,0.073785,7.910025,0.000000,0.546041,0.400000,0.237083
56,0.075213,7.570024,0.000000,0.583169,0.442718,0.188455
57,0.063794,37.499310,6.000000,0.642362,0.503535,0.000000
57,0.069449,38.128120,6.000000,0.532657,0.466853,0.131665
57,0.062938,33.256733,5.000000,0.539959,0.469834,0.111060
57,0.068666,26.311676,4.000000,0.751936,0.484648,0.122220
57,0.046261,28.218891,4.000000,0.636616,0.400000,0.217991
57,0.070384,26.741629,4.000000,0.698073,0.483400,0.089890
57,0.073257,27.336967,4.000000,0.618588,0.462546,0.110208
57,0.069370,22.661385,3.000000,0.595707,0.400000,0.148443
57,0.056833,23.408150,3.000000,0.542982,0.432817,0.150118
57,0.065022,17.537540,2.000000,0.631383,0.468189,0.047153
57,0.069958,16.415466,2.000000,0.734407,0.531057,0.115998
57,0.048493,17.880272,2.000000,0.678331,0.400000,0.203606
57,0.068402,16.926517,2.000000,0.687731,0.491032,0.066534
57,0.054733,18.507000,2.000000,0.535848,0.484538,0.141840
57,0.070986,12.944923,1.000000,0.552036,0.400000,0.173439
58,0.073014,37.026501,6.000000,0.682223,0.428392,0.000000
58,0.070986,33.107166,5.000000,0.552036,0.400000,0.136454
58,0.069370,27.846012,4.000000,0.595707,0.400000,0.100363
58,0.068666,21.602859,3.000000,0.751936,0.484648,0.108145
58,0.046261,23.359503,3.000000,0.636616,0.400000,0.273699
58,0.068130,23.608513,3.000000,0.483135,0.435886,0.205207
58,0.066806,22.654953,3.000000,0.633380,0.476269,0.099106
58,0.054733,23.624868,3.000000,0.535848,0.484538,0.244482
58,0.069958,21.698456,3.000000,0.734407,0.531057,0.141867
58,0.064631,17.253675,2.000000,0.696871,0.522794,0.145491
58,0.061379,18.480940,2.000000,0.531833,0.418956,0.190511
58,0.068402,17.169161,2.000000,0.687731,0.491032,0.091038
58,0.048493,18.047619,2.000000,0.678331,0.400000,0.247803
58,0.056833,18.533844,2.000000,0.542982,0.432817,0.213545
58,0.073257,17.547207,2.000000,0.618588,0.462546,0.076668
58,0.070384,16.998867,2.000000,0.698073,0.483400,0.075306
58,0.070780,12.781091,1.000000,0.598562,0.443739,0.088693
58,0.063794,12.696710,1.000000,0.642362,0.503535,0.137526
58,0.065022,12.731957,1.000000,0.631383,0.468189,0.106994
58,0.049939,8.222723,0.000000,0.637753,0.400000,0.237661
58,0.062938,8.394389,0.000000,0.539959,0.469834,0.181868
58,0.069449,8.275895,0.000000,0.532657,0.466853,0.161099
59,0.070384,46.570137,8.000000,0.698073,0.483400,0.000000
59,0.069958,46.226807,8.000000,0.734407,0.531057,0.069908
59,0.068666,41.117554,7.000000,0.751936,0.484648,0.056558
59,0.046261,28.125145,4.000000,0.636616,0.400000,0.269880
59,0.064631,26.861343,4.000000,0.696871,0.522794,0.075738
59,0.065022,22.407915,3.000000,0.631383,0.468189,0.087661
59,0.073014,21.601715,3.000000,0.682223,0.428392,0.075306
59,0.054733,18.428421,2.000000,0.535848,0.484538,0.225419
59,0.066806,17.319946,2.000000,0.633380,0.476269,0.074465
59,0.068130,18.409729,2.000000,0.483135,0.435886,0.224129
59,0.056833,18.324385,2.000000,0.542982,0.432817,0.215438
59,0.070780,17.464134,2.000000,0.598562,0.443739,0.111247
59,0.070986,17.836761,2.000000,0.552036,0.400000,0.179530
59,0.068402,11.764755,1.000000,0.687731,0.491032,0.024302
59,0.061379,8.263931,0.000000,0.531833,0.418956,0.205509
59,0.048493,7.768707,0.000000,0.678331,0.400000,0.243272
59,0.073257,7.196808,0.000000,0.618588,0.462546,0.088446
59,0.069370,7.538300,0.000000,0.595707,0.400000,0.146457
59,0.063794,7.367673,0.000000,0.642362,0.503535,0.089890
60,0.070384,57.084618,10.000000,0.698073,0.483400,0.000000
60,0.068666,41.699921,7.000000,0.751936,0.484648,0.056558
60,0.066806,42.721954,7.000000,0.633380,0.476269,0.074465
60,0.064631,32.332123,5.000000,0.696871,0.522794,0.075738
60,0.073014,32.111458,5.000000,0.682223,0.428392,0.075306
60,0.070780,32.844509,5.000000,0.598562,0.443739,0.111247
60,0.065022,22.796741,3.000000,0.631383,0.468189,0.087661
60,0.056833,23.575716,3.000000,0.542982,0.432817,0.215438
60,0.046261,18.406370,2.000000,0.636616,0.400000,0.269880
60,0.054733,18.664158,2.000000,0.535848,0.484538,0.225419
60,0.069958,11.792786,1.000000,0.734407,0.531057,0.069908
60,0.068130,8.648270,0.000000,0.483135,0.435886,0.224129
60,0.070986,8.161247,0.000000,0.552036,0.400000,0.179530
60,0.068402,7.250037,0.000000,0.687731,0.491032,0.024302
61,0.056833,48.073055,8.000000,0.542982,0.432817,0.000000
61,0.070780,42.083759,7.000000,0.598562,0.443739,0.150756
61,0.070384,36.055656,6.000000,0.698073,0.483400,0.215438
61,0.064631,36.390495,6.000000,0.696871,0.522794,0.205942
61,0.046261,32.843918,5.000000,0.636616,0.400000,0.147059
61,0.068666,25.535187,4.000000,0.751936,0.484648,0.248719
61,0.073014,26.091972,4.000000,0.682223,0.428392,0.213545
61,0.066806,21.917938,3.000000,0.633380,0.476269,0.145144
61,0.054733,23.192684,3.000000,0.535848,0.484538,0.068350
61,0.065022,17.019115,2.000000,0.631383,0.468189,0.128354
61,0.069958,15.660828,2.000000,0.734407,0.531057,0.262583
62,0.068666,41.796982,7.000000,0.751936,0.484648,0.000000
62,0.069958,41.887115,7.000000,0.734407,0.531057,0.061965
62,0.063817,32.585655,5.000000,0.677176,0.507687,0.093645
62,0.064631,27.410608,4.000000,0.696871,0.522794,0.083272
62,0.070384,22.170383,3.000000,0.698073,0.483400,0.056558
62,0.073014,22.196415,3.000000,0.682223,0.428392,0.108145
62,0.066806,22.788956,3.000000,0.633380,0.476269,0.120463
62,0.054733,23.703447,3.000000,0.535848,0.484538,0.257112
62,0.065022,22.861538,3.000000,0.631383,0.468189,0.127611
62,0.071852,22.887901,3.000000,0.596911,0.475250,0.158701
62,0.064402,22.782598,3.000000,0.646019,0.469245,0.115790
62,0.060300,18.546738,2.000000,0.540487,0.400000,0.250810
62,0.056833,13.617625,1.000000,0.542982,0.432817,0.248719
62,0.070780,12.907886,1.000000,0.598562,0.443739,0.163051
62,0.046261,13.453219,1.000000,0.636616,0.400000,0.273297
62,0.047035,13.539891,1.000000,0.613415,0.455450,0.259442
63,0.064631,37.410591,6.000000,0.696871,0.522794,0.000000
63,0.069958,26.887115,4.000000,0.734407,0.531057,0.065982
63,0.063817,27.585670,4.000000,0.677176,0.507687,0.028472
63,0.073014,27.196415,4.000000,0.682223,0.428392,0.145491
63,0.066229,26.702190,4.000000,0.776890,0.459010,0.114085
63,0.068666,26.796982,4.000000,0.751936,0.484648,0.083272
63,0.070384,22.170372,3.000000,0.698073,0.483400,0.075738
63,0.076006,21.844378,3.000000,0.709399,0.565758,0.126416
63,0.070780,22.907911,3.000000,0.598562,0.443739,0.152354
63,0.064402,17.782598,2.000000,0.646019,0.469245,0.084094
63,0.047035,18.539913,2.000000,0.613415,0.455450,0.212160
63,0.046261,18.453236,2.000000,0.636616,0.400000,0.246848
63,0.060300,18.546734,2.000000,0.540487,0.400000,0.223365
63,0.071852,17.887901,2.000000,0.596911,0.475250,0.136892
63,0.054733,18.703447,2.000000,0.535848,0.484538,0.194965
63,0.065022,12.861560,1.000000,0.631383,0.468189,0.094673
63,0.066806,12.788956,1.000000,0.633380,0.476269,0.088805
63,0.060478,12.953582,1.000000,0.640429,0.566244,0.088656
63,0.056833,8.617625,0.000000,0.542982,0.432817,0.205942
63,0.061904,7.307320,0.000000,0.726113,0.543672,0.047744
64,0.068666,56.699921,10.000000,0.751936,0.484648,0.000000
64,0.066229,46.602257,8.000000,0.776890,0.459010,0.047364
64,0.070780,32.844513,5.000000,0.598562,0.443739,0.163051
64,0.064631,27.332142,4.000000,0.696871,0.522794,0.083272
64,0.064402,27.715405,4.000000,0.646019,0.469245,0.115790
64,0.069958,21.792786,3.000000,0.734407,0.531057,0.061965
64,0.054733,23.664158,3.000000,0.535848,0.484538,0.257112
64,0.076006,21.748753,3.000000,0.709399,0.565758,0.132198
64,0.073014,17.111458,2.000000,0.682223,0.428392,0.108145
64,0.046261,18.406353,2.000000,0.636616,0.400000,0.273297
64,0.060478,17.891539,2.000000,0.640429,0.566244,0.171874
64,0.070384,12.084642,1.000000,0.698073,0.483400,0.056558
64,0.060300,13.502714,1.000000,0.540487,0.400000,0.250810
64,0.071852,12.823898,1.000000,0.596911,0.475250,0.158701
64,0.065022,12.796759,1.000000,0.631383,0.468189,0.127611
64,0.047035,8.495646,0.000000,0.613415,0.455450,0.259442
64,0.063817,7.512518,0.000000,0.677176,0.507687,0.093645
64,0.066806,7.721957,0.000000,0.633380,0.476269,0.120463
65,0.064631,51.782814,9.000000,0.696871,0.522794,0.000000
65,0.068666,36.020493,6.000000,0.751936,0.484648,0.083272
65,0.064402,32.245071,5.000000,0.646019,0.469245,0.084094
65,0.054733,33.389175,5.000000,0.535848,0.484538,0.194965
65,0.073014,31.516758,5.000000,0.682223,0.428392,0.145491
65,0.065022,32.343151,5.000000,0.631383,0.468189,0.094673
65,0.069958,21.132477,3.000000,0.734407,0.531057,0.065982
65,0.070384,21.484388,3.000000,0.698073,0.483400,0.075738
65,0.076006,16.079378,2.000000,0.709399,0.565758,0.126416
65,0.046261,18.078278,2.000000,0.636616,0.400000,0.246848
65,0.060478,17.457447,2.000000,0.640429,0.566244,0.088656
65,0.066229,10.902721,1.000000,0.776890,0.459010,0.114085
65,0.070780,12.400706,1.000000,0.598562,0.443739,0.152354
65,0.071852,12.375877,1.000000,0.596911,0.475250,0.136892
65,0.060300,8.194449,0.000000,0.540487,0.400000,0.223365
66,0.076006,47.350124,9.000000,0.709399,0.565758,0.000000
66,0.073014,33.203430,6.000000,0.682223,0.428392,0.176400
66,0.071852,34.879761,6.000000,0.596911,0.475250,0.164858
66,0.069958,27.453613,5.000000,0.734407,0.531057,0.078515
66,0.070384,28.140263,5.000000,0.698073,0.483400,0.117843
66,0.068666,22.235107,4.000000,0.751936,0.484648,0.132198
66,0.065022,24.815830,4.000000,0.631383,0.468189,0.181732
66,0.064631,18.722687,3.000000,0.696871,0.522794,0.126416
66,0.046261,21.250299,3.000000,0.636616,0.400000,0.369733
66,0.064402,14.624481,2.000000,0.646019,0.469245,0.178988
66,0.054733,11.856842,1.000000,0.535848,0.484538,0.292713
66,0.060478,10.038986,1.000000,0.640429,0.566244,0.169906
66,0.066229,7.005315,1.000000,0.776890,0.459010,0.178655
66,0.070780,4.928231,0.000000,0.598562,0.443739,0.195651
67,0.069958,46.415466,8.000000,0.734407,0.531057,0.000000
67,0.070384,41.741627,7.000000,0.698073,0.483400,0.069908
67,0.064631,42.018219,7.000000,0.696871,0.522794,0.065982
67,0.068666,31.311676,5.000000,0.751936,0.484648,0.061965
67,0.065022,32.537548,5.000000,0.631383,0.468189,0.138659
67,0.046261,33.218895,5.000000,0.636616,0.400000,0.304226
67,0.073014,26.771629,4.000000,0.682223,0.428392,0.141867
67,0.066229,21.202522,3.000000,0.776890,0.459010,0.106328
67,0.076006,16.366253,2.000000,0.709399,0.565758,0.078515
67,0.060478,17.643496,2.000000,0.640429,0.566244,0.140544
67,0.064402,12.446629,1.000000,0.646019,0.469245,0.129882
67,0.054733,13.507000,1.000000,0.535848,0.484538,0.256879
67,0.071852,7.567886,0.000000,0.596911,0.475250,0.155339
68,0.069958,48.396912,9.000000,0.734407,0.531057,0.000000
68,0.064631,34.507267,6.000000,0.696871,0.522794,0.065982
68,0.068666,28.205719,5.000000,0.751936,0.484648,0.061965
68,0.046261,31.719002,5.000000,0.636616,0.400000,0.304226
68,0.060478,30.659069,5.000000,0.640429,0.566244,0.140544
68,0.064402,30.296421,5.000000,0.646019,0.469245,0.129882
68,0.065022,25.463854,4.000000,0.631383,0.468189,0.138659
68,0.073014,24.053001,4.000000,0.682223,0.428392,0.141867
68,0.070384,13.997770,2.000000,0.698073,0.483400,0.069908
68,0.066229,13.004646,2.000000,0.776890,0.459010,0.106328
68,0.054733,17.249737,2.000000,0.535848,0.484538,0.256879
68,0.076006,8.306261,1.000000,0.709399,0.565758,0.078515
69,0.076296,51.169670,9.000000,0.780084,0.563545,0.000000
69,0.063342,36.906914,6.000000,0.769348,0.459314,0.184044
69,0.060478,32.953583,5.000000,0.640429,0.566244,0.211035
69,0.066229,26.702190,4.000000,0.776890,0.459010,0.164981
69,0.054733,28.703447,4.000000,0.535848,0.484538,0.340443
69,0.069958,21.887115,3.000000,0.734407,0.531057,0.088051
69,0.068666,21.796982,3.000000,0.751936,0.484648,0.127831
69,0.046261,18.453243,2.000000,0.636616,0.400000,0.390621
69,0.064402,17.782598,2.000000,0.646019,0.469245,0.214512
69,0.065022,17.861534,2.000000,0.631383,0.468189,0.221430
69,0.065017,17.755596,2.000000,0.646858,0.512439,0.185882
69,0.070384,17.170368,2.000000,0.698073,0.483400,0.142329
69,0.076006,16.844378,2.000000,0.709399,0.565758,0.070798
69,0.061003,12.736430,1.000000,0.670647,0.467451,0.223145
69,0.040000,13.689474,1.000000,0.630183,0.400000,0.442724
69,0.066858,12.749743,1.000000,0.638721,0.533812,0.173989
69,0.073014,12.196415,1.000000,0.682223,0.428392,0.197977
69,0.064631,7.410608,0.000000,0.696871,0.522794,0.152078
70,0.069958,36.981445,6.000000,0.734407,0.531057,0.000000
70,0.061003,37.805046,6.000000,0.670647,0.467451,0.135670
70,0.040000,33.729176,5.000000,0.630183,0.400000,0.356999
70,0.068666,31.894043,5.000000,0.751936,0.484648,0.061965
70,0.076006,31.940020,5.000000,0.709399,0.565758,0.078515
70,0.064402,27.849792,4.000000,0.646019,0.469245,0.129882
70,0.076296,21.285706,3.000000,0.780084,0.563545,0.088051
70,0.066858,22.817932,3.000000,0.638721,0.533812,0.100640
70,0.066229,21.802124,3.000000,0.776890,0.459010,0.106328
70,0.063342,17.000654,2.000000,0.769348,0.459314,0.116792
70,0.065017,17.823608,2.000000,0.646858,0.512439,0.103187
70,0.070384,12.256134,1.000000,0.698073,0.483400,0.069908
70,0.065022,12.926361,1.000000,0.631383,0.468189,0.138659
70,0.046261,13.500092,1.000000,0.636616,0.400000,0.304226
70,0.054733,13.742737,1.000000,0.535848,0.484538,0.256879
70,0.060478,13.015594,1.000000,0.640429,0.566244,0.140544
70,0.073014,12.281372,1.000000,0.682223,0.428392,0.141867
71,0.076006,37.322521,6.000000,0.709399,0.565758,0.000000
71,0.068745,32.165989,5.000000,0.767415,0.419287,0.205327
71,0.078625,31.365362,5.000000,0.812648,0.553183,0.107672
71,0.066858,33.090668,5.000000,0.638721,0.533812,0.122302
71,0.063342,27.375582,4.000000,0.769348,0.459314,0.193223
71,0.065017,23.095657,3.000000,0.646858,0.512439,0.142929
71,0.058803,23.160332,3.000000,0.668531,0.475628,0.209662
71,0.060478,23.263643,3.000000,0.640429,0.566244,0.169906
71,0.069958,22.358765,3.000000,0.734407,0.531057,0.078515
71,0.076296,21.749992,3.000000,0.780084,0.563545,0.070798
71,0.046520,18.708275,2.000000,0.629818,0.400000,0.369060
71,0.066229,12.201859,1.000000,0.776890,0.459010,0.178655
71,0.070384,12.599117,1.000000,0.698073,0.483400,0.117843
71,0.064402,13.118568,1.000000,0.646019,0.469245,0.178988
71,0.054733,13.899895,1.000000,0.535848,0.484538,0.292713
71,0.068666,12.282288,1.000000,0.751936,0.484648,0.132198
71,0.073014,12.621201,1.000000,0.682223,0.428392,0.176400
71,0.064128,13.428562,1.000000,0.591663,0.563723,0.167262
71,0.064199,12.602962,1.000000,0.730340,0.456238,0.181993
71,0.046261,8.687580,0.000000,0.636616,0.400000,0.369733
71,0.078055,6.811275,0.000000,0.763941,0.598408,0.071135
71,0.067039,7.997952,0.000000,0.653168,0.453993,0.175274
71,0.072543,7.322311,0.000000,0.726161,0.555740,0.040457
71,0.065022,8.185566,0.000000,0.631383,0.468189,0.181732
71,0.040000,8.888039,0.000000,0.630183,0.400000,0.422905
71,0.061003,8.079395,0.000000,0.670647,0.467451,0.197767
72,0.069958,36.792786,6.000000,0.734407,0.531057,0.000000
72,0.076296,31.053562,5.000000,0.780084,0.563545,0.088051
72,0.063342,31.813175,5.000000,0.769348,0.459314,0.116792
72,0.058803,32.766155,5.000000,0.668531,0.475628,0.146916
72,0.054733,28.664158,4.000000,0.535848,0.484538,0.256879
72,0.068745,21.558720,3.000000,0.767415,0.419287,0.144071
72,0.065017,22.687584,3.000000,0.646858,0.512439,0.103187
72,0.078625,20.586514,3.000000,0.812648,0.553183,0.119991
72,0.076006,21.748753,3.000000,0.709399,0.565758,0.078515
72,0.060478,17.891539,2.000000,0.640429,0.566244,0.140544
72,0.070384,17.084621,2.000000,0.698073,0.483400,0.069908
72,0.064402,17.715405,2.000000,0.646019,0.469245,0.129882
72,0.064128,18.091843,2.000000,0.591663,0.563723,0.159505
72,0.064199,17.089340,2.000000,0.730340,0.456238,0.109910
72,0.066229,11.602260,1.000000,0.776890,0.459010,0.106328
72,0.068666,11.699921,1.000000,0.751936,0.484648,0.061965
72,0.073014,12.111458,1.000000,0.682223,0.428392,0.141867
72,0.066858,7.681553,0.000000,0.638721,0.533812,0.100640
72,0.046520,8.431477,0.000000,0.629818,0.400000,0.304483
73,0.066229,36.602257,6.000000,0.776890,0.459010,0.000000
73,0.063342,31.813187,5.000000,0.769348,0.459314,0.029847
73,0.065017,32.687584,5.000000,0.646858,0.512439,0.146682
73,0.069958,31.792786,5.000000,0.734407,0.531057,0.106328
73,0.073014,27.111458,4.000000,0.682223,0.428392,0.122596
73,0.068745,26.558739,4.000000,0.767415,0.419287,0.056463
73,0.064402,27.715405,4.000000,0.646019,0.469245,0.132759
73,0.076006,16.748753,2.000000,0.709399,0.565758,0.178655
73,0.068666,16.699921,2.000000,0.751936,0.484648,0.047364
73,0.064199,17.089338,2.000000,0.730340,0.456238,0.050905
73,0.070384,17.084618,2.000000,0.698073,0.483400,0.094168
73,0.060478,17.891556,2.000000,0.640429,0.566244,0.199741
73,0.078625,15.586514,2.000000,0.812648,0.553183,0.174642
73,0.058803,17.766117,2.000000,0.668531,0.475628,0.132999
73,0.064128,13.091825,1.000000,0.591663,0.563723,0.227778
73,0.054733,13.664158,1.000000,0.535848,0.484538,0.268954
73,0.076296,11.053562,1.000000,0.780084,0.563545,0.164981
74,0.066229,32.001991,5.000000,0.776890,0.459010,0.000000
74,0.076296,31.517870,5.000000,0.780084,0.563545,0.164981
74,0.067263,26.691805,4.000000,0.809797,0.400000,0.081429
74,0.069958,27.170105,4.000000,0.734407,0.531057,0.106328
74,0.068745,26.963594,4.000000,0.767415,0.419287,0.056463
74,0.073014,22.451286,3.000000,0.682223,0.428392,0.122596
74,0.067775,22.916212,3.000000,0.640266,0.400000,0.156031
74,0.068666,22.088165,3.000000,0.751936,0.484648,0.047364
74,0.060959,22.325119,3.000000,0.764891,0.517303,0.090723
74,0.064128,23.316330,3.000000,0.591663,0.563723,0.227778
74,0.068371,17.249241,2.000000,0.732418,0.474399,0.052977
74,0.078625,16.105742,2.000000,0.812648,0.553183,0.174642
74,0.058803,18.028927,2.000000,0.668531,0.475628,0.132999
74,0.063342,12.188101,1.000000,0.769348,0.459314,0.029847
74,0.064123,12.465277,1.000000,0.725986,0.566592,0.145324
74,0.062499,13.336945,1.000000,0.595641,0.536353,0.208780
74,0.054733,13.821316,1.000000,0.535848,0.484538,0.268954
74,0.060478,13.139620,1.000000,0.640429,0.566244,0.199741
74,0.064199,12.431746,1.000000,0.730340,0.456238,0.050905
74,0.076006,12.131252,1.000000,0.709399,0.565758,0.178655
74,0.070384,7.427622,0.000000,0.698073,0.483400,0.094168
74,0.064402,7.984180,0.000000,0.646019,0.469245,0.132759
74,0.065017,7.959633,0.000000,0.646858,0.512439,0.146682
74,0.062917,7.732897,0.000000,0.693141,0.411590,0.107817
75,0.068745,37.368431,6.000000,0.767415,0.419287,0.000000
75,0.073014,37.791115,6.000000,0.682223,0.428392,0.095968
75,0.066229,37.401726,6.000000,0.776890,0.459010,0.056463
75,0.076296,26.982136,4.000000,0.780084,0.563545,0.195905
75,0.054733,28.978474,4.000000,0.535848,0.484538,0.282682
75,0.067263,22.132902,3.000000,0.809797,0.400000,0.050963
75,0.069958,22.547424,3.000000,0.734407,0.531057,0.144071
75,0.060478,23.387655,3.000000,0.640429,0.566244,0.238125
75,0.063342,22.563036,3.000000,0.769348,0.459314,0.073665
75,0.076006,17.513752,2.000000,0.709399,0.565758,0.205327
75,0.064123,17.803236,2.000000,0.725986,0.566592,0.194311
75,0.060959,17.681780,2.000000,0.764891,0.517303,0.145185
75,0.068666,17.476410,2.000000,0.751936,0.484648,0.083158
75,0.078625,11.624981,1.000000,0.812648,0.553183,0.199548
75,0.068371,12.616009,1.000000,0.732418,0.474399,0.077360
75,0.064128,13.540808,1.000000,0.591663,0.563723,0.256158
75,0.064199,12.774179,1.000000,0.730340,0.456238,0.074666
75,0.058803,8.291737,0.000000,0.668531,0.475628,0.156917
75,0.062499,8.558685,0.000000,0.595641,0.536353,0.234137
75,0.067775,8.194067,0.000000,0.640266,0.400000,0.129778
76,0.068745,51.659920,9.000000,0.767415,0.419287,0.000000
76,0.066229,41.702190,7.000000,0.776890,0.459010,0.056463
76,0.069958,41.887115,7.000000,0.734407,0.531057,0.144071
76,0.063342,31.906908,5.000000,0.769348,0.459314,0.073665
76,0.073014,27.196415,4.000000,0.682223,0.428392,0.095968
76,0.068371,26.974165,4.000000,0.732418,0.474399,0.077360
76,0.067263,26.360989,4.000000,0.809797,0.400000,0.050963
76,0.068666,21.796982,3.000000,0.751936,0.484648,0.083158
76,0.064123,17.211788,2.000000,0.725986,0.566592,0.194311
76,0.060959,17.057644,2.000000,0.764891,0.517303,0.145185
76,0.054733,13.703447,1.000000,0.535848,0.484538,0.282682
76,0.078625,10.716315,1.000000,0.812648,0.553183,0.199548
76,0.076296,11.169634,1.000000,0.780084,0.563545,0.195905
76,0.060478,7.953582,0.000000,0.640429,0.566244,0.238125
76,0.076006,6.844384,0.000000,0.709399,0.565758,0.205327
76,0.064128,8.147948,0.000000,0.591663,0.563723,0.256158
76,0.064199,7.174925,0.000000,0.730340,0.456238,0.074666
77,0.060959,45.631073,8.000000,0.764891,0.517303,0.000000
77,0.063342,40.407249,7.000000,0.769348,0.459314,0.076431
77,0.068371,30.507101,5.000000,0.732418,0.474399,0.097078
77,0.067263,29.596611,5.000000,0.809797,0.400000,0.165800
77,0.064123,30.859913,5.000000,0.725986,0.566592,0.079438
77,0.069958,25.377838,4.000000,0.734407,0.531057,0.096551
77,0.068666,25.244003,4.000000,0.751936,0.484648,0.088165
77,0.068745,20.040514,3.000000,0.767415,0.419287,0.145185
77,0.076296,19.312487,3.000000,0.780084,0.563545,0.164602
77,0.066229,15.103252,2.000000,0.776890,0.459010,0.090723
77,0.054733,18.074816,2.000000,0.535848,0.484538,0.240863
77,0.078625,13.639387,2.000000,0.812648,0.553183,0.188409
77,0.073014,5.837101,0.000000,0.682223,0.428392,0.183623
78,0.069958,54.906189,10.000000,0.734407,0.531057,0.000000
78,0.066229,54.603584,10.000000,0.776890,0.459010,0.106328
78,0.076296,28.732128,5.000000,0.780084,0.563545,0.088051
78,0.068666,24.758698,4.000000,0.751936,0.484648,0.061965
78,0.054733,27.878368,4.000000,0.535848,0.484538,0.256879
78,0.060959,20.185215,3.000000,0.764891,0.517303,0.096551
78,0.068371,20.048634,3.000000,0.732418,0.474399,0.072606
78,0.064123,20.437449,3.000000,0.725986,0.566592,0.073814
78,0.068745,19.534458,3.000000,0.767415,0.419287,0.144071
78,0.063342,14.938604,2.000000,0.769348,0.459314,0.116792
78,0.078625,12.990345,2.000000,0.812648,0.553183,0.119991
78,0.067263,9.045290,1.000000,0.809797,0.400000,0.182339
79,0.073248,36.705338,6.000000,0.738383,0.584578,0.000000
79,0.068666,31.796982,5.000000,0.751936,0.484648,0.133738
79,0.060959,32.057659,5.000000,0.764891,0.517303,0.151242
79,0.067263,31.360996,5.000000,0.809797,0.400000,0.248826
79,0.066229,26.702190,4.000000,0.776890,0.459010,0.176194
79,0.054733,28.703447,4.000000,0.535848,0.484538,0.301557
79,0.069958,21.887115,3.000000,0.734407,0.531057,0.074657
79,0.076296,21.169634,3.000000,0.780084,0.563545,0.057962
79,0.068745,21.659952,3.000000,0.767415,0.419287,0.213446
79,0.063342,21.906933,3.000000,0.769348,0.459314,0.187852
79,0.068371,16.974165,2.000000,0.732418,0.474399,0.146223
79,0.064123,17.211777,2.000000,0.725986,0.566592,0.094789
79,0.078625,15.716322,2.000000,0.812648,0.553183,0.099733
79,0.067250,16.769482,2.000000,0.763065,0.529680,0.094420
79,0.069060,11.266408,1.000000,0.809514,0.439638,0.199092
80,0.068745,37.064793,6.000000,0.767415,0.419287,0.000000
80,0.066229,32.101925,5.000000,0.776890,0.459010,0.056463
80,0.069060,31.718948,5.000000,0.809514,0.439638,0.049289
80,0.078625,31.235556,5.000000,0.812648,0.553183,0.199548
80,0.069958,27.264435,4.000000,0.734407,0.531057,0.144071
80,0.061434,23.556051,3.000000,0.569382,0.454188,0.215558
80,0.060959,22.414284,3.000000,0.764891,0.517303,0.145185
80,0.063342,22.281841,3.000000,0.769348,0.459314,0.073665
80,0.068371,17.340933,2.000000,0.732418,0.474399,0.077360
80,0.070518,16.487839,2.000000,0.828837,0.484218,0.103317
80,0.067250,17.161064,2.000000,0.763065,0.529680,0.138866
80,0.076296,16.633921,2.000000,0.780084,0.563545,0.195905
80,0.064123,12.549767,1.000000,0.725986,0.566592,0.194311
80,0.073248,12.104691,1.000000,0.738383,0.584578,0.213446
80,0.054733,13.860605,1.000000,0.535848,0.484538,0.282682
80,0.070117,12.114758,1.000000,0.753378,0.536267,0.147536
80,0.055599,12.760372,1.000000,0.745395,0.568042,0.228784
80,0.065969,12.075181,1.000000,0.782006,0.400000,0.039555
80,0.067263,11.802100,1.000000,0.809797,0.400000,0.050963
80,0.068666,12.185226,1.000000,0.751936,0.484648,0.083158
80,0.072515,7.426336,0.000000,0.699670,0.625084,0.268674
81,0.069060,36.379520,6.000000,0.809514,0.439638,0.000000
81,0.069958,36.981445,6.000000,0.734407,0.531057,0.137041
81,0.068745,31.761145,5.000000,0.767415,0.419287,0.049289
81,0.070518,31.124512,5.000000,0.828837,0.484218,0.060755
81,0.066229,26.802124,4.000000,0.776890,0.459010,0.049515
81,0.054733,28.742737,4.000000,0.535848,0.484538,0.313956
81,0.065969,21.772587,3.000000,0.782006,0.400000,0.064550
81,0.068666,16.894043,2.000000,0.751936,0.484648,0.080599
81,0.070117,16.816284,2.000000,0.753378,0.536267,0.133612
81,0.076296,16.285706,2.000000,0.780084,0.563545,0.173470
81,0.063342,17.000669,2.000000,0.769348,0.459314,0.074078
81,0.060959,17.146797,2.000000,0.764891,0.517303,0.134079
81,0.078625,15.846130,2.000000,0.812648,0.553183,0.171181
81,0.067250,11.867401,1.000000,0.763065,0.529680,0.123097
81,0.068371,12.065857,1.000000,0.732418,0.474399,0.088765
81,0.073248,11.805176,1.000000,0.738383,0.584578,0.199092
81,0.055599,12.528687,1.000000,0.745395,0.568042,0.219073
81,0.067263,11.471283,1.000000,0.809797,0.400000,0.052706
81,0.064123,7.296291,0.000000,0.725986,0.566592,0.186003
81,0.061434,8.406677,0.000000,0.569382,0.454188,0.252605
82,0.070117,37.114758,6.000000,0.753378,0.536267,0.000000
82,0.068745,32.064770,5.000000,0.767415,0.419287,0.147536
82,0.073248,27.104691,4.000000,0.738383,0.584578,0.069656
82,0.066229,27.101925,4.000000,0.776890,0.459010,0.106723
82,0.078625,26.235556,4.000000,0.812648,0.553183,0.105825
82,0.076296,21.633921,3.000000,0.780084,0.563545,0.075464
82,0.067263,21.802082,3.000000,0.809797,0.400000,0.181690
82,0.068371,22.340933,3.000000,0.732418,0.474399,0.082004
82,0.060959,22.414282,3.000000,0.764891,0.517303,0.095287
82,0.069060,21.718945,3.000000,0.809514,0.439638,0.133612
82,0.065969,22.075157,3.000000,0.782006,0.400000,0.177632
82,0.063342,17.281843,2.000000,0.769348,0.459314,0.118732
82,0.068666,17.185226,2.000000,0.751936,0.484648,0.066150
82,0.054733,18.860605,2.000000,0.535848,0.484538,0.274163
82,0.055599,17.760372,2.000000,0.745395,0.568042,0.150725
82,0.070518,11.487839,1.000000,0.828837,0.484218,0.099716
82,0.067250,7.161082,0.000000,0.763065,0.529680,0.031357
82,0.069958,7.264431,0.000000,0.734407,0.531057,0.020120
83,0.076296,41.517887,7.000000,0.780084,0.563545,0.000000
83,0.067263,36.691833,6.000000,0.809797,0.400000,0.225467
83,0.078625,31.105747,5.000000,0.812648,0.553183,0.042076
83,0.060959,32.325142,5.000000,0.764891,0.517303,0.164602
83,0.055599,27.683144,4.000000,0.745395,0.568042,0.209938
83,0.070117,22.015266,3.000000,0.753378,0.536267,0.075464
83,0.068745,21.963583,3.000000,0.767415,0.419287,0.195905
83,0.066229,22.001991,3.000000,0.776890,0.459010,0.164981
83,0.069060,21.605801,3.000000,0.809514,0.439638,0.173470
83,0.065969,21.974300,3.000000,0.782006,0.400000,0.229043
83,0.070518,21.366730,3.000000,0.828837,0.484218,0.124693
83,0.068371,17.249241,2.000000,0.732418,0.474399,0.144810
83,0.073248,12.004852,1.000000,0.738383,0.584578,0.057962
83,0.063342,12.188101,1.000000,0.769348,0.459314,0.184044
83,0.054733,13.821316,1.000000,0.535848,0.484538,0.340443
83,0.068666,7.088170,0.000000,0.751936,0.484648,0.127831
84,0.067263,46.691833,8.000000,0.809797,0.400000,0.000000
84,0.076296,41.517876,7.000000,0.780084,0.563545,0.225467
84,0.078625,26.105747,4.000000,0.812648,0.553183,0.222668
84,0.069060,26.605804,4.000000,0.809514,0.439638,0.052706
84,0.063342,27.188124,4.000000,0.769348,0.459314,0.093117
84,0.054733,28.821316,4.000000,0.535848,0.484538,0.319240
84,0.060959,22.325121,3.000000,0.764891,0.517303,0.165800
84,0.055599,22.683144,3.000000,0.745395,0.568042,0.248747
84,0.070117,22.015266,3.000000,0.753378,0.536267,0.181690
84,0.068371,22.249241,3.000000,0.732418,0.474399,0.121488
84,0.068745,16.963591,2.000000,0.767415,0.419287,0.050963
84,0.065969,16.974316,2.000000,0.782006,0.400000,0.030654
84,0.070518,16.366730,2.000000,0.828837,0.484218,0.111822
84,0.073248,12.004852,1.000000,0.738383,0.584578,0.248826
84,0.066229,7.001996,0.000000,0.776890,0.459010,0.081429
85,0.073248,51.705338,9.000000,0.738383,0.584578,0.000000
85,0.054733,48.703468,8.000000,0.535848,0.484538,0.301557
85,0.078625,30.716320,5.000000,0.812648,0.553183,0.099733
85,0.063342,31.906912,5.000000,0.769348,0.459314,0.187852
85,0.068371,31.974169,5.000000,0.732418,0.474399,0.146223
85,0.070117,26.716793,4.000000,0.753378,0.536267,0.069656
85,0.055599,22.451458,3.000000,0.745395,0.568042,0.177834
85,0.068745,21.659954,3.000000,0.767415,0.419287,0.213446
85,0.067263,16.360998,2.000000,0.809797,0.400000,0.248826
85,0.069060,16.266384,2.000000,0.809514,0.439638,0.199092
85,0.060959,17.057632,2.000000,0.764891,0.517303,0.151242
85,0.076296,11.169634,1.000000,0.780084,0.563545,0.057962
85,0.070518,11.003403,1.000000,0.828837,0.484218,0.157050
85,0.065969,6.671751,0.000000,0.782006,0.400000,0.245831
86,0.067263,61.912380,11.000000,0.809797,0.400000,0.000000
86,0.078625,41.365330,7.000000,0.812648,0.553183,0.222668
86,0.070117,42.214249,7.000000,0.753378,0.536267,0.181690
86,0.069060,41.832077,7.000000,0.809514,0.439638,0.052706
86,0.060959,32.503448,5.000000,0.764891,0.517303,0.165800
86,0.070518,26.608948,4.000000,0.828837,0.484218,0.111822
86,0.068745,22.166016,3.000000,0.767415,0.419287,0.050963
86,0.063342,17.375582,2.000000,0.769348,0.459314,0.093117
86,0.076296,16.749992,2.000000,0.780084,0.563545,0.225467
86,0.073248,12.204529,1.000000,0.738383,0.584578,0.248826
86,0.055599,12.837601,1.000000,0.745395,0.568042,0.248747
86,0.054733,8.899895,0.000000,0.535848,0.484538,0.319240
86,0.068371,7.432625,0.000000,0.732418,0.474399,0.121488
87,0.076296,44.892902,8.000000,0.780084,0.563545,0.000000
87,0.073248,45.607117,8.000000,0.738383,0.584578,0.057962
87,0.067263,40.148037,7.000000,0.809797,0.400000,0.225467
87,0.078625,24.288429,4.000000,0.812648,0.553183,0.042076
87,0.070117,25.622391,4.000000,0.753378,0.536267,0.075464
87,0.060959,26.076841,4.000000,0.764891,0.517303,0.164602
87,0.055599,26.601944,4.000000,0.745395,0.568042,0.209938
87,0.070518,19.671204,3.000000,0.828837,0.484218,0.124693
87,0.068745,20.546606,3.000000,0.767415,0.419287,0.195905
87,0.063342,20.875923,3.000000,0.769348,0.459314,0.184044
87,0.069060,15.021853,2.000000,0.809514,0.439638,0.173470
88,0.068745,42.064777,7.000000,0.767415,0.419287,0.000000
88,0.076296,31.633921,5.000000,0.780084,0.563545,0.195905
88,0.067263,31.802094,5.000000,0.809797,0.400000,0.050963
88,0.070518,31.487839,5.000000,0.828837,0.484218,0.103317
88,0.069004,31.970861,5.000000,0.778128,0.456582,0.047904
88,0.073248,27.104691,4.000000,0.738383,0.584578,0.213446
88,0.078625,26.235556,4.000000,0.812648,0.553183,0.199548
88,0.060959,27.414284,4.000000,0.764891,0.517303,0.145185
88,0.063342,22.281853,3.000000,0.769348,0.459314,0.073665
88,0.069060,21.718956,3.000000,0.809514,0.439638,0.049289
88,0.055599,17.760372,2.000000,0.745395,0.568042,0.228784
88,0.075191,17.075153,2.000000,0.732484,0.551658,0.180981
88,0.070117,12.114758,1.000000,0.753378,0.536267,0.147536
88,0.069973,6.771816,0.000000,0.797711,0.559794,0.178649
89,0.068745,33.623463,6.000000,0.767415,0.419287,0.000000
89,0.067263,33.052868,6.000000,0.809797,0.400000,0.050963
89,0.070518,32.370132,6.000000,0.828837,0.484218,0.103317
89,0.073248,33.710190,6.000000,0.738383,0.584578,0.213446
89,0.078625,31.821980,6.000000,0.812648,0.553183,0.199548
89,0.069004,23.419516,4.000000,0.778128,0.456582,0.047904
89,0.069060,22.872177,4.000000,0.809514,0.439638,0.049289
89,0.060959,19.382744,3.000000,0.764891,0.517303,0.145185
89,0.055599,20.134602,3.000000,0.745395,0.568042,0.228784
89,0.070117,18.732059,3.000000,0.753378,0.536267,0.147536
89,0.063342,14.095046,2.000000,0.769348,0.459314,0.073665
89,0.076296,7.687483,1.000000,0.780084,0.563545,0.195905
89,0.075191,3.646023,0.000000,0.732484,0.551658,0.180981
90,0.063342,42.220360,8.000000,0.769348,0.459314,0.000000
90,0.069004,36.330360,7.000000,0.778128,0.456582,0.057402
90,0.070518,29.947952,6.000000,0.828837,0.484218,0.098272
90,0.078625,24.225901,5.000000,0.812648,0.553183,0.197481
90,0.073248,21.713425,4.000000,0.738383,0.584578,0.187852
90,0.070117,21.742237,4.000000,0.753378,0.536267,0.118732
90,0.068745,16.599260,3.000000,0.767415,0.419287,0.073665
90,0.060959,17.599487,3.000000,0.764891,0.517303,0.076431
90,0.055599,18.590031,3.000000,0.745395,0.568042,0.158243
90,0.076296,15.366049,3.000000,0.780084,0.563545,0.184044
90,0.067263,10.847362,2.000000,0.809797,0.400000,0.093117
90,0.069060,10.609423,2.000000,0.809514,0.439638,0.074078
91,0.070518,46.124512,8.000000,0.828837,0.484218,0.000000
91,0.078625,35.846092,6.000000,0.812648,0.553183,0.119439
91,0.076296,31.285719,5.000000,0.780084,0.563545,0.124693
91,0.070291,31.790483,5.000000,0.755485,0.447097,0.086826
91,0.055599,27.528687,4.000000,0.745395,0.568042,0.200498
91,0.069060,26.379538,4.000000,0.809514,0.439638,0.060755
91,0.070117,21.816284,3.000000,0.753378,0.536267,0.099716
91,0.066545,21.364746,3.000000,0.826352,0.518234,0.058248
91,0.063342,17.000666,2.000000,0.769348,0.459314,0.098272
91,0.073248,16.805176,2.000000,0.738383,0.584578,0.157050
91,0.060959,17.146791,2.000000,0.764891,0.517303,0.122211
91,0.067263,16.471273,2.000000,0.809797,0.400000,0.111822
91,0.062379,17.021992,2.000000,0.772503,0.430285,0.119763
91,0.068745,11.761139,1.000000,0.767415,0.419287,0.103317
91,0.081450,10.326172,1.000000,0.846930,0.599440,0.181719
91,0.069004,6.657532,0.000000,0.778128,0.456582,0.063196
92,0.078625,31.235554,5.000000,0.812648,0.553183,0.000000
92,0.076296,31.633926,5.000000,0.780084,0.563545,0.042076
92,0.070117,32.114758,5.000000,0.753378,0.536267,0.105825
92,0.066545,31.705551,5.000000,0.826352,0.518234,0.129186
92,0.081450,30.764343,5.000000,0.846930,0.599440,0.072915
92,0.070518,26.487839,4.000000,0.828837,0.484218,0.119439
92,0.060959,27.414284,4.000000,0.764891,0.517303,0.188409
92,0.070291,22.091360,3.000000,0.755485,0.447097,0.166725
92,0.069060,21.718941,3.000000,0.809514,0.439638,0.171181
92,0.062379,22.301172,3.000000,0.772503,0.430285,0.227167
92,0.068745,22.064808,3.000000,0.767415,0.419287,0.199548
92,0.055599,17.760372,2.000000,0.745395,0.568042,0.240598
92,0.063342,12.281831,1.000000,0.769348,0.459314,0.197481
92,0.073248,12.104691,1.000000,0.738383,0.584578,0.099733
92,0.067263,11.802100,1.000000,0.809797,0.400000,0.222668
93,0.081450,31.056458,5.000000,0.846930,0.599440,0.000000
93,0.069781,27.184376,4.000000,0.773156,0.552495,0.150005
93,0.055599,27.914829,4.000000,0.745395,0.568042,0.280493
93,0.076296,21.866064,3.000000,0.780084,0.563545,0.095589
93,0.072634,21.528440,3.000000,0.841469,0.428849,0.230806
93,0.067771,21.924055,3.000000,0.820002,0.566511,0.145362
93,0.072597,21.769905,3.000000,0.811889,0.505106,0.151556
93,0.073248,22.304367,3.000000,0.738383,0.584578,0.137313
93,0.068745,22.267233,3.000000,0.767415,0.419287,0.270508
93,0.070518,21.730057,3.000000,0.828837,0.484218,0.181719
93,0.078625,21.495173,3.000000,0.812648,0.553183,0.072915
93,0.062379,17.487297,2.000000,0.772503,0.430285,0.294310
93,0.069060,16.945223,2.000000,0.809514,0.439638,0.238017
93,0.070291,17.291956,2.000000,0.755485,0.447097,0.238907
93,0.060959,17.592625,2.000000,0.764891,0.517303,0.243426
93,0.077534,15.904492,2.000000,0.884616,0.638359,0.072938
93,0.063342,12.469291,1.000000,0.769348,0.459314,0.263606
93,0.066545,11.932755,1.000000,0.826352,0.518234,0.181503
93,0.070117,12.313740,1.000000,0.753378,0.536267,0.166828
93,0.067263,7.022641,0.000000,0.809797,0.400000,0.289233
93,0.078824,6.369130,0.000000,0.826085,0.559467,0.060171
93,0.060232,7.547697,0.000000,0.776644,0.511188,0.249256
94,0.070518,34.186768,6.000000,0.828837,0.484218,0.000000
94,0.069781,29.994446,5.000000,0.773156,0.552495,0.102170
94,0.062379,30.532967,5.000000,0.772503,0.430285,0.119763
94,0.067771,24.531652,4.000000,0.820002,0.566511,0.106837
94,0.068745,25.141750,4.000000,0.767415,0.419287,0.103317
94,0.081450,22.989258,4.000000,0.846930,0.599440,0.181719
94,0.077534,22.719095,4.000000,0.884616,0.638359,0.212505
94,0.072597,19.257620,3.000000,0.811889,0.505106,0.037434
94,0.078625,18.769196,3.000000,0.812648,0.553183,0.119439
94,0.060959,20.720190,3.000000,0.764891,0.517303,0.122211
94,0.063342,20.501001,3.000000,0.769348,0.459314,0.098272
94,0.072634,13.828357,2.000000,0.841469,0.428849,0.073469
94,0.073248,15.207764,2.000000,0.738383,0.584578,0.157050
94,0.076296,9.428558,1.000000,0.780084,0.563545,0.124693
94,0.066545,9.547119,1.000000,0.826352,0.518234,0.058248
94,0.055599,6.293030,0.000000,0.745395,0.568042,0.200498
94,0.069060,4.569321,0.000000,0.809514,0.439638,0.060755
94,0.070291,5.185699,0.000000,0.755485,0.447097,0.086826
94,0.070117,5.224413,0.000000,0.753378,0.536267,0.099716
95,0.076296,46.285732,8.000000,0.780084,0.563545,0.000000
95,0.067771,31.354446,5.000000,0.820002,0.566511,0.094210
95,0.068745,31.761145,5.000000,0.767415,0.419287,0.195905
95,0.078625,30.846130,5.000000,0.812648,0.553183,0.042076
95,0.081450,25.326172,4.000000,0.846930,0.599440,0.095589
95,0.077534,25.146063,4.000000,0.884616,0.638359,0.140804
95,0.066545,26.364746,4.000000,0.826352,0.518234,0.121895
95,0.069781,21.662964,3.000000,0.773156,0.552495,0.066960
95,0.072597,21.171749,3.000000,0.811889,0.505106,0.087841
95,0.060959,17.146791,2.000000,0.764891,0.517303,0.164602
95,0.072634,15.885571,2.000000,0.841469,0.428849,0.182914
95,0.073248,16.805176,2.000000,0.738383,0.584578,0.057962
95,0.070518,11.124512,1.000000,0.828837,0.484218,0.124693
95,0.062379,12.022003,1.000000,0.772503,0.430285,0.217198
95,0.063342,12.000641,1.000000,0.769348,0.459314,0.184044
96,0.078625,37.730648,7.000000,0.812648,0.553183,0.000000
96,0.081511,31.404411,6.000000,0.867893,0.599650,0.085199
96,0.067771,23.620262,4.000000,0.820002,0.566511,0.110055
96,0.068745,24.332037,4.000000,0.767415,0.419287,0.199548
96,0.072597,23.300560,4.000000,0.811889,0.505106,0.085119
96,0.073053,23.698975,4.000000,0.784916,0.585995,0.074538
96,0.066545,18.638306,3.000000,0.826352,0.518234,0.129186
96,0.065253,14.364624,2.000000,0.785412,0.527551,0.140174
96,0.076296,13.499985,2.000000,0.780084,0.563545,0.042076
96,0.079499,12.828995,2.000000,0.802687,0.526653,0.035712
96,0.063342,14.751156,2.000000,0.769348,0.459314,0.197481
96,0.060959,15.006895,2.000000,0.764891,0.517303,0.188409
96,0.077534,11.505653,2.000000,0.884616,0.638359,0.128974
96,0.073248,9.409058,1.000000,0.738383,0.584578,0.099733
96,0.062379,9.788506,1.000000,0.772503,0.430285,0.227167
96,0.072634,7.799782,1.000000,0.841469,0.428849,0.169037
96,0.073428,9.545990,1.000000,0.728388,0.400000,0.215555
96,0.082958,7.466105,1.000000,0.805410,0.648936,0.127499
96,0.081450,6.820796,1.000000,0.846930,0.599440,0.072915
96,0.070518,3.217894,0.000000,0.828837,0.484218,0.119439
96,0.070656,4.289215,0.000000,0.759818,0.535476,0.098139
96,0.069781,4.160187,0.000000,0.773156,0.552495,0.096857
97,0.081511,35.855698,6.000000,0.867893,0.599650,0.000000
97,0.077534,35.904522,6.000000,0.884616,0.638359,0.064827
97,0.079499,36.542580,6.000000,0.802687,0.526653,0.113941
97,0.073428,32.370388,5.000000,0.728388,0.400000,0.297113
97,0.072597,21.769907,3.000000,0.811889,0.505106,0.158268
97,0.066545,21.932755,3.000000,0.826352,0.518234,0.185694
97,0.078625,21.495173,3.000000,0.812648,0.553183,0.085199
97,0.068745,17.267231,2.000000,0.767415,0.419287,0.277889
97,0.073053,16.962006,2.000000,0.784916,0.585995,0.119712
97,0.076296,16.866064,2.000000,0.780084,0.563545,0.111654
97,0.067771,16.924076,2.000000,0.820002,0.566511,0.151290
97,0.073248,17.304367,2.000000,0.738383,0.584578,0.154778
97,0.072634,16.528442,2.000000,0.841469,0.428849,0.232724
97,0.082958,16.367596,2.000000,0.805410,0.648936,0.088932
97,0.065253,12.282944,1.000000,0.785412,0.527551,0.203366
97,0.063342,12.469291,1.000000,0.769348,0.459314,0.271100
97,0.062379,12.487315,1.000000,0.772503,0.430285,0.300871
97,0.081450,11.056458,1.000000,0.846930,0.599440,0.020973
97,0.060959,7.592627,0.000000,0.764891,0.517303,0.251876
98,0.065253,42.584839,7.000000,0.785412,0.527551,0.000000
98,0.078625,36.884571,6.000000,0.812648,0.553183,0.140174
98,0.081511,31.316156,5.000000,0.867893,0.599650,0.203366
98,0.081450,26.494629,4.000000,0.846930,0.599440,0.195173
98,0.073428,27.662567,4.000000,0.728388,0.400000,0.188033
98,0.079499,21.926712,3.000000,0.802687,0.526653,0.143505
98,0.063342,22.750494,3.000000,0.769348,0.459314,0.088875
98,0.073248,22.603882,3.000000,0.738383,0.584578,0.116981
98,0.076296,17.214279,2.000000,0.780084,0.563545,0.119366
98,0.082958,16.771187,2.000000,0.805410,0.648936,0.234026
98,0.072634,16.914188,2.000000,0.841469,0.428849,0.154314
98,0.067771,17.265829,2.000000,0.820002,0.566511,0.064824
98,0.073053,17.299561,2.000000,0.784916,0.585995,0.106869
98,0.068745,17.570871,2.000000,0.767415,0.419287,0.140917
98,0.066545,12.273560,1.000000,0.826352,0.518234,0.044481
98,0.062379,12.766502,1.000000,0.772503,0.430285,0.125599
98,0.077534,11.359566,1.000000,0.884616,0.638359,0.210022
98,0.072597,7.128792,0.000000,0.811889,0.505106,0.082957
99,0.077534,41.056190,7.000000,0.884616,0.638359,0.000000
99,0.081450,36.202515,6.000000,0.846930,0.599440,0.072938
99,0.068745,32.368423,5.000000,0.767415,0.419287,0.310563
99,0.072634,31.657038,5.000000,0.841469,0.428849,0.269903
99,0.082958,31.502144,5.000000,0.805410,0.648936,0.096901
99,0.067771,27.037985,4.000000,0.820002,0.566511,0.147557
99,0.076296,21.982136,3.000000,0.780084,0.563545,0.140804
99,0.073248,17.404205,2.000000,0.738383,0.584578,0.166556
99,0.063342,17.563042,2.000000,0.769348,0.459314,0.288995
99,0.073428,17.467781,2.000000,0.728388,0.400000,0.338920
99,0.073053,17.074524,2.000000,0.784916,0.585995,0.127408
99,0.081511,16.009165,2.000000,0.867893,0.599650,0.064827
99,0.066545,17.046356,2.000000,0.826352,0.518234,0.194984
99,0.078625,16.624981,2.000000,0.812648,0.553183,0.128974
99,0.079499,11.670605,1.000000,0.802687,0.526653,0.163081
99,0.065253,7.383575,0.000000,0.785412,0.527551,0.210022
99,0.062379,7.580375,0.000000,0.772503,0.430285,0.321227
100,0.077534,55.297779,10.000000,0.884616,0.638359,0.000000
100,0.082958,35.829472,6.000000,0.805410,0.648936,0.096901
100,0.073248,36.905014,6.000000,0.738383,0.584578,0.166556
100,0.067771,31.468363,5.000000,0.820002,0.566511,0.147557
100,0.081450,25.472229,4.000000,0.846930,0.599440,0.072938
100,0.079499,26.030336,4.000000,0.802687,0.526653,0.163081
100,0.081511,20.241695,3.000000,0.867893,0.599650,0.064827
100,0.076296,16.401777,2.000000,0.780084,0.563545,0.140804
100,0.063342,17.094374,2.000000,0.769348,0.459314,0.288995
100,0.073428,16.980816,2.000000,0.728388,0.400000,0.338920
100,0.066545,16.478348,2.000000,0.826352,0.518234,0.194984
100,0.078625,15.975939,2.000000,0.812648,0.553183,0.128974
100,0.072634,11.014165,1.000000,0.841469,0.428849,0.269903
100,0.073053,11.511932,1.000000,0.784916,0.585995,0.127408
100,0.068745,6.862353,0.000000,0.767415,0.419287,0.310563
101,0.081450,38.135315,7.000000,0.846930,0.599440,0.000000
101,0.081511,37.785835,7.000000,0.867893,0.599650,0.020973
101,0.079499,33.981544,6.000000,0.802687,0.526653,0.103035
101,0.076296,34.544682,6.000000,0.780084,0.563545,0.095589
101,0.077534,27.870787,5.000000,0.884616,0.638359,0.072938
101,0.072634,23.956928,4.000000,0.841469,0.428849,0.230806
101,0.063342,20.594727,3.000000,0.769348,0.459314,0.263606
101,0.073053,19.711639,3.000000,0.784916,0.585995,0.105731
101,0.073248,15.307602,2.000000,0.738383,0.584578,0.137313
101,0.067771,14.645592,2.000000,0.820002,0.566511,0.145362
101,0.073428,15.422527,2.000000,0.728388,0.400000,0.287467
101,0.082958,8.676910,1.000000,0.805410,0.648936,0.076022
101,0.066545,9.660721,1.000000,0.826352,0.518234,0.181503
101,0.078625,8.899004,1.000000,0.812648,0.553183,0.072915
102,0.081511,41.009193,7.000000,0.867893,0.599650,0.000000
102,0.076296,36.982159,6.000000,0.780084,0.563545,0.111654
102,0.077534,36.056190,6.000000,0.884616,0.638359,0.064827
102,0.078625,31.624979,5.000000,0.812648,0.553183,0.085199
102,0.081450,26.202515,4.000000,0.846930,0.599440,0.020973
102,0.067548,21.716015,3.000000,0.864842,0.400000,0.285983
102,0.079520,21.393391,3.000000,0.835327,0.616969,0.043884
102,0.082057,20.751974,3.000000,0.892439,0.628983,0.044461
102,0.067771,17.037983,2.000000,0.820002,0.566511,0.151290
102,0.073428,17.467781,2.000000,0.728388,0.400000,0.297113
102,0.063342,17.563040,2.000000,0.769348,0.459314,0.271100
102,0.073908,15.850001,2.000000,0.929439,0.644587,0.112798
102,0.073248,12.404205,1.000000,0.738383,0.584578,0.154778
102,0.082958,11.502119,1.000000,0.805410,0.648936,0.088932
102,0.086420,10.582552,1.000000,0.886795,0.565468,0.067767
102,0.072634,11.657042,1.000000,0.841469,0.428849,0.232724
102,0.079499,11.670605,1.000000,0.802687,0.526653,0.113941
102,0.066545,7.046360,0.000000,0.826352,0.518234,0.185694
102,0.073053,7.074524,0.000000,0.784916,0.585995,0.119712
102,0.081028,6.828056,0.000000,0.776047,0.480905,0.174616
103,0.079499,36.926727,6.000000,0.802687,0.526653,0.000000
103,0.086420,35.922333,6.000000,0.886795,0.565468,0.119241
103,0.078625,36.884575,6.000000,0.812648,0.553183,0.035712
103,0.082958,36.771206,6.000000,0.805410,0.648936,0.156742
103,0.081511,36.316166,6.000000,0.867893,0.599650,0.113941
103,0.067771,22.265829,3.000000,0.820002,0.566511,0.128593
103,0.067548,21.968637,3.000000,0.864842,0.400000,0.207867
103,0.076296,22.214279,3.000000,0.780084,0.563545,0.060522
103,0.079520,16.670822,2.000000,0.835327,0.616969,0.117518
103,0.082057,16.078741,2.000000,0.892439,0.628983,0.158340
103,0.081450,16.494629,2.000000,0.846930,0.599440,0.103035
103,0.077534,16.359549,2.000000,0.884616,0.638359,0.163081
103,0.073428,12.662567,1.000000,0.728388,0.400000,0.185120
103,0.073908,11.169228,1.000000,0.929439,0.644587,0.202295
103,0.073248,12.603882,1.000000,0.738383,0.584578,0.115261
103,0.063342,7.750482,0.000000,0.769348,0.459314,0.185205
103,0.072634,6.914192,0.000000,0.841469,0.428849,0.145473
104,0.081511,32.325371,6.000000,0.867893,0.599650,0.000000
104,0.077534,32.415722,6.000000,0.884616,0.638359,0.064827
104,0.086420,26.504864,5.000000,0.886795,0.565468,0.067767
104,0.067548,28.684645,5.000000,0.864842,0.400000,0.285983
104,0.067771,24.303804,4.000000,0.820002,0.566511,0.151290
104,0.081450,22.697144,4.000000,0.846930,0.599440,0.020973
104,0.082958,18.273346,3.000000,0.805410,0.648936,0.088932
104,0.079520,18.064213,3.000000,0.835327,0.616969,0.043884
104,0.082057,16.830723,3.000000,0.892439,0.628983,0.044461
104,0.073248,20.008087,3.000000,0.738383,0.584578,0.154778
104,0.079499,13.597317,2.000000,0.802687,0.526653,0.113941
104,0.078625,13.509579,2.000000,0.812648,0.553183,0.085199
104,0.073428,15.130348,2.000000,0.728388,0.400000,0.297113
104,0.076296,9.196415,1.000000,0.780084,0.563545,0.111654
104,0.073908,7.019224,1.000000,0.929439,0.644587,0.112798
105,0.089715,36.514172,7.000000,0.887815,0.512271,0.000000
105,0.082057,37.157425,7.000000,0.892439,0.628983,0.164831
105,0.083962,26.687469,5.000000,0.908309,0.688099,0.228111
105,0.077534,22.719091,4.000000,0.884616,0.638359,0.199222
105,0.077558,17.007629,3.000000,0.926692,0.598122,0.166759
105,0.081607,12.304560,2.000000,0.886469,0.542669,0.089558
105,0.076296,14.428558,2.000000,0.780084,0.563545,0.183633
105,0.078625,13.769196,2.000000,0.812648,0.553183,0.143407
105,0.079499,13.853424,2.000000,0.802687,0.526653,0.134194
105,0.073248,15.207764,2.000000,0.738383,0.584578,0.240037
105,0.082958,13.542396,2.000000,0.805410,0.648936,0.201347
105,0.081450,12.989258,2.000000,0.846930,0.599440,0.142746
105,0.067771,14.531661,2.000000,0.820002,0.566511,0.239482
105,0.067548,13.937249,2.000000,0.864842,0.400000,0.263364
105,0.079520,8.341644,1.000000,0.835327,0.616969,0.174005
105,0.073428,10.325134,1.000000,0.728388,0.400000,0.267654
105,0.073908,7.338455,1.000000,0.929439,0.644587,0.232539
105,0.086420,6.844708,1.000000,0.886795,0.565468,0.074222
105,0.065162,9.221878,1.000000,0.859620,0.402531,0.282664
105,0.069797,9.070358,1.000000,0.841407,0.561283,0.213500
105,0.081511,2.632339,0.000000,0.867893,0.599650,0.138049
106,0.077558,36.170322,6.000000,0.926692,0.598122,0.000000
106,0.067548,32.094933,5.000000,0.864842,0.400000,0.274182
106,0.079520,26.809538,4.000000,0.835327,0.616969,0.096372
106,0.081607,26.312599,4.000000,0.886469,0.542669,0.089790
106,0.076296,27.330351,4.000000,0.780084,0.563545,0.153366
106,0.073248,27.703720,4.000000,0.738383,0.584578,0.193919
106,0.081450,21.640686,3.000000,0.846930,0.599440,0.088766
106,0.079499,22.054766,3.000000,0.802687,0.526653,0.154062
106,0.073908,16.328857,2.000000,0.929439,0.644587,0.068649
106,0.073428,17.759960,2.000000,0.728388,0.400000,0.319940
106,0.078625,17.014406,2.000000,0.812648,0.553183,0.127575
106,0.077534,16.511236,2.000000,0.884616,0.638359,0.065576
106,0.083962,16.016912,2.000000,0.908309,0.688099,0.130728
106,0.082057,16.242115,2.000000,0.892439,0.628983,0.068456
106,0.089715,10.933886,1.000000,0.887815,0.512271,0.166759
106,0.065162,12.231317,1.000000,0.859620,0.402531,0.282203
106,0.069797,12.158713,1.000000,0.841407,0.561283,0.124166
106,0.086420,11.092257,1.000000,0.886795,0.565468,0.105411
106,0.082958,11.905721,1.000000,0.805410,0.648936,0.147173
106,0.067771,7.379766,0.000000,0.820002,0.566511,0.150074
107,0.073248,32.404205,5.000000,0.738383,0.584578,0.000000
107,0.073428,32.467781,5.000000,0.728388,0.400000,0.230946
107,0.077558,25.670799,4.000000,0.926692,0.598122,0.193919
107,0.065162,26.870180,4.000000,0.859620,0.402531,0.270220
107,0.089715,25.403513,4.000000,0.887815,0.512271,0.240037
107,0.082057,25.751966,4.000000,0.892439,0.628983,0.185945
107,0.083962,25.497379,4.000000,0.908309,0.688099,0.238957
107,0.077534,26.056171,4.000000,0.884616,0.638359,0.166556
107,0.076296,21.982136,3.000000,0.780084,0.563545,0.057962
107,0.082958,16.502136,2.000000,0.805410,0.648936,0.142805
107,0.069797,16.788126,2.000000,0.841407,0.561283,0.112484
107,0.073908,15.850005,2.000000,0.929439,0.644587,0.205360
107,0.079499,16.670605,2.000000,0.802687,0.526653,0.115261
107,0.081450,16.202515,2.000000,0.846930,0.599440,0.137313
107,0.079520,16.393391,2.000000,0.835327,0.616969,0.122357
107,0.078625,11.624981,1.000000,0.812648,0.553183,0.099733
107,0.081607,5.831641,0.000000,0.886469,0.542669,0.177935
107,0.086420,5.582545,0.000000,0.886795,0.565468,0.199867
107,0.067548,6.716005,0.000000,0.864842,0.400000,0.269208
108,0.065162,33.860779,6.000000,0.859620,0.402531,0.000000
108,0.082057,26.667337,5.000000,0.892439,0.628983,0.331282
108,0.073908,26.859657,5.000000,0.929439,0.644587,0.322603
108,0.077558,21.508106,4.000000,0.926692,0.598122,0.282203
108,0.077534,22.264034,4.000000,0.884616,0.638359,0.320671
108,0.076296,24.080343,4.000000,0.780084,0.563545,0.243376
108,0.081450,22.551086,4.000000,0.846930,0.599440,0.295420
108,0.073248,19.908249,3.000000,0.738383,0.584578,0.270220
108,0.073428,20.032955,3.000000,0.728388,0.400000,0.155130
108,0.083962,16.167936,3.000000,0.908309,0.688099,0.406370
108,0.082958,18.138817,3.000000,0.805410,0.648936,0.359827
108,0.069797,13.699773,2.000000,0.841407,0.561283,0.204592
108,0.079520,12.925497,2.000000,0.835327,0.616969,0.305046
108,0.089715,5.983838,1.000000,0.887815,0.512271,0.282664
108,0.079499,8.469263,1.000000,0.802687,0.526653,0.218787
108,0.078625,3.379753,0.000000,0.812648,0.553183,0.236205
109,0.076296,37.098228,6.000000,0.780084,0.563545,0.000000
109,0.079499,36.798668,6.000000,0.802687,0.526653,0.060522
109,0.082057,30.915359,5.000000,0.892439,0.628983,0.150444
109,0.077558,30.837307,5.000000,0.926692,0.598122,0.153366
109,0.073248,32.504044,5.000000,0.738383,0.584578,0.057962
109,0.073428,27.565174,4.000000,0.728388,0.400000,0.212808
109,0.083962,25.670557,4.000000,0.908309,0.688099,0.215775
109,0.089715,25.580303,4.000000,0.887815,0.512271,0.183633
109,0.079520,21.532106,3.000000,0.835327,0.616969,0.092468
109,0.065162,16.990551,2.000000,0.859620,0.402531,0.243376
109,0.077534,16.207863,2.000000,0.884616,0.638359,0.140804
109,0.081450,16.348572,2.000000,0.846930,0.599440,0.095589
109,0.073908,11.009612,1.000000,0.929439,0.644587,0.182042
109,0.069797,11.911645,1.000000,0.841407,0.561283,0.089403
109,0.082958,6.636658,0.000000,0.805410,0.648936,0.128344
110,0.079520,42.231831,8.000000,0.835327,0.616969,0.000000
110,0.079499,27.829004,5.000000,0.802687,0.526653,0.117518
110,0.077558,25.675568,5.000000,0.926692,0.598122,0.096372
110,0.081450,26.820801,5.000000,0.846930,0.599440,0.031419
110,0.082057,20.850412,4.000000,0.892439,0.628983,0.064275
110,0.083962,20.302048,4.000000,0.908309,0.688099,0.123311
110,0.065162,23.258820,4.000000,0.859620,0.402531,0.305046
110,0.073248,19.409058,3.000000,0.738383,0.584578,0.122357
110,0.073428,19.545990,3.000000,0.728388,0.400000,0.297828
110,0.069797,18.082134,3.000000,0.841407,0.561283,0.119731
110,0.089715,10.099892,2.000000,0.887815,0.512271,0.174005
110,0.077534,11.505644,2.000000,0.884616,0.638359,0.059485
110,0.073908,11.061531,2.000000,0.929439,0.644587,0.114881
110,0.076296,3.499985,0.000000,0.780084,0.563545,0.092468
111,0.082057,37.647633,7.000000,0.892439,0.628983,0.000000
111,0.073428,40.617313,7.000000,0.728388,0.400000,0.341007
111,0.077534,33.174152,6.000000,0.884616,0.638359,0.047377
111,0.079499,29.237602,5.000000,0.802687,0.526653,0.158340
111,0.069797,29.440973,5.000000,0.841407,0.561283,0.157474
111,0.077558,22.507153,4.000000,0.926692,0.598122,0.068456
111,0.065162,24.582972,4.000000,0.859620,0.402531,0.331282
111,0.083962,17.207003,3.000000,0.908309,0.688099,0.077944
111,0.073248,20.507278,3.000000,0.738383,0.584578,0.185945
111,0.081450,13.427429,2.000000,0.846930,0.599440,0.058921
111,0.089715,12.044553,2.000000,0.887815,0.512271,0.164831
111,0.073908,12.817310,2.000000,0.929439,0.644587,0.091599
111,0.079520,3.757777,0.000000,0.835327,0.616969,0.064275
112,0.077534,40.449444,7.000000,0.884616,0.638359,0.000000
112,0.069797,36.293991,6.000000,0.841407,0.561283,0.130905
112,0.077558,35.004768,6.000000,0.926692,0.598122,0.065576
112,0.073908,35.211555,6.000000,0.929439,0.644587,0.058176
112,0.082057,30.098433,5.000000,0.892439,0.628983,0.047377
112,0.083962,29.804668,5.000000,0.908309,0.688099,0.092517
112,0.073428,27.078209,4.000000,0.728388,0.400000,0.338920
112,0.065162,26.388651,4.000000,0.859620,0.402531,0.320671
112,0.089715,19.696354,3.000000,0.887815,0.512271,0.199222
112,0.081450,15.618286,2.000000,0.846930,0.599440,0.072938
112,0.079499,11.158390,1.000000,0.802687,0.526653,0.163081
112,0.073248,12.004852,1.000000,0.738383,0.584578,0.166556
113,0.081414,31.498264,5.000000,0.846672,0.641256,0.000000
113,0.083962,30.843718,5.000000,0.908309,0.688099,0.088752
113,0.075885,26.080116,4.000000,0.927860,0.547235,0.153169
113,0.073908,26.169245,4.000000,0.929439,0.644587,0.111812
113,0.081450,26.494629,4.000000,0.846930,0.599440,0.052271
113,0.069797,22.035194,3.000000,0.841407,0.561283,0.153355
113,0.079499,21.926712,3.000000,0.802687,0.526653,0.151073
113,0.089715,20.757092,3.000000,0.887815,0.512271,0.185953
113,0.065162,22.110922,3.000000,0.859620,0.402531,0.340041
113,0.073428,22.662567,3.000000,0.728388,0.400000,0.333636
113,0.077558,21.003815,3.000000,0.926692,0.598122,0.103912
113,0.077534,21.359547,3.000000,0.884616,0.638359,0.054392
113,0.073248,17.603882,2.000000,0.738383,0.584578,0.153021
113,0.072836,16.653708,2.000000,0.875050,0.597327,0.105734
113,0.075861,15.791466,2.000000,0.961568,0.680358,0.136653
113,0.090025,10.072769,1.000000,0.955092,0.691056,0.151801
113,0.082057,6.078733,0.000000,0.892439,0.628983,0.048696
113,0.073808,7.250714,0.000000,0.787922,0.541632,0.157306
114,0.073908,45.690399,8.000000,0.929439,0.644587,0.000000
114,0.083962,35.324188,6.000000,0.908309,0.688099,0.116247
114,0.075885,30.590134,5.000000,0.927860,0.547235,0.123295
114,0.089715,25.226719,4.000000,0.887815,0.512271,0.232539
114,0.073428,27.370388,4.000000,0.728388,0.400000,0.365948
114,0.077534,25.904493,4.000000,0.884616,0.638359,0.058176
114,0.069797,21.664597,3.000000,0.841407,0.561283,0.142419
114,0.079499,21.542551,3.000000,0.802687,0.526653,0.202295
114,0.065162,21.749790,3.000000,0.859620,0.402531,0.322603
114,0.075861,20.265400,3.000000,0.961568,0.680358,0.058420
114,0.090025,19.456865,3.000000,0.955092,0.691056,0.173221
114,0.072836,16.235420,2.000000,0.875050,0.597327,0.081012
114,0.081414,11.060552,1.000000,0.846672,0.641256,0.111812
114,0.077558,10.504292,1.000000,0.926692,0.598122,0.068649
114,0.081450,6.056451,0.000000,0.846930,0.599440,0.125218
114,0.073248,7.304367,0.000000,0.738383,0.584578,0.205360
115,0.065162,33.018120,6.000000,0.859620,0.402531,0.000000
115,0.090025,28.092552,6.000000,0.955092,0.691056,0.448333
115,0.083962,24.955692,5.000000,0.908309,0.688099,0.406370
115,0.089715,24.746281,5.000000,0.887815,0.512271,0.282664
115,0.079499,27.572887,5.000000,0.802687,0.526653,0.218787
115,0.077558,20.342552,4.000000,0.926692,0.598122,0.282203
115,0.073908,15.742344,3.000000,0.929439,0.644587,0.322603
115,0.077534,16.202265,3.000000,0.884616,0.638359,0.320671
115,0.069797,17.835066,3.000000,0.841407,0.561283,0.204592
115,0.075861,14.829375,3.000000,0.961568,0.680358,0.377421
115,0.075885,10.526922,2.000000,0.927860,0.547235,0.221073
115,0.073428,14.351204,2.000000,0.728388,0.400000,0.155130
115,0.072836,11.913155,2.000000,0.875050,0.597327,0.255767
115,0.081414,6.537481,1.000000,0.846672,0.641256,0.340041
116,0.090025,33.430382,6.000000,0.955092,0.691056,0.000000
116,0.075885,29.773495,5.000000,0.927860,0.547235,0.230331
116,0.089715,29.342781,5.000000,0.887815,0.512271,0.233408
116,0.078988,24.371460,4.000000,0.943783,0.608130,0.151833
116,0.073908,24.892334,4.000000,0.929439,0.644587,0.173221
116,0.084909,24.684875,4.000000,0.884575,0.569552,0.175091
116,0.065181,26.122980,4.000000,0.862270,0.401600,0.448608
116,0.077558,19.671753,3.000000,0.926692,0.598122,0.172754
116,0.081841,21.102783,3.000000,0.771522,0.521917,0.291711
116,0.065162,21.147898,3.000000,0.859620,0.402531,0.448333
116,0.077534,15.146067,2.000000,0.884616,0.638359,0.157819
116,0.094040,12.476802,2.000000,1.000000,0.670217,0.065633
116,0.081414,15.331016,2.000000,0.846672,0.641256,0.151801
116,0.073428,11.883423,1.000000,0.728388,0.400000,0.459677
116,0.083962,9.458313,1.000000,0.908309,0.688099,0.076663
116,0.069797,11.046906,1.000000,0.841407,0.561283,0.283116
116,0.072836,5.538300,0.000000,0.875050,0.597327,0.222887
116,0.079214,4.524851,0.000000,0.929503,0.672182,0.113567
116,0.075861,4.388641,0.000000,0.961568,0.680358,0.142413
116,0.079499,5.902283,0.000000,0.802687,0.526653,0.276656
117,0.089715,30.933876,5.000000,0.887815,0.512271,0.000000
117,0.077558,31.170322,5.000000,0.926692,0.598122,0.166759
117,0.077534,31.511234,5.000000,0.884616,0.638359,0.199222
117,0.083962,31.016912,5.000000,0.908309,0.688099,0.228111
117,0.090025,25.278070,4.000000,0.955092,0.691056,0.233408
117,0.078988,25.954487,4.000000,0.943783,0.608130,0.170287
117,0.065181,27.213394,4.000000,0.862270,0.401600,0.282812
117,0.094040,24.592705,4.000000,1.000000,0.670217,0.231160
117,0.075885,21.243441,3.000000,0.927860,0.547235,0.150468
117,0.081841,22.198868,3.000000,0.771522,0.521917,0.140962
117,0.084909,16.179754,2.000000,0.884575,0.569552,0.086297
117,0.065162,17.231300,2.000000,0.859620,0.402531,0.282664
117,0.073428,17.759960,2.000000,0.728388,0.400000,0.267654
117,0.069797,17.158730,2.000000,0.841407,0.561283,0.213500
117,0.073908,6.328843,0.000000,0.929439,0.644587,0.232539
117,0.081414,6.644174,0.000000,0.846672,0.641256,0.185953
118,0.075885,56.406754,10.000000,0.927860,0.547235,0.000000
118,0.077558,36.336830,6.000000,0.926692,0.598122,0.065780
118,0.073428,37.857353,6.000000,0.728388,0.400000,0.272516
118,0.089715,31.110661,5.000000,0.887815,0.512271,0.150468
118,0.090025,25.483372,4.000000,0.955092,0.691056,0.230331
118,0.078988,26.130379,4.000000,0.943783,0.608130,0.083727
118,0.065181,27.334547,4.000000,0.862270,0.401600,0.221134
118,0.084909,26.345852,4.000000,0.884575,0.569552,0.103897
118,0.094040,14.827805,2.000000,1.000000,0.670217,0.248586
118,0.081841,17.320648,2.000000,0.771522,0.521917,0.170264
118,0.065162,17.351686,2.000000,0.859620,0.402531,0.221073
118,0.083962,11.190090,1.000000,0.908309,0.688099,0.194705
118,0.077534,6.662935,0.000000,0.884616,0.638359,0.122948
118,0.069797,7.282248,0.000000,0.841407,0.561283,0.107190
119,0.078988,54.899136,10.000000,0.943783,0.608130,0.000000
119,0.089715,39.873138,7.000000,0.887815,0.512271,0.170287
119,0.090025,39.046280,7.000000,0.955092,0.691056,0.151833
119,0.077558,35.171276,6.000000,0.926692,0.598122,0.025557
119,0.083962,34.977821,6.000000,0.908309,0.688099,0.117154
119,0.073428,27.175602,4.000000,0.728388,0.400000,0.342302
119,0.065162,26.509026,4.000000,0.859620,0.402531,0.303723
119,0.075885,15.263459,2.000000,0.927860,0.547235,0.083727
119,0.081841,16.468138,2.000000,0.771522,0.521917,0.205186
119,0.065181,11.486428,1.000000,0.862270,0.401600,0.303900
119,0.094040,8.182106,1.000000,1.000000,0.670217,0.178437
119,0.084909,5.183168,0.000000,0.884575,0.569552,0.096629
120,0.083962,44.285103,8.000000,0.908309,0.688099,0.000000
120,0.094040,42.241707,8.000000,1.000000,0.670217,0.138067
120,0.081841,40.980995,7.000000,0.771522,0.521917,0.249623
120,0.078988,34.195568,6.000000,0.943783,0.608130,0.117154
120,0.065162,31.027517,5.000000,0.859620,0.402531,0.406370
120,0.089715,24.165991,4.000000,0.887815,0.512271,0.228111
120,0.090025,23.225058,4.000000,0.955092,0.691056,0.076663
120,0.077558,19.505245,3.000000,0.926692,0.598122,0.130728
120,0.075885,14.610154,2.000000,0.927860,0.547235,0.194705
120,0.065181,16.001827,2.000000,0.862270,0.401600,0.406996
120,0.073428,11.786030,1.000000,0.728388,0.400000,0.416122
121,0.083962,31.341057,6.000000,0.908309,0.688099,0.000000
121,0.089715,26.160591,5.000000,0.887815,0.512271,0.228111
121,0.084688,25.023893,5.000000,0.970769,0.617016,0.108852
121,0.094040,18.245010,4.000000,1.000000,0.670217,0.138067
121,0.077558,21.674614,4.000000,0.926692,0.598122,0.130728
121,0.065181,23.942160,4.000000,0.862270,0.401600,0.406996
121,0.083668,20.652561,4.000000,0.945390,0.663018,0.048647
121,0.081841,18.910593,3.000000,0.771522,0.521917,0.249623
121,0.065162,18.981081,3.000000,0.859620,0.402531,0.406370
121,0.058870,19.248962,3.000000,0.884036,0.410292,0.429116
121,0.078988,11.205406,2.000000,0.943783,0.608130,0.117154
121,0.090025,9.734936,2.000000,0.955092,0.691056,0.076663
121,0.075076,14.773977,2.000000,0.746240,0.568961,0.237361
121,0.075885,6.833548,1.000000,0.927860,0.547235,0.194705
121,0.073428,10.130348,1.000000,0.728388,0.400000,0.416122
121,0.089750,4.177227,1.000000,0.982192,0.725430,0.104815
122,0.083962,41.016899,7.000000,0.908309,0.688099,0.000000
122,0.094040,29.592705,5.000000,1.000000,0.670217,0.138067
122,0.075885,31.243446,5.000000,0.927860,0.547235,0.194705
122,0.083668,25.700178,4.000000,0.945390,0.663018,0.048647
122,0.089715,20.933876,3.000000,0.887815,0.512271,0.228111
122,0.087537,20.808144,3.000000,0.912586,0.692320,0.036382
122,0.065181,22.213392,3.000000,0.862270,0.401600,0.406996
122,0.081841,22.198875,3.000000,0.771522,0.521917,0.249623
122,0.058870,22.354523,3.000000,0.884036,0.410292,0.429116
122,0.090025,15.278070,2.000000,0.955092,0.691056,0.076663
122,0.078988,15.954487,2.000000,0.943783,0.608130,0.117154
122,0.065162,17.231302,2.000000,0.859620,0.402531,0.406370
122,0.084688,15.410974,2.000000,0.970769,0.617016,0.108852
122,0.089750,10.021524,1.000000,0.982192,0.725430,0.104815
122,0.084839,11.622042,1.000000,0.832135,0.548808,0.190250
122,0.086947,10.549905,1.000000,0.943458,0.642649,0.073172
122,0.095209,9.916705,1.000000,0.963607,0.680111,0.125721
122,0.083915,10.420491,1.000000,0.974216,0.655995,0.077165
122,0.088974,10.555037,1.000000,0.932115,0.626077,0.095333
122,0.075076,7.596042,0.000000,0.746240,0.568961,0.237361
122,0.077558,6.170317,0.000000,0.926692,0.598122,0.130728
122,0.073428,7.759960,0.000000,0.728388,0.400000,0.416122
122,0.063941,7.408046,0.000000,0.839635,0.461394,0.353705
123,0.094040,31.536407,6.000000,1.000000,0.670217,0.000000
123,0.083962,33.765564,6.000000,0.908309,0.688099,0.138067
123,0.058870,35.859253,6.000000,0.884036,0.410292,0.492650
123,0.083915,27.832064,5.000000,0.974216,0.655995,0.105982
123,0.095209,22.043556,4.000000,0.963607,0.680111,0.040175
123,0.065181,25.638353,4.000000,0.862270,0.401600,0.463676
123,0.088974,18.042700,3.000000,0.932115,0.626077,0.101092
123,0.089750,17.207603,3.000000,0.982192,0.725430,0.083191
123,0.090025,17.609154,3.000000,0.955092,0.691056,0.065633
123,0.081841,15.615623,2.000000,0.771522,0.521917,0.318509
123,0.086947,13.034643,2.000000,0.943458,0.642649,0.097031
123,0.065162,10.666409,1.000000,0.859620,0.402531,0.463748
123,0.087537,8.438862,1.000000,0.912586,0.692320,0.112401
123,0.084839,9.712761,1.000000,0.832135,0.548808,0.244285
123,0.089715,8.635654,1.000000,0.887815,0.512271,0.231160
123,0.083668,8.269846,1.000000,0.945390,0.663018,0.117563
123,0.075885,9.120154,1.000000,0.927860,0.547235,0.248586
123,0.078988,3.667893,0.000000,0.943783,0.608130,0.178437
123,0.084688,2.817173,0.000000,0.970769,0.617016,0.118419
124,0.094040,44.357605,8.000000,1.000000,0.670217,0.000000
124,0.095209,34.695702,6.000000,0.963607,0.680111,0.040175
124,0.090025,35.072784,6.000000,0.955092,0.691056,0.065633
124,0.089715,25.757086,4.000000,0.887815,0.512271,0.231160
124,0.083962,20.843735,3.000000,0.908309,0.688099,0.138067
124,0.086947,20.356422,3.000000,0.943458,0.642649,0.097031
124,0.081841,22.077082,3.000000,0.771522,0.521917,0.318509
124,0.065181,22.092234,3.000000,0.862270,0.401600,0.463676
124,0.058870,22.239502,3.000000,0.884036,0.410292,0.492650
124,0.089750,14.805069,2.000000,0.982192,0.725430,0.083191
124,0.088974,15.361795,2.000000,0.932115,0.626077,0.101092
124,0.087537,15.625892,2.000000,0.912586,0.692320,0.112401
124,0.083915,10.221382,1.000000,0.974216,0.655995,0.105982
124,0.065162,12.110939,1.000000,0.859620,0.402531,0.463748
124,0.084839,11.475174,1.000000,0.832135,0.548808,0.244285
124,0.083668,10.513229,1.000000,0.945390,0.663018,0.117563
124,0.075885,11.080101,1.000000,0.927860,0.547235,0.248586
125,0.095209,23.507359,5.000000,0.963607,0.680111,0.000000
125,0.094040,22.774811,5.000000,1.000000,0.670217,0.040175
125,0.089118,18.414734,4.000000,1.000000,0.642851,0.084877
125,0.095916,17.932507,4.000000,0.983767,0.706005,0.038782
125,0.083962,15.994759,3.000000,0.908309,0.688099,0.125721
125,0.081841,18.667023,3.000000,0.771522,0.521917,0.306381
125,0.088974,14.950562,3.000000,0.932115,0.626077,0.097168
125,0.083915,14.646328,3.000000,0.974216,0.655995,0.117372
125,0.090025,14.324333,3.000000,0.955092,0.691056,0.054290
125,0.086947,9.938934,2.000000,0.943458,0.642649,0.097078
125,0.064457,14.514258,2.000000,0.809117,0.402666,0.488581
125,0.058870,14.018921,2.000000,0.884036,0.410292,0.502131
125,0.089801,8.724326,2.000000,0.982784,0.658647,0.063338
125,0.078249,12.070091,2.000000,0.882923,0.723279,0.195411
125,0.083518,11.627144,2.000000,0.878163,0.540534,0.226734
125,0.093646,7.893695,2.000000,0.997217,0.737153,0.080362
125,0.062201,9.412178,1.000000,0.831285,0.418277,0.483301
125,0.065162,8.740368,1.000000,0.859620,0.402531,0.470623
125,0.089750,3.744316,1.000000,0.982192,0.725430,0.080835
125,0.075885,1.506901,0.000000,0.927860,0.547235,0.257303
125,0.083668,0.278679,0.000000,0.945390,0.663018,0.118775
125,0.084839,2.362895,0.000000,0.832135,0.548808,0.234469
125,0.087537,0.522785,0.000000,0.912586,0.692320,0.093394
125,0.082812,3.609232,0.000000,0.770476,0.493657,0.327092
125,0.065181,3.699820,0.000000,0.862270,0.401600,0.470783
125,0.089715,0.807041,0.000000,0.887815,0.512271,0.229735
126,0.083518,50.974564,9.000000,0.878163,0.540534,0.000000
126,0.089118,39.430161,7.000000,1.000000,0.642851,0.185303
126,0.093646,34.179657,6.000000,0.997217,0.737153,0.291266
126,0.095209,29.474691,5.000000,0.963607,0.680111,0.226734
126,0.086947,30.162960,5.000000,0.943458,0.642649,0.147418
126,0.090025,29.867468,5.000000,0.955092,0.691056,0.213431
126,0.089750,14.588614,2.000000,0.982192,0.725430,0.261003
126,0.065162,16.990543,2.000000,0.859620,0.402531,0.252579
126,0.081841,16.955292,2.000000,0.771522,0.521917,0.110432
126,0.083962,15.670557,2.000000,0.908309,0.688099,0.186956
126,0.088974,10.168519,1.000000,0.932115,0.626077,0.131608
126,0.089801,9.579005,1.000000,0.982784,0.658647,0.191550
126,0.062201,12.313547,1.000000,0.831285,0.418277,0.266444
126,0.095916,9.198298,1.000000,0.983767,0.706005,0.263257
126,0.094040,9.122499,1.000000,1.000000,0.670217,0.228457
126,0.083915,5.022273,0.000000,0.974216,0.655995,0.173412
126,0.064457,7.362634,0.000000,0.809117,0.402666,0.266084
126,0.058870,7.124485,0.000000,0.884036,0.410292,0.295451
126,0.078249,6.187544,0.000000,0.882923,0.723279,0.234478
127,0.086947,45.743408,8.000000,0.943458,0.642649,0.000000
127,0.083962,36.190086,6.000000,0.908309,0.688099,0.073172
127,0.094040,34.827805,6.000000,1.000000,0.670217,0.097031
127,0.089118,30.098541,5.000000,1.000000,0.642851,0.060565
127,0.093646,29.878107,5.000000,0.997217,0.737153,0.146055
127,0.089801,30.229507,5.000000,0.982784,0.658647,0.052546
127,0.090025,25.483372,4.000000,0.955092,0.691056,0.068874
127,0.095209,20.137722,3.000000,0.963607,0.680111,0.097078
127,0.089750,20.237980,3.000000,0.982192,0.725430,0.113989
127,0.081841,17.320658,2.000000,0.771522,0.521917,0.234403
127,0.065162,12.351694,1.000000,0.859620,0.402531,0.380233
127,0.088974,10.748297,1.000000,0.932115,0.626077,0.031118
127,0.095916,9.894503,1.000000,0.983767,0.706005,0.126253
127,0.083518,6.457633,0.000000,0.878163,0.540534,0.147418
127,0.062201,7.635921,0.000000,0.831285,0.418277,0.390487
128,0.095209,39.695705,7.000000,0.963607,0.680111,0.000000
128,0.094040,34.357605,6.000000,1.000000,0.670217,0.040175
128,0.093646,29.412483,5.000000,0.997217,0.737153,0.080362
128,0.089801,29.795832,5.000000,0.982784,0.658647,0.063338
128,0.095916,29.430384,5.000000,0.983767,0.706005,0.038782
128,0.086947,25.356438,4.000000,0.943458,0.642649,0.097078
128,0.090025,25.072769,4.000000,0.955092,0.691056,0.054290
128,0.089750,24.805069,4.000000,0.982192,0.725430,0.080835
128,0.088974,25.361794,4.000000,0.932115,0.626077,0.097168
128,0.065162,22.110926,3.000000,0.859620,0.402531,0.470623
128,0.089118,14.652954,2.000000,1.000000,0.642851,0.084877
128,0.081841,12.077065,1.000000,0.771522,0.521917,0.306381
128,0.083962,5.843735,0.000000,0.908309,0.688099,0.125721
129,0.093646,42.782757,8.000000,0.997217,0.737153,0.000000
129,0.095916,37.805916,7.000000,0.983767,0.706005,0.047033
129,0.088974,39.008972,7.000000,0.932115,0.626077,0.160311
129,0.095209,33.148617,6.000000,0.963607,0.680111,0.080362
129,0.081841,31.224564,5.000000,0.771522,0.521917,0.370486
129,0.089750,23.289881,4.000000,0.982192,0.725430,0.044251
129,0.089801,18.277952,3.000000,0.982784,0.658647,0.106378
129,0.086947,19.002071,3.000000,0.943458,0.642649,0.146055
129,0.090025,18.635660,3.000000,0.955092,0.691056,0.080039
129,0.094040,12.711906,2.000000,1.000000,0.670217,0.083809
129,0.065162,11.268296,1.000000,0.859620,0.402531,0.524426
129,0.089118,8.093399,1.000000,1.000000,0.642851,0.126306
130,0.100000,32.000000,7.000000,1.000000,0.656070,0.000000
130,0.095209,28.507362,6.000000,0.963607,0.680111,0.067253
130,0.089750,28.744282,6.000000,0.982192,0.725430,0.135425
130,0.088974,24.950563,5.000000,0.932115,0.626077,0.134804
130,0.095916,12.932493,3.000000,0.983767,0.706005,0.076339
130,0.088815,15.200012,3.000000,0.921294,0.581478,0.165528
130,0.090025,14.324333,3.000000,0.955092,0.691056,0.117814
130,0.086947,14.938959,3.000000,0.943458,0.642649,0.143233
130,0.089801,13.724296,3.000000,0.982784,0.658647,0.103478
130,0.093646,12.893711,3.000000,0.997217,0.737153,0.119656
130,0.094463,8.228312,2.000000,0.979079,0.690751,0.073371
130,0.081841,13.667000,2.000000,0.771522,0.521917,0.336598
130,0.094040,2.774801,1.000000,1.000000,0.670217,0.062168
130,0.065162,8.740368,1.000000,0.859620,0.402531,0.491443
130,0.093316,3.971096,1.000000,0.953489,0.796227,0.193194
130,0.079590,9.124649,1.000000,0.753557,0.495147,0.377959
130,0.089118,-1.585283,0.000000,1.000000,0.642851,0.110072
131,0.086947,40.356445,7.000000,0.943458,0.642649,0.000000
131,0.093646,34.412476,6.000000,0.997217,0.737153,0.146055
131,0.094463,34.566902,6.000000,0.979079,0.690751,0.102626
131,0.089750,24.805069,4.000000,0.982192,0.725430,0.113989
131,0.090025,25.072769,4.000000,0.955092,0.691056,0.068874
131,0.093316,24.909723,4.000000,0.953489,0.796227,0.202511
131,0.100000,19.000000,3.000000,1.000000,0.656070,0.143233
131,0.095209,19.695702,3.000000,0.963607,0.680111,0.097078
131,0.089801,19.795824,3.000000,0.982784,0.658647,0.052546
131,0.081841,22.077084,3.000000,0.771522,0.521917,0.234403
131,0.079590,22.288300,3.000000,0.753557,0.495147,0.274718
131,0.095916,14.430375,2.000000,0.983767,0.706005,0.126253
131,0.088974,10.361778,1.000000,0.932115,0.626077,0.031118
131,0.088815,10.476929,1.000000,0.921294,0.581478,0.081772
131,0.094040,4.357597,0.000000,1.000000,0.670217,0.097031
131,0.065162,7.110935,0.000000,0.859620,0.402531,0.380233
132,0.090025,44.734997,9.000000,0.955092,0.691056,0.000000
132,0.093316,29.395269,6.000000,0.953489,0.796227,0.135532
132,0.093646,23.359350,5.000000,0.997217,0.737153,0.080039
132,0.095916,23.396637,5.000000,0.983767,0.706005,0.068132
132,0.089750,19.177227,4.000000,0.982192,0.725430,0.050874
132,0.100000,17.500000,4.000000,1.000000,0.656070,0.117814
132,0.095209,18.949389,4.000000,0.963607,0.680111,0.054290
132,0.089801,19.157972,4.000000,0.982784,0.658647,0.049122
132,0.086947,10.325884,2.000000,0.943458,0.642649,0.068874
132,0.094463,8.681069,2.000000,0.979079,0.690751,0.050449
132,0.079590,14.350624,2.000000,0.753557,0.495147,0.333876
132,0.088974,10.337049,2.000000,0.932115,0.626077,0.085063
132,0.088815,5.576935,1.000000,0.921294,0.581478,0.141599
132,0.081841,3.910567,0.000000,0.771522,0.521917,0.291711
133,0.100000,52.000000,11.000000,1.000000,0.656070,0.000000
133,0.095916,37.932507,8.000000,0.983767,0.706005,0.076339
133,0.094463,28.228279,6.000000,0.979079,0.690751,0.073371
133,0.093646,22.893719,5.000000,0.997217,0.737153,0.119656
133,0.086947,24.938961,5.000000,0.943458,0.642649,0.143233
133,0.089750,18.744316,4.000000,0.982192,0.725430,0.135425
133,0.095209,13.507347,3.000000,0.963607,0.680111,0.067253
133,0.090025,9.324333,2.000000,0.955092,0.691056,0.117814
133,0.093316,8.971088,2.000000,0.953489,0.796227,0.193194
133,0.088974,9.950520,2.000000,0.932115,0.626077,0.134804
133,0.089801,3.724321,1.000000,0.982784,0.658647,0.103478
133,0.088815,5.200012,1.000000,0.921294,0.581478,0.165528
133,0.079590,4.124632,0.000000,0.753557,0.495147,0.377959
134,0.100000,44.000000,8.000000,1.000000,0.656070,0.000000
134,0.095209,39.695709,7.000000,0.963607,0.680111,0.067253
134,0.094463,34.566902,6.000000,0.979079,0.690751,0.073371
134,0.089801,29.795828,5.000000,0.982784,0.658647,0.103478
134,0.095916,24.430382,4.000000,0.983767,0.706005,0.076339
134,0.086947,25.356434,4.000000,0.943458,0.642649,0.143233
134,0.088974,25.361780,4.000000,0.932115,0.626077,0.134804
134,0.093646,19.412485,3.000000,0.997217,0.737153,0.119656
134,0.090025,20.072769,3.000000,0.955092,0.691056,0.117814
134,0.088815,20.476929,3.000000,0.921294,0.581478,0.165528
134,0.093316,14.909725,2.000000,0.953489,0.796227,0.193194
134,0.089750,9.805069,1.000000,0.982192,0.725430,0.135425
135,0.086947,45.743408,8.000000,0.943458,0.642649,0.000000
135,0.095209,30.137730,5.000000,0.963607,0.680111,0.097078
135,0.093646,29.878115,5.000000,0.997217,0.737153,0.146055
135,0.092614,29.906225,5.000000,1.000000,0.650021,0.080581
135,0.095916,24.894516,4.000000,0.983767,0.706005,0.126253
135,0.089801,20.229509,3.000000,0.982784,0.658647,0.052546
135,0.088974,20.748312,3.000000,0.932115,0.626077,0.031118
135,0.089750,20.237980,3.000000,0.982192,0.725430,0.113989
135,0.093727,19.845009,3.000000,1.000000,0.691843,0.107588
135,0.092980,20.252460,3.000000,0.963513,0.695834,0.091986
135,0.094463,15.019673,2.000000,0.979079,0.690751,0.102626
135,0.090025,15.483372,2.000000,0.955092,0.691056,0.068874
135,0.088815,15.853851,2.000000,0.921294,0.581478,0.081772
135,0.093316,15.333918,2.000000,0.953489,0.796227,0.202511
135,0.100000,4.500000,0.000000,1.000000,0.656070,0.143233
135,0.095682,5.061111,0.000000,0.968766,0.627227,0.092957
136,0.095916,34.198322,6.000000,0.983767,0.706005,0.000000
136,0.092980,34.605068,6.000000,0.963513,0.695834,0.037864
136,0.093646,29.179672,5.000000,0.997217,0.737153,0.047033
136,0.089801,29.578991,5.000000,0.982784,0.658647,0.085110
136,0.093727,29.142056,5.000000,1.000000,0.691843,0.032493
136,0.094463,29.340519,5.000000,0.979079,0.690751,0.024427
136,0.089750,24.588614,4.000000,0.982192,0.725430,0.066283
136,0.092614,19.211620,3.000000,1.000000,0.650021,0.079061
136,0.088815,20.288467,3.000000,0.921294,0.581478,0.182140
136,0.095209,14.474683,2.000000,0.963607,0.680111,0.038782
136,0.088974,15.168527,2.000000,0.932115,0.626077,0.132172
136,0.090025,14.867468,2.000000,0.955092,0.691056,0.068132
136,0.093316,14.697639,2.000000,0.953489,0.796227,0.119630
136,0.086947,5.162940,0.000000,0.943458,0.642649,0.126253
137,0.094463,41.850342,8.000000,0.979079,0.690751,0.000000
137,0.092980,32.231300,6.000000,0.963513,0.695834,0.022416
137,0.093646,31.618702,6.000000,0.997217,0.737153,0.061318
137,0.093727,26.564560,5.000000,1.000000,0.691843,0.022218
137,0.089750,27.207603,5.000000,0.982192,0.725430,0.064105
137,0.088815,28.215393,5.000000,0.921294,0.581478,0.158702
137,0.095916,21.645575,4.000000,0.983767,0.706005,0.024427
137,0.089801,17.193735,3.000000,0.982784,0.658647,0.061618
137,0.092614,16.664736,3.000000,1.000000,0.650021,0.058064
137,0.095209,12.043541,2.000000,0.963607,0.680111,0.021725
137,0.088974,13.042675,2.000000,0.932115,0.626077,0.108417
137,0.093316,7.364605,1.000000,0.953489,0.796227,0.134793
137,0.090025,2.609154,0.000000,0.955092,0.691056,0.050449
138,0.092980,34.605068,6.000000,0.963513,0.695834,0.000000
138,0.095916,34.198318,6.000000,0.983767,0.706005,0.037864
138,0.089801,34.579014,6.000000,0.982784,0.658647,0.059519
138,0.093646,29.179672,5.000000,0.997217,0.737153,0.062031
138,0.093727,24.142054,4.000000,1.000000,0.691843,0.037577
138,0.089750,24.588614,4.000000,0.982192,0.725430,0.052543
138,0.088815,25.288467,4.000000,0.921294,0.581478,0.154760
138,0.092614,24.211617,4.000000,1.000000,0.650021,0.068001
138,0.095209,24.474688,4.000000,0.963607,0.680111,0.029717
138,0.088974,20.168531,3.000000,0.932115,0.626077,0.100967
138,0.094463,14.340525,2.000000,0.979079,0.690751,0.022416
138,0.093316,14.697639,2.000000,0.953489,0.796227,0.125936
139,0.088815,30.476929,5.000000,0.921294,0.581478,0.000000
139,0.095209,29.695702,5.000000,0.963607,0.680111,0.145188
139,0.095916,24.430378,4.000000,0.983767,0.706005,0.182140
139,0.092614,24.443159,4.000000,1.000000,0.650021,0.122389
139,0.095191,24.288528,4.000000,1.000000,0.792845,0.282961
139,0.092980,19.820881,3.000000,0.963513,0.695834,0.154760
139,0.089801,19.795835,3.000000,0.982784,0.658647,0.114818
139,0.093646,19.412483,3.000000,0.997217,0.737153,0.214395
139,0.093727,19.376373,3.000000,1.000000,0.691843,0.166253
139,0.089750,19.805069,3.000000,0.982192,0.725430,0.190196
139,0.088974,20.361799,3.000000,0.932115,0.626077,0.056811
139,0.093316,19.909719,3.000000,0.953489,0.796227,0.274082
139,0.093557,19.386543,3.000000,1.000000,0.689579,0.163411
139,0.094463,14.566917,2.000000,0.979079,0.690751,0.158702
139,0.089912,10.348412,1.000000,0.928576,0.716893,0.169780
139,0.096641,9.201530,1.000000,1.000000,0.622800,0.122425
140,0.095209,34.916718,6.000000,0.963607,0.680111,0.000000
140,0.093557,34.620438,6.000000,1.000000,0.689579,0.041680
140,0.095916,24.662449,4.000000,0.983767,0.706005,0.038782
140,0.093646,24.645302,4.000000,0.997217,0.737153,0.080362
140,0.095130,25.506189,4.000000,0.906389,0.581145,0.136301
140,0.094463,24.793278,4.000000,0.979079,0.690751,0.021725
140,0.092614,19.674690,3.000000,1.000000,0.650021,0.058416
140,0.092980,20.036678,3.000000,0.963513,0.695834,0.029717
140,0.089801,20.012669,3.000000,0.982784,0.658647,0.063338
140,0.090198,14.813585,2.000000,1.000000,0.758480,0.115894
140,0.088815,15.665390,2.000000,0.921294,0.581478,0.145188
140,0.088907,14.887869,2.000000,1.000000,0.693528,0.074684
140,0.091177,15.150155,2.000000,0.961806,0.647116,0.057709
140,0.096641,9.443133,1.000000,1.000000,0.622800,0.081619
140,0.088974,10.555037,1.000000,0.932115,0.626077,0.097168
140,0.088698,10.039949,1.000000,0.986174,0.663406,0.072007
140,0.093727,9.610689,1.000000,1.000000,0.691843,0.041941
140,0.095191,9.526507,1.000000,1.000000,0.792845,0.145542
140,0.093316,5.121831,0.000000,0.953489,0.796227,0.146723
140,0.089912,5.542228,0.000000,0.928576,0.716893,0.078405
140,0.089750,5.021524,0.000000,0.982192,0.725430,0.080835
141,0.095916,30.590721,5.000000,0.983767,0.706005,0.000000
141,0.090198,30.715576,5.000000,1.000000,0.758480,0.088515
141,0.096641,25.409557,4.000000,1.000000,0.622800,0.105515
141,0.093646,25.576551,4.000000,0.997217,0.737153,0.047033
141,0.088815,26.419235,4.000000,0.921294,0.581478,0.182140
141,0.095191,20.478418,3.000000,1.000000,0.792845,0.109997
141,0.091177,20.993610,3.000000,0.961806,0.647116,0.090260
141,0.088907,20.776930,3.000000,1.000000,0.693528,0.073618
141,0.095130,21.287722,3.000000,0.906389,0.581145,0.174380
141,0.093557,20.556011,3.000000,1.000000,0.689579,0.035230
141,0.092980,15.899850,2.000000,0.963513,0.695834,0.037864
141,0.092614,15.600828,2.000000,1.000000,0.650021,0.079061
141,0.094463,15.698799,2.000000,0.979079,0.690751,0.024427
141,0.093727,15.547962,2.000000,1.000000,0.691843,0.032493
141,0.095209,15.800765,2.000000,0.963607,0.680111,0.038782
141,0.089801,10.880044,1.000000,0.982784,0.658647,0.085110
141,0.088974,11.328074,1.000000,0.932115,0.626077,0.132172
141,0.088698,10.902567,1.000000,0.986174,0.663406,0.089730
142,0.098992,35.330585,6.000000,0.947878,0.776443,0.000000
142,0.096334,29.942467,5.000000,1.000000,0.655379,0.162247
142,0.092614,25.137764,4.000000,1.000000,0.650021,0.178204
142,0.095134,25.507467,4.000000,0.948418,0.710062,0.091509
142,0.096641,19.926357,3.000000,1.000000,0.622800,0.200385
142,0.095130,20.896955,3.000000,0.906389,0.581145,0.250616
142,0.100000,20.634962,3.000000,0.911830,0.576647,0.252534
142,0.095191,15.002462,2.000000,1.000000,0.792845,0.067688
142,0.090198,15.264578,2.000000,1.000000,0.758480,0.104658
142,0.100000,14.834321,2.000000,0.991936,0.625070,0.194539
142,0.089154,15.867995,2.000000,0.939575,0.753411,0.102841
142,0.093646,15.110916,2.000000,0.997217,0.737153,0.087774
142,0.086020,15.968973,2.000000,0.944774,0.742278,0.136601
142,0.094463,15.246044,2.000000,0.979079,0.690751,0.120410
142,0.092980,15.468268,2.000000,0.963513,0.695834,0.118370
142,0.088907,15.332399,2.000000,1.000000,0.693528,0.153721
142,0.093727,10.079327,1.000000,1.000000,0.691843,0.129117
142,0.088974,10.941556,1.000000,0.932115,0.626077,0.213572
142,0.095916,10.126573,1.000000,0.983767,0.706005,0.099934
142,0.088815,11.042313,1.000000,0.921294,0.581478,0.265437
142,0.094490,5.039299,0.000000,1.000000,0.728763,0.091082
142,0.098998,5.124221,0.000000,0.968568,0.800000,0.035988
142,0.082931,5.948380,0.000000,0.964662,0.598674,0.274687
142,0.088698,5.471258,0.000000,0.986174,0.663406,0.178965
142,0.089801,5.446359,0.000000,0.982784,0.658647,0.177047
142,0.095209,5.358731,0.000000,0.963607,0.680111,0.127194
142,0.093557,5.088233,0.000000,1.000000,0.689579,0.132134
142,0.091177,5.571895,0.000000,0.961806,0.647116,0.180098
143,0.096334,34.942471,6.000000,1.000000,0.655379,0.000000
143,0.094463,35.246037,6.000000,0.979079,0.690751,0.052372
143,0.098992,30.330587,5.000000,0.947878,0.776443,0.162247
143,0.089154,25.867996,4.000000,0.939575,0.753411,0.154345
143,0.088974,25.941574,4.000000,0.932115,0.626077,0.106618
143,0.096641,24.926353,4.000000,1.000000,0.622800,0.040839
143,0.092614,25.137762,4.000000,1.000000,0.650021,0.037795
143,0.090198,20.264578,3.000000,1.000000,0.758480,0.142736
143,0.095916,20.126587,3.000000,0.983767,0.706005,0.065465
143,0.095130,15.896955,2.000000,0.906389,0.581145,0.132357
143,0.100000,15.634970,2.000000,0.911830,0.576647,0.137126
143,0.086020,15.968973,2.000000,0.944774,0.742278,0.159644
143,0.095191,10.002462,1.000000,1.000000,0.792845,0.172213
143,0.100000,9.834334,1.000000,0.991936,0.625070,0.053333
143,0.093646,10.110909,1.000000,0.997217,0.737153,0.105729
143,0.092980,10.468274,1.000000,0.963513,0.695834,0.070805
143,0.093727,10.079327,1.000000,1.000000,0.691843,0.052507
143,0.095134,5.507447,0.000000,0.948418,0.710062,0.086470
143,0.088907,5.332410,0.000000,1.000000,0.693528,0.088264
143,0.088815,6.042313,0.000000,0.921294,0.581478,0.142764
144,0.094463,35.019657,6.000000,0.979079,0.690751,0.000000
144,0.089154,30.671230,5.000000,0.939575,0.753411,0.102536
144,0.090198,30.039091,5.000000,1.000000,0.758480,0.097075
144,0.096334,29.701628,5.000000,1.000000,0.655379,0.052372
144,0.092614,24.906229,4.000000,1.000000,0.650021,0.058064
144,0.092980,20.252468,3.000000,0.963513,0.695834,0.022416
144,0.086020,20.777020,3.000000,0.944774,0.742278,0.111592
144,0.095191,19.764484,3.000000,1.000000,0.792845,0.129526
144,0.100000,19.588333,3.000000,0.991936,0.625070,0.099861
144,0.093646,19.878117,3.000000,0.997217,0.737153,0.061318
144,0.098992,15.108232,2.000000,0.947878,0.776443,0.120410
144,0.096641,14.684746,2.000000,1.000000,0.622800,0.090149
144,0.095130,15.701572,2.000000,0.906389,0.581145,0.155240
144,0.100000,15.427112,2.000000,0.911830,0.576647,0.167129
144,0.095916,9.894503,1.000000,0.983767,0.706005,0.024427
144,0.088974,10.748297,1.000000,0.932115,0.626077,0.108417
144,0.093727,4.845002,0.000000,1.000000,0.691843,0.022218
145,0.096334,23.680761,5.000000,1.000000,0.655379,0.000000
145,0.092980,24.857521,5.000000,0.963513,0.695834,0.070805
145,0.100000,23.438707,5.000000,0.991936,0.625070,0.053333
145,0.093646,24.057793,5.000000,0.997217,0.737153,0.105729
145,0.094463,19.360170,4.000000,0.979079,0.690751,0.052372
145,0.089154,20.752167,4.000000,0.939575,0.753411,0.154345
145,0.090198,19.401674,4.000000,1.000000,0.758480,0.142736
145,0.098992,19.549410,4.000000,0.947878,0.776443,0.162247
145,0.095916,19.092840,4.000000,0.983767,0.706005,0.065465
145,0.095191,13.815035,3.000000,1.000000,0.792845,0.172213
145,0.086020,10.978178,2.000000,0.944774,0.742278,0.159644
145,0.088974,10.916829,2.000000,0.932115,0.626077,0.106618
145,0.092614,4.117823,1.000000,1.000000,0.650021,0.037795
145,0.096641,3.644664,1.000000,1.000000,0.622800,0.040839
145,0.100000,5.230663,1.000000,0.911830,0.576647,0.137126
145,0.095130,0.816996,0.000000,0.906389,0.581145,0.132357
146,0.094463,45.019653,8.000000,0.979079,0.690751,0.000000
146,0.090198,30.039091,5.000000,1.000000,0.758480,0.097075
146,0.096641,29.684744,5.000000,1.000000,0.622800,0.090149
146,0.092980,25.252474,4.000000,0.963513,0.695834,0.022416
146,0.089154,25.671232,4.000000,0.939575,0.753411,0.102536
146,0.086020,25.777020,4.000000,0.944774,0.742278,0.111592
146,0.092614,24.906223,4.000000,1.000000,0.650021,0.058064
146,0.093646,19.878115,3.000000,0.997217,0.737153,0.061318
146,0.100000,20.427116,3.000000,0.911830,0.576647,0.167129
146,0.100000,14.588350,2.000000,0.991936,0.625070,0.099861
146,0.095916,14.894507,2.000000,0.983767,0.706005,0.024427
146,0.095191,14.764484,2.000000,1.000000,0.792845,0.129526
146,0.088974,15.748308,2.000000,0.932115,0.626077,0.108417
146,0.096334,9.701647,1.000000,1.000000,0.655379,0.052372
146,0.098992,10.108234,1.000000,0.947878,0.776443,0.120410
147,0.094463,50.019661,9.000000,0.979079,0.690751,0.000000
147,0.098522,24.581322,4.000000,1.000000,0.708943,0.051014
147,0.096641,24.684755,4.000000,1.000000,0.622800,0.090149
147,0.092980,25.252457,4.000000,0.963513,0.695834,0.022416
147,0.094331,24.811817,4.000000,1.000000,0.593632,0.123195
147,0.100000,24.588331,4.000000,0.991936,0.625070,0.099861
147,0.087859,20.683990,3.000000,0.945075,0.665144,0.080880
147,0.098992,20.108234,3.000000,0.947878,0.776443,0.120410
147,0.095191,14.764484,2.000000,1.000000,0.792845,0.129526
147,0.095916,14.894507,2.000000,0.983767,0.706005,0.024427
147,0.093646,14.878106,2.000000,0.997217,0.737153,0.061318
147,0.092614,14.906226,2.000000,1.000000,0.650021,0.058064
147,0.090198,15.039082,2.000000,1.000000,0.758480,0.097075
147,0.100000,10.427122,1.000000,0.911830,0.576647,0.167129
147,0.088974,10.748297,1.000000,0.932115,0.626077,0.108417
147,0.086020,10.777020,1.000000,0.944774,0.742278,0.111592
147,0.089154,10.671213,1.000000,0.939575,0.753411,0.102536
147,0.090460,10.757927,1.000000,0.923376,0.769419,0.119893
147,0.096334,4.701640,0.000000,1.000000,0.655379,0.052372
147,0.091414,4.972216,0.000000,1.000000,0.700756,0.039030
147,0.088508,5.460215,0.000000,0.965708,0.666372,0.068218
147,0.089220,5.279738,0.000000,0.980776,0.738339,0.079307
148,0.090198,28.950682,6.000000,1.000000,0.758480,0.000000
148,0.094463,28.907417,6.000000,0.979079,0.690751,0.097075
148,0.096641,23.161495,5.000000,1.000000,0.622800,0.181425
148,0.094331,18.444502,4.000000,1.000000,0.593632,0.210162
148,0.100000,17.946735,4.000000,0.991936,0.625070,0.193602
148,0.095916,13.628694,3.000000,0.983767,0.706005,0.088515
148,0.090460,15.551746,3.000000,0.923376,0.769419,0.077879
148,0.093646,13.592155,3.000000,0.997217,0.737153,0.043669
148,0.098522,12.931106,3.000000,1.000000,0.708943,0.103740
148,0.095191,8.339079,2.000000,1.000000,0.792845,0.065863
148,0.098992,9.104704,2.000000,0.947878,0.776443,0.104658
148,0.087859,10.387070,2.000000,0.945075,0.665144,0.131057
148,0.092980,9.425960,2.000000,0.963513,0.695834,0.090758
148,0.100000,9.814941,2.000000,0.911830,0.576647,0.262759
148,0.088974,10.530311,2.000000,0.932115,0.626077,0.179304
148,0.089154,5.358611,1.000000,0.939575,0.753411,0.061648
148,0.092614,-1.345240,0.000000,1.000000,0.650021,0.137709
148,0.086020,0.594271,0.000000,0.944774,0.742278,0.072151
149,0.094463,30.698795,5.000000,0.979079,0.690751,0.000000
149,0.096641,30.409557,5.000000,1.000000,0.622800,0.090149
149,0.098992,30.775293,5.000000,0.947878,0.776443,0.120410
149,0.094331,25.519297,4.000000,1.000000,0.593632,0.123195
149,0.100000,25.326288,4.000000,0.991936,0.625070,0.099861
149,0.095191,25.478418,4.000000,1.000000,0.792845,0.129526
149,0.087859,26.272537,4.000000,0.945075,0.665144,0.080880
149,0.092980,25.899857,4.000000,0.963513,0.695834,0.022416
149,0.088974,26.328083,4.000000,0.932115,0.626077,0.108417
149,0.095916,20.590721,3.000000,0.983767,0.706005,0.024427
149,0.093646,15.576551,2.000000,0.997217,0.737153,0.061318
149,0.098522,15.320226,2.000000,1.000000,0.708943,0.051014
149,0.100000,16.050682,2.000000,0.911830,0.576647,0.167129
149,0.090460,11.336391,1.000000,0.923376,0.769419,0.119893
149,0.089154,11.261502,1.000000,0.939575,0.753411,0.102536
149,0.090198,5.715576,0.000000,1.000000,0.758480,0.097075
150,0.093646,34.179665,6.000000,0.997217,0.737153,0.000000
150,0.096641,28.959946,5.000000,1.000000,0.622800,0.146072
150,0.094331,29.104338,5.000000,1.000000,0.593632,0.179553
150,0.092980,29.605064,5.000000,0.963513,0.695834,0.062031
150,0.094463,24.340517,4.000000,0.979079,0.690751,0.061318
150,0.100000,23.850378,4.000000,0.991936,0.625070,0.153930
150,0.088974,25.168541,4.000000,0.932115,0.626077,0.160311
150,0.098992,19.441175,3.000000,0.947878,0.776443,0.087774
150,0.087859,20.095444,3.000000,0.945075,0.665144,0.119036
150,0.095916,19.198322,3.000000,0.983767,0.706005,0.047033
150,0.095191,14.050550,2.000000,1.000000,0.792845,0.071364
150,0.098522,13.842387,2.000000,1.000000,0.708943,0.060237
150,0.090460,15.179462,2.000000,0.923376,0.769419,0.089967
150,0.100000,9.803548,1.000000,0.911830,0.576647,0.227116
150,0.089154,10.080924,1.000000,0.939575,0.753411,0.075852
151,0.098782,40.060883,7.000000,1.000000,0.760284,0.000000
151,0.093646,35.343735,6.000000,0.997217,0.737153,0.059008
151,0.098992,30.552940,5.000000,0.947878,0.776443,0.055939
151,0.095191,30.240440,5.000000,1.000000,0.792845,0.054281
151,0.096641,25.167952,4.000000,1.000000,0.622800,0.173183
151,0.092980,25.684055,4.000000,0.963513,0.695834,0.105774
151,0.094331,20.283470,3.000000,1.000000,0.593632,0.213017
151,0.100000,20.842821,3.000000,0.911830,0.576647,0.246198
151,0.094463,15.472419,2.000000,0.979079,0.690751,0.099288
151,0.096090,15.769501,2.000000,0.938367,0.680377,0.120417
151,0.090240,16.053429,2.000000,0.935243,0.743353,0.109261
151,0.092882,10.596771,1.000000,0.973720,0.634389,0.170107
151,0.098089,10.095558,1.000000,1.000000,0.675496,0.106211
151,0.089528,10.523624,1.000000,1.000000,0.595550,0.225759
151,0.098229,10.088577,1.000000,1.000000,0.579161,0.226471
151,0.098522,10.073910,1.000000,1.000000,0.708943,0.064229
151,0.087859,11.076355,1.000000,0.945075,0.665144,0.170563
151,0.088974,11.134815,1.000000,0.932115,0.626077,0.205846
151,0.089154,6.064739,0.000000,0.939575,0.753411,0.113999
151,0.090460,6.143570,0.000000,0.923376,0.769419,0.113698
151,0.095916,5.358644,0.000000,0.983767,0.706005,0.075423
151,0.100000,5.080318,0.000000,0.991936,0.625070,0.169647
152,0.098782,44.813927,8.000000,1.000000,0.760284,0.000000
152,0.096641,29.926359,5.000000,1.000000,0.622800,0.173183
152,0.094463,30.246033,5.000000,0.979079,0.690751,0.099288
152,0.098992,25.330587,4.000000,0.947878,0.776443,0.055939
152,0.093646,20.110922,3.000000,0.997217,0.737153,0.059008
152,0.088974,20.941576,3.000000,0.932115,0.626077,0.205846
152,0.089528,20.299803,3.000000,1.000000,0.595550,0.225759
152,0.090240,20.856100,3.000000,0.935243,0.743353,0.109261
152,0.094331,20.047644,3.000000,1.000000,0.593632,0.213017
152,0.092980,20.468256,3.000000,0.963513,0.695834,0.105774
152,0.100000,15.634970,2.000000,0.911830,0.576647,0.246198
152,0.092882,15.376610,2.000000,0.973720,0.634389,0.170107
152,0.098522,14.827617,2.000000,1.000000,0.708943,0.064229
152,0.096090,10.557976,1.000000,0.938367,0.680377,0.120417
152,0.098089,9.850336,1.000000,1.000000,0.675496,0.106211
152,0.087859,10.880173,1.000000,0.945075,0.665144,0.170563
152,0.095191,10.002462,1.000000,1.000000,0.792845,0.054281
152,0.098229,4.843006,0.000000,1.000000,0.579161,0.226471
153,0.098992,33.996468,6.000000,0.947878,0.776443,0.000000
153,0.087859,34.703079,6.000000,0.945075,0.665144,0.178205
153,0.095191,23.574594,4.000000,1.000000,0.792845,0.067688
153,0.094463,23.887762,4.000000,0.979079,0.690751,0.120410
153,0.093646,23.714046,4.000000,0.997217,0.737153,0.087774
153,0.089528,23.956871,4.000000,1.000000,0.595550,0.250605
153,0.098089,18.379004,3.000000,1.000000,0.675496,0.136823
153,0.098782,18.332191,3.000000,1.000000,0.760284,0.055939
153,0.092980,19.173477,3.000000,0.963513,0.695834,0.118370
153,0.094331,13.632685,2.000000,1.000000,0.593632,0.238972
153,0.098522,13.349786,2.000000,1.000000,0.708943,0.099288
153,0.092882,14.055641,2.000000,0.973720,0.634389,0.189553
153,0.100000,14.387817,2.000000,0.911830,0.576647,0.252534
153,0.090240,14.672129,2.000000,0.935243,0.743353,0.097619
153,0.096641,13.476731,2.000000,1.000000,0.622800,0.200385
153,0.088974,9.782001,1.000000,0.932115,0.626077,0.213572
153,0.096090,4.288817,0.000000,0.938367,0.680377,0.123905
154,0.094331,27.736994,6.000000,1.000000,0.593632,0.000000
154,0.093646,22.893728,5.000000,0.997217,0.737153,0.179553
154,0.089528,23.361382,5.000000,1.000000,0.595550,0.048092
154,0.092980,23.778534,5.000000,0.963513,0.695834,0.133545
154,0.094463,18.228271,4.000000,0.979079,0.690751,0.123195
154,0.098089,17.248451,4.000000,1.000000,0.675496,0.109012
154,0.098782,17.158295,4.000000,1.000000,0.760284,0.213017
154,0.092882,18.551605,4.000000,0.973720,0.634389,0.059126
154,0.096641,17.436693,4.000000,1.000000,0.622800,0.043163
154,0.098522,12.192198,3.000000,1.000000,0.708943,0.150107
154,0.087859,9.798523,2.000000,0.945075,0.665144,0.123270
154,0.095191,7.625146,2.000000,1.000000,0.792845,0.249165
154,0.098992,3.437635,1.000000,0.947878,0.776443,0.238972
154,0.100000,4.191370,1.000000,0.911830,0.576647,0.106952
154,0.090240,-0.261071,0.000000,0.935243,0.743353,0.202218
154,0.088974,-0.049480,0.000000,0.932115,0.626077,0.095515
155,0.094331,33.444469,7.000000,1.000000,0.593632,0.000000
155,0.098782,32.899162,7.000000,1.000000,0.760284,0.213017
155,0.094463,28.907410,6.000000,0.979079,0.690751,0.123195
155,0.093646,23.592155,5.000000,0.997217,0.737153,0.179553
155,0.098089,22.984118,5.000000,1.000000,0.675496,0.109012
155,0.087859,20.387070,4.000000,0.945075,0.665144,0.123270
155,0.092882,14.212090,3.000000,0.973720,0.634389,0.059126
155,0.100000,14.814924,3.000000,0.911830,0.576647,0.106952
155,0.089528,9.032880,2.000000,1.000000,0.595550,0.048092
155,0.092980,9.425967,2.000000,0.963513,0.695834,0.133545
155,0.096641,8.161460,2.000000,1.000000,0.622800,0.043163
155,0.098992,9.104704,2.000000,0.947878,0.776443,0.238972
155,0.098522,2.931088,1.000000,1.000000,0.708943,0.150107
155,0.095191,3.339088,1.000000,1.000000,0.792845,0.249165
156,0.094463,45.698795,8.000000,0.979079,0.690751,0.000000
156,0.092980,35.899849,6.000000,0.963513,0.695834,0.022416
156,0.098992,30.775291,5.000000,0.947878,0.776443,0.120410
156,0.100000,25.250000,4.000000,1.000000,0.679293,0.060902
156,0.093646,25.576550,4.000000,0.997217,0.737153,0.061318
156,0.098522,25.320225,4.000000,1.000000,0.708943,0.051014
156,0.098782,15.307838,2.000000,1.000000,0.760284,0.099288
156,0.100000,15.250000,2.000000,1.000000,0.759031,0.103868
156,0.096641,15.409554,2.000000,1.000000,0.622800,0.090149
156,0.089528,15.747438,2.000000,1.000000,0.595550,0.130517
156,0.100000,16.050682,2.000000,0.911830,0.576647,0.167129
156,0.092882,15.816933,2.000000,0.973720,0.634389,0.072401
156,0.098089,15.340780,2.000000,1.000000,0.675496,0.046003
156,0.094331,15.519297,2.000000,1.000000,0.593632,0.123195
156,0.095191,10.478418,1.000000,1.000000,0.792845,0.129526
156,0.099215,10.477784,1.000000,0.979578,0.608709,0.113031
156,0.089739,10.737405,1.000000,1.000000,0.641576,0.080296
156,0.087859,6.272542,0.000000,0.945075,0.665144,0.080880
156,0.087395,6.132086,0.000000,0.965271,0.681889,0.072862
156,0.100000,5.250000,0.000000,1.000000,0.708485,0.063209
157,0.098522,35.320232,6.000000,1.000000,0.708943,0.000000
157,0.095191,30.478418,5.000000,1.000000,0.792845,0.110040
157,0.098782,30.307838,5.000000,1.000000,0.760284,0.064229
157,0.094463,25.698799,4.000000,0.979079,0.690751,0.051014
157,0.099215,25.477797,4.000000,0.979578,0.608709,0.127135
157,0.100000,25.250000,4.000000,1.000000,0.679293,0.039901
157,0.098089,25.340780,4.000000,1.000000,0.675496,0.042032
157,0.100000,20.250000,3.000000,1.000000,0.759031,0.064332
157,0.096641,20.409563,3.000000,1.000000,0.622800,0.109308
157,0.092980,15.899858,2.000000,0.963513,0.695834,0.068343
157,0.094331,15.519297,2.000000,1.000000,0.593632,0.150107
157,0.092882,15.816933,2.000000,0.973720,0.634389,0.112051
157,0.089528,15.747437,2.000000,1.000000,0.595550,0.167869
157,0.093646,15.576550,2.000000,0.997217,0.737153,0.060237
157,0.098992,15.775291,2.000000,0.947878,0.776443,0.099288
157,0.100000,6.050692,0.000000,0.911830,0.576647,0.187988
157,0.089739,5.737400,0.000000,1.000000,0.641576,0.121674
158,0.098089,37.248367,8.000000,1.000000,0.675496,0.000000
158,0.094463,28.228275,6.000000,0.979079,0.690751,0.046003
158,0.100000,27.000000,6.000000,1.000000,0.759031,0.106153
158,0.100000,22.000000,5.000000,1.000000,0.679293,0.019692
158,0.098782,17.158295,4.000000,1.000000,0.760284,0.106211
158,0.099215,17.623459,4.000000,0.979578,0.608709,0.086680
158,0.096641,17.436680,4.000000,1.000000,0.622800,0.067442
158,0.095191,7.625146,2.000000,1.000000,0.792845,0.149522
158,0.092980,8.778576,2.000000,0.963513,0.695834,0.067732
158,0.089528,8.361409,2.000000,1.000000,0.595550,0.131591
158,0.093646,7.893689,2.000000,0.997217,0.737153,0.089004
158,0.098992,8.437645,2.000000,0.947878,0.776443,0.136823
158,0.098522,2.192175,1.000000,1.000000,0.708943,0.042032
158,0.094331,2.737011,1.000000,1.000000,0.593632,0.109012
158,0.092882,3.551605,1.000000,0.973720,0.634389,0.077728
159,0.098992,40.997623,7.000000,0.947878,0.776443,0.000000
159,0.098782,25.554794,4.000000,1.000000,0.760284,0.055939
159,0.092980,26.115652,4.000000,0.963513,0.695834,0.118370
159,0.093646,25.809359,4.000000,0.997217,0.737153,0.087774
159,0.098522,25.566528,4.000000,1.000000,0.708943,0.099288
159,0.098089,20.586002,3.000000,1.000000,0.675496,0.136823
159,0.100000,20.500000,3.000000,1.000000,0.681036,0.130542
159,0.089528,20.971252,3.000000,1.000000,0.595550,0.250605
159,0.094331,20.755123,3.000000,1.000000,0.593632,0.238972
159,0.095005,15.775943,2.000000,0.993998,0.783126,0.061532
159,0.099215,15.715805,2.000000,0.979578,0.608709,0.212062
159,0.096641,15.651154,2.000000,1.000000,0.622800,0.200385
159,0.092882,16.037094,2.000000,0.973720,0.634389,0.189553
159,0.091051,11.321470,1.000000,0.947520,0.591059,0.244959
159,0.097570,10.744875,1.000000,0.984446,0.626516,0.191472
159,0.100000,10.500000,1.000000,1.000000,0.686612,0.124206
159,0.095191,10.716396,1.000000,1.000000,0.792845,0.067688
159,0.100000,10.500000,1.000000,1.000000,0.679293,0.132534
159,0.100000,10.500000,1.000000,1.000000,0.759031,0.057377
159,0.094463,10.925188,1.000000,0.979079,0.690751,0.120410
159,0.091695,5.873729,0.000000,1.000000,0.648835,0.182988
159,0.093580,5.885375,0.000000,0.988477,0.708072,0.108998
160,0.100000,40.000000,7.000000,1.000000,0.681036,0.000000
160,0.096641,40.167934,7.000000,1.000000,0.622800,0.080170
160,0.093646,25.343740,4.000000,0.997217,0.737153,0.094687
160,0.100000,25.000000,4.000000,1.000000,0.686612,0.006971
160,0.098782,20.060883,3.000000,1.000000,0.760284,0.099806
160,0.098089,20.095558,3.000000,1.000000,0.675496,0.020327
160,0.100000,20.000000,3.000000,1.000000,0.679293,0.002178
160,0.097570,20.272093,3.000000,0.984446,0.626516,0.074006
160,0.098992,15.552940,2.000000,0.947878,0.776443,0.130542
160,0.100000,15.000000,2.000000,1.000000,0.759031,0.097494
160,0.095005,15.306606,2.000000,0.993998,0.783126,0.137172
160,0.092882,15.596771,2.000000,0.973720,0.634389,0.095689
160,0.091051,15.912743,2.000000,0.947520,0.591059,0.153012
160,0.094463,10.472431,1.000000,0.979079,0.690751,0.060427
160,0.095191,10.240440,1.000000,1.000000,0.792845,0.147804
160,0.099215,10.239773,1.000000,0.979578,0.608709,0.093017
160,0.094331,10.283468,1.000000,1.000000,0.593632,0.123087
160,0.089528,10.523624,1.000000,1.000000,0.595550,0.149618
160,0.098522,10.073912,1.000000,1.000000,0.708943,0.037887
160,0.092980,5.684065,0.000000,0.963513,0.695834,0.081249
161,0.100000,40.250000,7.000000,1.000000,0.686612,0.000000
161,0.095005,35.541264,6.000000,0.993998,0.783126,0.130712
161,0.100000,30.250000,5.000000,1.000000,0.679293,0.009149
161,0.096641,20.409554,3.000000,1.000000,0.622800,0.086549
161,0.093646,20.576550,3.000000,0.997217,0.737153,0.089646
161,0.092882,20.816933,3.000000,0.973720,0.634389,0.100090
161,0.091051,21.117105,3.000000,0.947520,0.591059,0.158206
161,0.094463,20.698792,3.000000,0.979079,0.690751,0.059420
161,0.095191,20.478418,3.000000,1.000000,0.792845,0.141231
161,0.098782,15.307838,2.000000,1.000000,0.760284,0.092891
161,0.098089,15.340780,2.000000,1.000000,0.675496,0.023629
161,0.100000,15.250000,2.000000,1.000000,0.681036,0.006971
161,0.098992,15.775291,2.000000,0.947878,0.776443,0.124206
161,0.094331,15.519297,2.000000,1.000000,0.593632,0.129314
161,0.098522,10.320214,1.000000,1.000000,0.708943,0.031586
161,0.089528,10.747443,1.000000,1.000000,0.595550,0.154674
161,0.099215,10.477788,1.000000,0.979578,0.608709,0.099806
161,0.097570,10.508479,1.000000,0.984446,0.626516,0.080471
161,0.100000,5.250000,0.000000,1.000000,0.759031,0.090523
162,0.095005,30.071922,5.000000,0.993998,0.783126,0.000000
162,0.097570,30.035707,5.000000,0.984446,0.626516,0.197667
162,0.095191,30.002462,5.000000,1.000000,0.792845,0.013678
162,0.100000,29.750000,5.000000,1.000000,0.686612,0.130712
162,0.093646,25.110924,4.000000,0.997217,0.737153,0.059140
162,0.098782,24.813927,4.000000,1.000000,0.760284,0.047729
162,0.089528,25.299786,4.000000,1.000000,0.595550,0.240859
162,0.092882,20.376610,3.000000,0.973720,0.634389,0.188225
162,0.094463,20.246037,3.000000,0.979079,0.690751,0.116555
162,0.098089,19.850336,3.000000,1.000000,0.675496,0.138157
162,0.091051,15.708380,2.000000,0.947520,0.591059,0.247718
162,0.100000,14.750000,2.000000,1.000000,0.679293,0.139200
162,0.098522,14.827613,2.000000,1.000000,0.708943,0.099355
162,0.096641,9.926339,1.000000,1.000000,0.622800,0.201164
162,0.098992,10.330587,1.000000,0.947878,0.776443,0.061532
162,0.094331,10.047642,1.000000,1.000000,0.593632,0.237039
162,0.100000,4.750000,0.000000,1.000000,0.681036,0.137172
162,0.099215,5.001768,0.000000,0.979578,0.608709,0.222517
163,0.098782,35.307838,6.000000,1.000000,0.760284,0.000000
163,0.100000,35.250000,6.000000,1.000000,0.679293,0.101968
163,0.089528,30.747425,5.000000,1.000000,0.595550,0.225759
163,0.094463,30.698795,5.000000,0.979079,0.690751,0.099288
163,0.095005,25.541260,4.000000,0.993998,0.783126,0.047729
163,0.095191,25.478418,4.000000,1.000000,0.792845,0.054281
163,0.092882,25.816933,4.000000,0.973720,0.634389,0.170107
163,0.097570,20.508492,3.000000,0.984446,0.626516,0.168368
163,0.100000,20.250000,3.000000,1.000000,0.686612,0.092891
163,0.098089,20.340780,3.000000,1.000000,0.675496,0.106211
163,0.098522,15.320230,2.000000,1.000000,0.708943,0.064229
163,0.096641,15.409556,2.000000,1.000000,0.622800,0.173183
163,0.098992,15.775293,2.000000,0.947878,0.776443,0.055939
163,0.093646,10.576537,1.000000,0.997217,0.737153,0.059008
163,0.091051,6.117110,0.000000,0.947520,0.591059,0.231251
163,0.094331,5.519291,0.000000,1.000000,0.593632,0.213017
164,0.095005,29.674534,6.000000,0.993998,0.783126,0.000000
164,0.093646,29.756191,6.000000,0.997217,0.737153,0.059140
164,0.098782,24.133942,5.000000,1.000000,0.760284,0.047729
164,0.098089,24.210228,5.000000,1.000000,0.675496,0.138157
164,0.098992,25.216469,5.000000,0.947878,0.776443,0.061532
164,0.094463,20.039310,4.000000,0.979079,0.690751,0.116555
164,0.092882,20.312897,4.000000,0.973720,0.634389,0.188225
164,0.100000,14.000000,3.000000,1.000000,0.686612,0.130712
164,0.096641,14.369506,3.000000,1.000000,0.622800,0.201164
164,0.100000,9.000000,2.000000,1.000000,0.679293,0.139200
164,0.089528,10.151961,2.000000,1.000000,0.595550,0.240859
164,0.095191,9.528969,2.000000,1.000000,0.792845,0.013678
164,0.097570,9.598593,2.000000,0.984446,0.626516,0.197667
164,0.098522,4.162613,1.000000,1.000000,0.708943,0.099355
165,0.095005,22.327787,5.000000,0.993998,0.783126,0.000000
165,0.095384,18.181114,4.000000,0.958039,0.653449,0.166081
165,0.093543,17.890247,4.000000,0.979257,0.724364,0.076332
165,0.098522,16.699600,4.000000,1.000000,0.708943,0.099355
165,0.089528,12.913763,3.000000,1.000000,0.595550,0.240859
165,0.093299,14.401936,3.000000,0.917293,0.779039,0.078745
165,0.087585,13.175986,3.000000,1.000000,0.763052,0.078557
165,0.097570,12.234653,3.000000,0.984446,0.626516,0.197667
165,0.098089,11.758007,3.000000,1.000000,0.675496,0.138157
165,0.093646,12.428063,3.000000,0.997217,0.737153,0.059140
165,0.096641,6.953453,2.000000,1.000000,0.622800,0.201164
165,0.100000,6.500000,2.000000,1.000000,0.679293,0.139200
165,0.095191,7.149191,2.000000,1.000000,0.792845,0.013678
165,0.092882,8.111282,2.000000,0.973720,0.634389,0.188225
165,0.094974,8.683121,2.000000,0.939493,0.791373,0.055472
165,0.100000,1.500000,1.000000,1.000000,0.686612,0.130712
165,0.094463,2.775564,1.000000,0.979079,0.690751,0.116555
165,0.098992,2.992927,1.000000,0.947878,0.776443,0.061532
165,0.098782,1.664383,1.000000,1.000000,0.760284,0.047729
165,0.099084,3.168033,1.000000,0.940502,0.655924,0.172648
165,0.100000,-3.500000,0.000000,1.000000,0.700968,0.114358
166,0.087585,36.679382,7.000000,1.000000,0.763052,0.000000
166,0.089528,26.494856,5.000000,1.000000,0.595550,0.210278
166,0.093299,22.542103,4.000000,0.917293,0.779039,0.102493
166,0.098089,20.681561,4.000000,1.000000,0.675496,0.151694
166,0.093646,21.153111,4.000000,0.997217,0.737153,0.068769
166,0.095005,16.082521,3.000000,0.993998,0.783126,0.078557
166,0.098782,15.615677,3.000000,1.000000,0.760284,0.112025
166,0.098522,15.640455,3.000000,1.000000,0.708943,0.128591
166,0.094974,17.036270,3.000000,0.939493,0.791373,0.101855
166,0.096641,15.819116,3.000000,1.000000,0.622800,0.197324
166,0.092882,16.633865,3.000000,0.973720,0.634389,0.171356
166,0.099084,11.673801,2.000000,0.940502,0.655924,0.186265
166,0.097570,11.016968,2.000000,0.984446,0.626516,0.198343
166,0.093543,11.478303,2.000000,0.979257,0.724364,0.079488
166,0.098992,6.550583,1.000000,0.947878,0.776443,0.126523
166,0.095384,6.682970,1.000000,0.958039,0.653449,0.163138
166,0.095191,0.956849,0.000000,1.000000,0.792845,0.084687
166,0.100000,0.500000,0.000000,1.000000,0.679293,0.162403
166,0.100000,0.500000,0.000000,1.000000,0.686612,0.156661
166,0.094463,1.397619,0.000000,0.979079,0.690751,0.115480
167,0.092882,35.156448,6.000000,0.973720,0.634389,0.000000
167,0.087585,30.182800,5.000000,1.000000,0.763052,0.171356
167,0.093299,30.682270,5.000000,0.917293,0.779039,0.189459
167,0.095005,29.837250,5.000000,0.993998,0.783126,0.188225
167,0.098992,30.108229,5.000000,0.947878,0.776443,0.189553
167,0.097570,24.799299,4.000000,0.984446,0.626516,0.049082
167,0.089528,20.075966,3.000000,1.000000,0.595550,0.064600
167,0.093646,19.878109,3.000000,0.997217,0.737153,0.130809
167,0.098522,19.581318,3.000000,1.000000,0.708943,0.112051
167,0.098089,14.605114,2.000000,1.000000,0.675496,0.077728
167,0.098782,14.566971,2.000000,1.000000,0.760284,0.170107
167,0.094974,15.389420,2.000000,0.939493,0.791373,0.200289
167,0.096641,14.684746,2.000000,1.000000,0.622800,0.048097
167,0.093543,15.066386,2.000000,0.979257,0.724364,0.112798
167,0.099084,10.179569,1.000000,0.940502,0.655924,0.075327
167,0.095384,5.184877,0.000000,0.958039,0.653449,0.037940
168,0.093299,35.682266,6.000000,0.917293,0.779039,0.000000
168,0.098992,35.108219,6.000000,0.947878,0.776443,0.064704
168,0.095005,29.837250,5.000000,0.993998,0.783126,0.078745
168,0.097570,29.799297,5.000000,0.984446,0.626516,0.206597
168,0.093646,29.878111,5.000000,0.997217,0.737153,0.095610
168,0.098522,29.581306,5.000000,1.000000,0.708943,0.131322
168,0.087585,20.182804,3.000000,1.000000,0.763052,0.102493
168,0.098089,19.605114,3.000000,1.000000,0.675496,0.160893
168,0.098782,19.566971,3.000000,1.000000,0.760284,0.101964
168,0.096641,19.684755,3.000000,1.000000,0.622800,0.214707
168,0.099084,15.179569,2.000000,0.940502,0.655924,0.166038
168,0.092882,10.156448,1.000000,0.973720,0.634389,0.189459
168,0.089528,10.075987,1.000000,1.000000,0.595550,0.246718
168,0.094974,10.389420,1.000000,0.939493,0.791373,0.031799
168,0.093543,10.066378,1.000000,0.979257,0.724364,0.092285
169,0.093299,35.878529,6.000000,0.917293,0.779039,0.000000
169,0.098992,30.330582,5.000000,0.947878,0.776443,0.064704
169,0.097570,30.035706,5.000000,0.984446,0.626516,0.206597
169,0.100000,25.144821,4.000000,0.961662,0.754737,0.085916
169,0.100000,25.681343,4.000000,0.906975,0.748844,0.077597
169,0.093543,25.290648,4.000000,0.979257,0.724364,0.092285
169,0.099084,20.398680,3.000000,0.940502,0.655924,0.166038
169,0.094974,20.598991,3.000000,0.939493,0.791373,0.031799
169,0.098089,14.850336,2.000000,1.000000,0.675496,0.160893
169,0.096641,14.926341,2.000000,1.000000,0.622800,0.214707
169,0.089528,15.299803,2.000000,1.000000,0.595550,0.246718
169,0.093646,15.110924,2.000000,0.997217,0.737153,0.095610
169,0.094524,15.037501,2.000000,1.000000,0.578745,0.263959
169,0.087585,10.401784,1.000000,1.000000,0.763052,0.102493
169,0.098782,9.813927,1.000000,1.000000,0.760284,0.101964
169,0.098522,9.827605,1.000000,1.000000,0.708943,0.131322
169,0.100000,10.659954,1.000000,0.909216,0.728859,0.092140
169,0.089488,10.706217,1.000000,0.956001,0.788496,0.055592
169,0.095005,10.071934,1.000000,0.993998,0.783126,0.078745
169,0.092882,5.376610,0.000000,0.973720,0.634389,0.189459
169,0.100000,5.149568,0.000000,0.961193,0.725139,0.104675
170,0.098089,37.984039,8.000000,1.000000,0.675496,0.000000
170,0.096641,23.161501,5.000000,1.000000,0.622800,0.067442
170,0.095005,18.501158,4.000000,0.993998,0.783126,0.138157
170,0.093646,18.592150,4.000000,0.997217,0.737153,0.089004
170,0.097570,18.416637,4.000000,0.984446,0.626516,0.063383
170,0.098992,19.104704,4.000000,0.947878,0.776443,0.136823
170,0.089528,14.032845,3.000000,1.000000,0.595550,0.131591
170,0.098782,12.899162,3.000000,1.000000,0.760284,0.106211
170,0.098522,12.931106,3.000000,1.000000,0.708943,0.042032
170,0.100000,9.923134,2.000000,0.906975,0.748844,0.132004
170,0.094974,9.730980,2.000000,0.939493,0.791373,0.160037
170,0.089488,9.981173,2.000000,0.956001,0.788496,0.171129
170,0.093299,10.383238,2.000000,0.917293,0.779039,0.160893
170,0.099084,4.263586,1.000000,0.940502,0.655924,0.065097
170,0.100000,3.671283,1.000000,0.961662,0.754737,0.107918
170,0.094524,3.420810,1.000000,1.000000,0.578745,0.126083
170,0.100000,4.873234,1.000000,0.909216,0.728859,0.114265
170,0.093543,-0.988517,0.000000,0.979257,0.724364,0.078920
170,0.087585,-0.729176,0.000000,1.000000,0.763052,0.151694
171,0.096641,45.167934,8.000000,1.000000,0.622800,0.000000
171,0.089488,35.910679,6.000000,0.956001,0.788496,0.223498
171,0.098992,30.552935,5.000000,0.947878,0.776443,0.200385
171,0.100000,30.376022,5.000000,0.961662,0.754737,0.172619
171,0.095005,25.306593,4.000000,0.993998,0.783126,0.201164
171,0.089528,25.523613,4.000000,1.000000,0.595550,0.078870
171,0.093646,20.343737,3.000000,0.997217,0.737153,0.146072
171,0.097570,20.272100,3.000000,0.984446,0.626516,0.018702
171,0.100000,15.866623,2.000000,0.909216,0.728859,0.164152
171,0.094524,15.273802,2.000000,1.000000,0.578745,0.058998
171,0.094974,15.808563,2.000000,0.939493,0.791373,0.219865
171,0.098522,15.073917,2.000000,1.000000,0.708943,0.109308
171,0.098782,15.060883,2.000000,1.000000,0.760284,0.173183
171,0.100000,10.886993,1.000000,0.906975,0.748844,0.186026
171,0.098089,10.095558,1.000000,1.000000,0.675496,0.067442
171,0.093299,6.074786,0.000000,0.917293,0.779039,0.214707
171,0.099084,5.617790,0.000000,0.940502,0.655924,0.076494
172,0.089528,39.404510,7.000000,1.000000,0.595550,0.000000
172,0.098522,33.842403,6.000000,1.000000,0.708943,0.167869
172,0.094974,29.760704,5.000000,0.939493,0.791373,0.257963
172,0.100000,29.858742,5.000000,0.906975,0.748844,0.237357
172,0.098089,28.869448,5.000000,1.000000,0.675496,0.131591
172,0.095005,24.133234,4.000000,0.993998,0.783126,0.240859
172,0.094524,24.092272,4.000000,1.000000,0.578745,0.054200
172,0.089488,19.888353,3.000000,0.956001,0.788496,0.245164
172,0.098782,18.826103,3.000000,1.000000,0.760284,0.225759
172,0.096641,13.959928,2.000000,1.000000,0.622800,0.078870
172,0.098992,14.441175,2.000000,0.947878,0.776443,0.250605
172,0.100000,14.833279,2.000000,0.909216,0.728859,0.216741
172,0.100000,9.220042,1.000000,0.961662,0.754737,0.228105
172,0.097570,9.090104,1.000000,0.984446,0.626516,0.090599
172,0.093646,4.179654,0.000000,0.997217,0.737153,0.181753
173,0.095005,31.082518,6.000000,0.993998,0.783126,0.000000
173,0.094524,31.020248,6.000000,1.000000,0.578745,0.255592
173,0.100000,32.146584,6.000000,0.909216,0.728859,0.119516
173,0.100000,27.185287,5.000000,0.906975,0.748844,0.109107
173,0.098782,25.615677,5.000000,1.000000,0.760284,0.047729
173,0.089528,21.494854,4.000000,1.000000,0.595550,0.240859
173,0.094974,17.036270,3.000000,0.939493,0.791373,0.055472
173,0.098992,16.550587,3.000000,0.947878,0.776443,0.061532
173,0.100000,16.214436,3.000000,0.961662,0.754737,0.069280
173,0.098089,10.681561,2.000000,1.000000,0.675496,0.138157
173,0.089488,12.230297,2.000000,0.956001,0.788496,0.067325
173,0.096641,10.819099,2.000000,1.000000,0.622800,0.201164
173,0.097570,11.016968,2.000000,0.984446,0.626516,0.197667
173,0.098522,5.640440,1.000000,1.000000,0.708943,0.099355
174,0.098992,30.330585,5.000000,0.947878,0.776443,0.000000
174,0.100000,25.919340,4.000000,0.881630,0.741007,0.080327
174,0.089528,25.299789,4.000000,1.000000,0.595550,0.250605
174,0.098522,24.827614,4.000000,1.000000,0.708943,0.099288
174,0.089488,20.706217,3.000000,0.956001,0.788496,0.096567
174,0.084750,20.767899,3.000000,0.975279,0.560896,0.305987
174,0.096817,19.917107,3.000000,1.000000,0.782981,0.057066
174,0.099298,20.246910,3.000000,0.954857,0.730268,0.058220
174,0.098089,19.850336,3.000000,1.000000,0.675496,0.136823
174,0.094974,20.598991,3.000000,0.939493,0.791373,0.045084
174,0.094524,20.037502,3.000000,1.000000,0.578745,0.256481
174,0.100000,15.144833,2.000000,0.961662,0.754737,0.032059
174,0.095005,15.071930,2.000000,0.993998,0.783126,0.061532
174,0.088850,15.335394,2.000000,1.000000,0.771971,0.114166
174,0.100000,15.659954,2.000000,0.909216,0.728859,0.071653
174,0.096641,9.926339,1.000000,1.000000,0.622800,0.200385
174,0.097570,10.035687,1.000000,0.984446,0.626516,0.191472
174,0.093895,10.070534,1.000000,1.000000,0.597994,0.234672
174,0.098782,9.813927,1.000000,1.000000,0.760284,0.055939
174,0.100000,5.681337,0.000000,0.906975,0.748844,0.054450
175,0.100000,35.725029,6.000000,0.881630,0.741007,0.000000
175,0.089488,35.501740,6.000000,0.956001,0.788496,0.141792
175,0.084750,35.566345,6.000000,0.975279,0.560896,0.287600
175,0.098522,29.581318,5.000000,1.000000,0.708943,0.125843
175,0.094524,29.801193,5.000000,1.000000,0.578745,0.241141
175,0.098089,24.605114,4.000000,1.000000,0.675496,0.145198
175,0.098782,19.566971,3.000000,1.000000,0.760284,0.121410
175,0.098992,20.108234,3.000000,0.947878,0.776443,0.080327
175,0.095005,19.837252,3.000000,0.993998,0.783126,0.133766
175,0.096817,19.675064,3.000000,1.000000,0.782981,0.133333
175,0.089528,20.075977,3.000000,1.000000,0.595550,0.240910
175,0.100000,9.913637,1.000000,0.961662,0.754737,0.081852
175,0.100000,10.453288,1.000000,0.909216,0.728859,0.031489
175,0.093895,9.835798,1.000000,1.000000,0.597994,0.222927
175,0.094974,5.389420,0.000000,0.939493,0.791373,0.099184
175,0.099298,5.020562,0.000000,0.954857,0.730268,0.074777
175,0.088850,5.113264,0.000000,1.000000,0.771971,0.167160
175,0.096641,4.684736,0.000000,1.000000,0.622800,0.192282
175,0.097570,4.799298,0.000000,0.984446,0.626516,0.177885
176,0.098089,26.512762,6.000000,1.000000,0.675496,0.000000
176,0.095005,27.093164,6.000000,0.993998,0.783126,0.138157
176,0.084750,23.915930,5.000000,0.975279,0.560896,0.197292
176,0.089528,22.689922,5.000000,1.000000,0.595550,0.131591
176,0.100000,22.284042,5.000000,0.961662,0.754737,0.107918
176,0.094524,17.002983,4.000000,1.000000,0.578745,0.126083
176,0.089488,13.754377,3.000000,0.956001,0.788496,0.171129
176,0.098522,11.453282,3.000000,1.000000,0.708943,0.042032
176,0.098782,11.417427,3.000000,1.000000,0.760284,0.106211
176,0.100000,13.633213,3.000000,0.909216,0.728859,0.114265
176,0.093895,12.089459,3.000000,1.000000,0.597994,0.105567
176,0.098992,7.770585,2.000000,0.947878,0.776443,0.136823
176,0.100000,4.312520,1.000000,0.881630,0.741007,0.145198
176,0.096817,1.687660,1.000000,1.000000,0.782981,0.134957
177,0.096817,34.917107,6.000000,1.000000,0.782981,0.000000
177,0.098089,24.850336,4.000000,1.000000,0.675496,0.134957
177,0.100000,25.659954,4.000000,0.909216,0.728859,0.117608
177,0.098782,24.813927,4.000000,1.000000,0.760284,0.034514
177,0.095005,20.071920,3.000000,0.993998,0.783126,0.019088
177,0.100000,19.973896,3.000000,0.978445,0.708678,0.100520
177,0.093895,20.070520,3.000000,1.000000,0.597994,0.233073
177,0.098522,19.827618,3.000000,1.000000,0.708943,0.094105
177,0.089488,20.706217,3.000000,0.956001,0.788496,0.085760
177,0.094524,20.037506,3.000000,1.000000,0.578745,0.256323
177,0.100000,20.144817,3.000000,0.961662,0.754737,0.061069
177,0.098992,15.330587,2.000000,0.947878,0.776443,0.057066
177,0.089528,15.299799,2.000000,1.000000,0.595550,0.245368
177,0.093774,15.076843,2.000000,1.000000,0.800000,0.037127
177,0.100000,15.160757,2.000000,0.960084,0.707375,0.107416
177,0.100000,10.919326,1.000000,0.881630,0.741007,0.133333
177,0.086462,10.494410,1.000000,0.996287,0.553752,0.304697
177,0.093057,10.114534,1.000000,1.000000,0.591620,0.242139
177,0.084750,5.767886,0.000000,0.975279,0.560896,0.303707
177,0.090670,5.562322,0.000000,0.965531,0.605752,0.232476
178,0.098089,34.359871,6.000000,1.000000,0.675496,0.000000
178,0.094524,34.564892,6.000000,1.000000,0.578745,0.126083
178,0.098782,29.320015,5.000000,1.000000,0.760284,0.106211
178,0.096817,29.433022,5.000000,1.000000,0.782981,0.134957
178,0.089488,25.297285,4.000000,0.956001,0.788496,0.171129
178,0.093774,24.607971,4.000000,1.000000,0.800000,0.161500
178,0.100000,20.246616,3.000000,0.909216,0.728859,0.114265
178,0.100000,19.682426,3.000000,0.961662,0.754737,0.107918
178,0.098992,19.885881,3.000000,0.947878,0.776443,0.136823
178,0.100000,14.495217,2.000000,0.978445,0.708678,0.050500
178,0.093895,14.601057,2.000000,1.000000,0.597994,0.105567
178,0.093057,14.649252,2.000000,1.000000,0.591620,0.116296
178,0.095005,9.602597,1.000000,0.993998,0.783126,0.138157
178,0.098522,9.334996,1.000000,1.000000,0.708943,0.042032
178,0.089528,9.852168,1.000000,1.000000,0.595550,0.131591
178,0.100000,9.699877,1.000000,0.960084,0.707375,0.059552
178,0.100000,10.530690,1.000000,0.881630,0.741007,0.145198
178,0.086462,5.065306,0.000000,0.996287,0.553752,0.191551
179,0.098089,39.850307,7.000000,1.000000,0.675496,0.000000
179,0.093057,35.114510,6.000000,1.000000,0.591620,0.116296
179,0.098522,29.827623,5.000000,1.000000,0.708943,0.042032
179,0.098992,30.330587,5.000000,0.947878,0.776443,0.136823
179,0.094524,25.037498,4.000000,1.000000,0.578745,0.126083
179,0.093774,25.076843,4.000000,1.000000,0.800000,0.161500
179,0.100000,20.659954,3.000000,0.909216,0.728859,0.114265
179,0.100000,20.144817,3.000000,0.961662,0.754737,0.107918
179,0.089488,20.706217,3.000000,0.956001,0.788496,0.171129
179,0.100000,19.973904,3.000000,0.978445,0.708678,0.050500
179,0.093895,20.070520,3.000000,1.000000,0.597994,0.105567
179,0.096817,9.917107,1.000000,1.000000,0.782981,0.134957
179,0.095005,10.071937,1.000000,0.993998,0.783126,0.138157
179,0.100000,10.160757,1.000000,0.960084,0.707375,0.059552
179,0.100000,10.919326,1.000000,0.881630,0.741007,0.145198
179,0.098782,4.813927,0.000000,1.000000,0.760284,0.106211
179,0.089528,5.299806,0.000000,1.000000,0.595550,0.131591
180,0.100000,46.113659,8.000000,0.881630,0.741007,0.000000
180,0.100000,35.391190,6.000000,0.960084,0.707375,0.089008
180,0.098522,30.073923,5.000000,1.000000,0.708943,0.125843
180,0.098992,30.552940,5.000000,0.947878,0.776443,0.080327
180,0.093895,30.305260,5.000000,1.000000,0.597994,0.222927
180,0.094524,25.273813,4.000000,1.000000,0.578745,0.241141
180,0.100000,20.866623,3.000000,0.909216,0.728859,0.031489
180,0.096817,20.159149,3.000000,1.000000,0.782981,0.133333
180,0.093057,15.347176,2.000000,1.000000,0.591620,0.231737
180,0.093774,15.311279,2.000000,1.000000,0.800000,0.152726
180,0.100000,15.376023,2.000000,0.961662,0.754737,0.081852
180,0.089488,15.910683,2.000000,0.956001,0.788496,0.141792
180,0.098089,10.095558,1.000000,1.000000,0.675496,0.145198
180,0.100000,10.213223,1.000000,0.978445,0.708678,0.104911
180,0.095005,10.306603,1.000000,0.993998,0.783126,0.133766
181,0.093895,39.835785,7.000000,1.000000,0.597994,0.000000
181,0.095005,34.837265,6.000000,0.993998,0.783126,0.231759
181,0.098089,29.605114,5.000000,1.000000,0.675496,0.105567
181,0.100000,24.932415,4.000000,0.959886,0.657988,0.104693
181,0.100000,24.913616,4.000000,0.961662,0.754737,0.208771
181,0.100000,20.453285,3.000000,0.909216,0.728859,0.196795
181,0.096817,19.675064,3.000000,1.000000,0.782981,0.233073
181,0.100000,14.500000,2.000000,1.000000,0.591362,0.061613
181,0.094975,14.855828,2.000000,0.992365,0.645811,0.061218
181,0.100000,14.585182,2.000000,0.992227,0.800000,0.259900
181,0.100000,14.734556,2.000000,0.978445,0.708678,0.152755
181,0.093774,14.842407,2.000000,1.000000,0.800000,0.252510
181,0.094524,14.801180,2.000000,1.000000,0.578745,0.024870
181,0.098992,15.108234,2.000000,0.947878,0.776443,0.234672
181,0.098522,14.581306,2.000000,1.000000,0.708943,0.146201
181,0.089488,10.501751,1.000000,0.956001,0.788496,0.246135
181,0.097274,9.649929,1.000000,1.000000,0.706121,0.139319
181,0.093057,4.881886,0.000000,1.000000,0.591620,0.011563
181,0.100000,5.541453,0.000000,0.900358,0.715478,0.187677
181,0.100000,4.930317,0.000000,0.960084,0.707375,0.154967
181,0.100000,5.725008,0.000000,0.881630,0.741007,0.222927
182,0.100000,30.659954,5.000000,0.909216,0.728859,0.000000
182,0.096817,29.917107,5.000000,1.000000,0.782981,0.117608
182,0.094524,30.037500,5.000000,1.000000,0.578745,0.215523
182,0.093895,25.070518,4.000000,1.000000,0.597994,0.196795
182,0.098089,24.850336,4.000000,1.000000,0.675496,0.114265
182,0.094975,25.089657,4.000000,0.992365,0.645811,0.142180
182,0.100000,24.973896,4.000000,0.978445,0.708678,0.073682
182,0.098522,24.827614,4.000000,1.000000,0.708943,0.095289
182,0.100000,20.162754,3.000000,0.959886,0.657988,0.102056
182,0.100000,20.144819,3.000000,0.961662,0.754737,0.061619
182,0.100000,14.750000,2.000000,1.000000,0.591362,0.194375
182,0.089488,15.706217,2.000000,0.956001,0.788496,0.137098
182,0.093774,15.076843,2.000000,1.000000,0.800000,0.141511
182,0.095005,10.071937,1.000000,0.993998,0.783126,0.119516
182,0.098992,10.330587,1.000000,0.947878,0.776443,0.071653
182,0.100000,9.831310,1.000000,0.992227,0.800000,0.121649
182,0.097274,4.893114,0.000000,1.000000,0.706121,0.098958
183,0.100000,35.039948,6.000000,0.909216,0.728859,0.000000
183,0.096817,34.190979,6.000000,1.000000,0.782981,0.117608
183,0.100000,34.471703,6.000000,0.959886,0.657988,0.102056
183,0.094975,24.388180,4.000000,0.992365,0.645811,0.142180
183,0.100000,24.255890,4.000000,0.978445,0.708678,0.073682
183,0.100000,24.451225,4.000000,0.961662,0.754737,0.061619
183,0.098089,19.114670,3.000000,1.000000,0.675496,0.114265
183,0.098992,19.663528,3.000000,0.947878,0.776443,0.071653
183,0.100000,19.092926,3.000000,0.992227,0.800000,0.121649
183,0.094524,14.328571,2.000000,1.000000,0.578745,0.215523
183,0.093895,14.366319,2.000000,1.000000,0.597994,0.196795
183,0.098522,14.088703,2.000000,1.000000,0.708943,0.095289
183,0.095005,14.367925,2.000000,0.993998,0.783126,0.119516
183,0.100000,9.000000,1.000000,1.000000,0.591362,0.194375
183,0.089488,10.092819,1.000000,0.956001,0.788496,0.137098
183,0.093774,9.373537,1.000000,1.000000,0.800000,0.141511
184,0.096817,22.897873,5.000000,1.000000,0.782981,0.000000
184,0.098089,22.738895,5.000000,1.000000,0.675496,0.134957
184,0.094975,18.308714,4.000000,0.992365,0.645811,0.172618
184,0.094524,18.184532,4.000000,1.000000,0.578745,0.256323
184,0.100000,17.500000,4.000000,1.000000,0.591362,0.241629
184,0.100000,13.482741,3.000000,0.959886,0.657988,0.164419
184,0.100000,13.033090,3.000000,0.978445,0.708678,0.100520
184,0.100000,13.440054,3.000000,0.961662,0.754737,0.061069
184,0.100000,7.500000,2.000000,1.000000,0.698544,0.110242
184,0.095821,9.778867,2.000000,0.923770,0.766499,0.079590
184,0.100000,8.631761,2.000000,0.953656,0.778069,0.056556
184,0.095005,8.266501,2.000000,0.993998,0.783126,0.019088
184,0.098522,7.684779,2.000000,1.000000,0.708943,0.094105
184,0.093895,8.263169,2.000000,1.000000,0.597994,0.233073
184,0.100000,7.693595,2.000000,0.992227,0.800000,0.039066
184,0.098992,8.882351,2.000000,0.947878,0.776443,0.057066
184,0.089488,4.776707,1.000000,0.956001,0.788496,0.085760
184,0.100000,3.635588,1.000000,0.953495,0.782498,0.056358
184,0.098115,2.918998,1.000000,0.992498,0.693634,0.112685
184,0.093774,-1.721784,0.000000,1.000000,0.800000,0.037127
184,0.094492,-1.640187,0.000000,0.992722,0.651858,0.165705
184,0.100000,-0.333428,0.000000,0.909216,0.728859,0.117608
185,0.096817,35.401192,6.000000,1.000000,0.782981,0.000000
185,0.100000,35.623425,6.000000,0.959886,0.657988,0.164419
185,0.094524,30.510128,5.000000,1.000000,0.578745,0.256323
185,0.100000,30.680073,5.000000,0.953656,0.778069,0.056556
185,0.089488,26.115149,4.000000,0.956001,0.788496,0.085760
185,0.095005,25.541264,4.000000,0.993998,0.783126,0.019088
185,0.100000,25.323566,4.000000,0.992227,0.800000,0.039066
185,0.100000,20.681534,3.000000,0.953495,0.782498,0.056358
185,0.100000,20.250000,3.000000,1.000000,0.591362,0.241629
185,0.100000,15.452569,2.000000,0.978445,0.708678,0.100520
185,0.100000,15.250000,2.000000,1.000000,0.698544,0.110242
185,0.098089,10.340780,1.000000,1.000000,0.675496,0.134957
185,0.098992,10.775290,1.000000,0.947878,0.776443,0.057066
185,0.098522,10.320214,1.000000,1.000000,0.708943,0.094105
185,0.095821,11.115964,1.000000,0.923770,0.766499,0.079590
185,0.100000,10.607232,1.000000,0.961662,0.754737,0.061069
185,0.094975,10.557294,1.000000,0.992365,0.645811,0.172618
185,0.093895,5.540002,0.000000,1.000000,0.597994,0.233073
185,0.098115,5.409219,0.000000,0.992498,0.693634,0.112685
186,0.100000,35.907448,6.000000,0.953656,0.778069,0.000000
186,0.100000,35.569695,6.000000,0.992227,0.800000,0.047320
186,0.098522,25.566536,4.000000,1.000000,0.708943,0.099160
186,0.096817,25.643234,4.000000,1.000000,0.782981,0.056556
186,0.095821,21.320404,3.000000,0.923770,0.766499,0.053372
186,0.098992,20.997646,3.000000,0.947878,0.776443,0.011797
186,0.100000,20.908825,3.000000,0.953495,0.782498,0.005538
186,0.100000,20.691914,3.000000,0.978445,0.708678,0.090212
186,0.100000,20.500000,3.000000,1.000000,0.698544,0.109679
186,0.098089,20.586002,3.000000,1.000000,0.675496,0.137668
186,0.100000,15.500000,2.000000,1.000000,0.591362,0.237941
186,0.094975,15.791127,2.000000,0.992365,0.645811,0.177073
186,0.095005,15.775943,2.000000,0.993998,0.783126,0.064516
186,0.094524,15.746420,2.000000,1.000000,0.578745,0.259277
186,0.100000,15.853787,2.000000,0.959886,0.657988,0.150230
186,0.089488,11.319614,1.000000,0.956001,0.788496,0.105951
186,0.100000,10.838430,1.000000,0.961662,0.754737,0.030244
187,0.098522,40.566536,7.000000,1.000000,0.708943,0.000000
187,0.097880,30.595404,5.000000,1.000000,0.676604,0.040930
187,0.094126,26.169102,4.000000,0.951021,0.789466,0.120262
187,0.098992,25.997646,4.000000,0.947878,0.776443,0.099288
187,0.100000,25.500000,4.000000,1.000000,0.698544,0.019685
187,0.095821,21.320398,3.000000,0.923770,0.766499,0.108243
187,0.100000,20.853792,3.000000,0.959886,0.657988,0.076710
187,0.095005,20.775938,3.000000,0.993998,0.783126,0.099355
187,0.100000,20.500000,3.000000,1.000000,0.591362,0.147717
187,0.094975,15.791129,2.000000,0.992365,0.645811,0.086853
187,0.100000,15.581175,2.000000,0.990939,0.800000,0.115135
187,0.098089,10.586002,1.000000,1.000000,0.675496,0.042032
187,0.100000,10.907438,1.000000,0.953656,0.778069,0.099160
187,0.100000,10.691900,1.000000,0.978445,0.708678,0.026139
187,0.089488,11.319614,1.000000,0.956001,0.788496,0.141370
187,0.100000,10.838430,1.000000,0.961662,0.754737,0.070464
187,0.100000,10.854704,1.000000,0.959779,0.660018,0.074674
187,0.100000,10.908812,1.000000,0.953495,0.782498,0.104091
187,0.092871,11.286638,1.000000,0.942624,0.732993,0.085961
187,0.100000,10.981339,1.000000,0.945007,0.771982,0.097222
187,0.097753,10.974352,1.000000,0.956637,0.788596,0.108872
187,0.094524,5.746420,0.000000,1.000000,0.578745,0.167585
187,0.096708,6.148841,0.000000,0.940716,0.707262,0.062032
187,0.100000,6.373362,0.000000,0.897730,0.728914,0.106305
187,0.100000,5.500000,0.000000,1.000000,0.774997,0.083881
187,0.096817,5.643234,0.000000,1.000000,0.782981,0.094105
187,0.100000,5.569690,0.000000,0.992227,0.800000,0.115041
188,0.097880,30.106010,5.000000,1.000000,0.676604,0.000000
188,0.098992,30.552927,5.000000,0.947878,0.776443,0.135702
188,0.098522,30.073929,5.000000,1.000000,0.708943,0.040930
188,0.094975,30.323479,5.000000,0.992365,0.645811,0.048822
188,0.094126,25.743446,4.000000,0.951021,0.789466,0.153986
188,0.100000,20.090183,3.000000,0.990939,0.800000,0.155959
188,0.100000,20.213238,3.000000,0.978445,0.708678,0.050214
188,0.100000,20.000000,3.000000,1.000000,0.591362,0.108640
188,0.095005,15.306596,2.000000,0.993998,0.783126,0.136354
188,0.095821,15.911557,2.000000,0.923770,0.766499,0.137338
188,0.098089,15.095558,2.000000,1.000000,0.675496,0.002506
188,0.100000,15.452695,2.000000,0.953656,0.778069,0.136688
188,0.100000,15.000000,2.000000,1.000000,0.698544,0.034664
188,0.097753,15.527053,2.000000,0.956637,0.788596,0.146558
188,0.100000,10.393085,1.000000,0.959886,0.657988,0.050990
188,0.100000,10.376034,1.000000,0.961662,0.754737,0.107042
188,0.100000,10.394115,1.000000,0.959779,0.660018,0.049969
188,0.100000,10.454235,1.000000,0.953495,0.782498,0.141892
188,0.092871,10.874043,1.000000,0.942624,0.732993,0.103778
188,0.089488,5.910683,0.000000,0.956001,0.788496,0.168940
188,0.100000,5.534815,0.000000,0.945007,0.771982,0.132995
189,0.098522,34.827621,6.000000,1.000000,0.708943,0.000000
189,0.100000,34.750000,6.000000,1.000000,0.698544,0.019685
189,0.094126,30.530603,5.000000,0.951021,0.789466,0.120262
189,0.100000,30.226963,5.000000,0.953495,0.782498,0.104091
189,0.097880,24.861309,4.000000,1.000000,0.676604,0.040930
189,0.100000,24.973900,4.000000,0.978445,0.708678,0.026139
189,0.098992,20.330587,3.000000,0.947878,0.776443,0.099288
189,0.094975,20.089653,3.000000,0.992365,0.645811,0.086853
189,0.098089,19.850336,3.000000,1.000000,0.675496,0.042032
189,0.092871,15.667734,2.000000,0.942624,0.732993,0.085961
189,0.100000,15.162754,2.000000,0.959886,0.657988,0.076710
189,0.095821,15.707132,2.000000,0.923770,0.766499,0.108243
189,0.095005,15.071924,2.000000,0.993998,0.783126,0.099355
189,0.100000,14.844707,2.000000,0.990939,0.800000,0.115135
189,0.100000,9.750000,1.000000,1.000000,0.591362,0.147717
189,0.100000,5.225338,0.000000,0.953656,0.778069,0.099160
189,0.097753,5.303404,0.000000,0.956637,0.788596,0.108872
189,0.100000,5.144835,0.000000,0.961662,0.754737,0.070464
189,0.100000,5.163821,0.000000,0.959779,0.660018,0.074674
190,0.100000,23.751114,5.000000,0.978445,0.708678,0.000000
190,0.100000,23.461926,5.000000,0.990939,0.800000,0.114834
190,0.100000,19.317490,4.000000,0.953495,0.782498,0.095588
190,0.098992,19.549410,4.000000,0.947878,0.776443,0.090615
190,0.094975,19.010183,4.000000,0.992365,0.645811,0.094308
190,0.100000,19.173788,4.000000,0.959886,0.657988,0.066024
190,0.095821,20.392159,4.000000,0.923770,0.766499,0.099797
190,0.095005,18.970490,4.000000,0.993998,0.783126,0.106757
190,0.100000,18.250000,4.000000,1.000000,0.591362,0.148220
190,0.098522,13.423718,3.000000,1.000000,0.708943,0.026139
190,0.097880,13.499104,3.000000,1.000000,0.676604,0.050214
190,0.092871,15.303963,3.000000,0.942624,0.732993,0.085380
190,0.100000,8.250000,2.000000,1.000000,0.698544,0.025002
190,0.094126,4.997099,1.000000,0.951021,0.789466,0.120004
190,0.098089,-1.525442,0.000000,1.000000,0.675496,0.050500
191,0.100000,20.750000,5.000000,1.000000,0.591362,0.000000
191,0.098522,20.960697,5.000000,1.000000,0.708943,0.147717
191,0.094126,22.868822,5.000000,0.951021,0.789466,0.259173
191,0.100000,16.007030,4.000000,0.990939,0.800000,0.260954
191,0.100000,17.044621,4.000000,0.953495,0.782498,0.243403
191,0.094975,16.671932,4.000000,0.992365,0.645811,0.084942
191,0.095005,16.623775,4.000000,0.993998,0.783126,0.244927
191,0.100000,11.357702,3.000000,0.978445,0.708678,0.148220
191,0.098992,12.325880,3.000000,0.947878,0.776443,0.237364
191,0.100000,11.870329,3.000000,0.959886,0.657988,0.092440
191,0.095821,13.347926,3.000000,0.923770,0.766499,0.235550
191,0.097880,11.052100,3.000000,1.000000,0.676604,0.108640
191,0.092871,8.241018,2.000000,0.942624,0.732993,0.199293
191,0.100000,5.750000,2.000000,1.000000,0.698544,0.133977
192,0.100000,40.908829,7.000000,0.953495,0.782498,0.000000
192,0.092875,35.888916,6.000000,0.991796,0.800000,0.083797
192,0.100000,30.500000,5.000000,1.000000,0.698544,0.114785
192,0.098992,25.997646,4.000000,0.947878,0.776443,0.013801
192,0.095821,21.320400,3.000000,0.923770,0.766499,0.055043
192,0.093022,20.814037,3.000000,1.000000,0.693528,0.139287
192,0.097583,21.348072,3.000000,0.911946,0.773184,0.049459
192,0.100000,20.803841,3.000000,0.965649,0.608024,0.218430
192,0.100000,15.691906,2.000000,0.978445,0.708678,0.095588
192,0.097880,15.595396,2.000000,1.000000,0.676604,0.141892
192,0.095005,15.775933,2.000000,0.993998,0.783126,0.064312
192,0.100000,15.500000,2.000000,1.000000,0.800000,0.051394
192,0.095053,16.072250,2.000000,0.958262,0.755740,0.059909
192,0.098522,15.566526,2.000000,1.000000,0.708943,0.104091
192,0.100000,10.853777,1.000000,0.959886,0.657988,0.155768
192,0.092871,11.286638,1.000000,0.942624,0.732993,0.095027
192,0.094975,10.791121,1.000000,0.992365,0.645811,0.182286
192,0.094126,11.169102,1.000000,0.951021,0.789466,0.059438
192,0.100000,5.500000,0.000000,1.000000,0.591362,0.243403
192,0.100000,5.786915,0.000000,0.967596,0.720307,0.079006
192,0.100000,5.581179,0.000000,0.990939,0.800000,0.043368
193,0.098522,39.827621,7.000000,1.000000,0.708943,0.000000
193,0.092875,35.203735,6.000000,0.991796,0.800000,0.127323
193,0.100000,35.162750,6.000000,0.959886,0.657988,0.076710
193,0.095821,25.707138,4.000000,0.923770,0.766499,0.108243
193,0.097880,19.861307,3.000000,1.000000,0.676604,0.040930
193,0.093022,20.116377,3.000000,1.000000,0.693528,0.058279
193,0.098992,20.330587,3.000000,0.947878,0.776443,0.099288
193,0.100000,19.750000,3.000000,1.000000,0.698544,0.019685
193,0.097583,15.739412,2.000000,0.911946,0.773184,0.119541
193,0.100000,15.226952,2.000000,0.953495,0.782498,0.104091
193,0.092871,15.667730,2.000000,0.942624,0.732993,0.085961
193,0.094975,15.089651,2.000000,0.992365,0.645811,0.086853
193,0.094126,15.530619,2.000000,0.951021,0.789466,0.120262
193,0.100000,10.104481,1.000000,0.965649,0.608024,0.131574
193,0.100000,9.973884,1.000000,0.978445,0.708678,0.026139
193,0.095005,10.071937,1.000000,0.993998,0.783126,0.099355
193,0.100000,9.750000,1.000000,1.000000,0.800000,0.114778
193,0.095053,10.417625,1.000000,0.958262,0.755740,0.079796
194,0.092875,30.888916,5.000000,0.991796,0.800000,0.000000
194,0.090453,21.087013,3.000000,0.980475,0.788891,0.030130
194,0.100000,21.112797,3.000000,0.929421,0.763047,0.105360
194,0.094975,20.791128,3.000000,0.992365,0.645811,0.193878
194,0.100000,20.908823,3.000000,0.953495,0.782498,0.083797
194,0.097583,21.348074,3.000000,0.911946,0.773184,0.098568
194,0.100000,20.500000,3.000000,1.000000,0.698544,0.145695
194,0.098992,20.997646,3.000000,0.947878,0.776443,0.080853
194,0.093022,20.814037,3.000000,1.000000,0.693528,0.133351
194,0.097880,20.595404,3.000000,1.000000,0.676604,0.162369
194,0.092871,16.286625,2.000000,0.942624,0.732993,0.097125
194,0.100000,15.853786,2.000000,0.959886,0.657988,0.193923
194,0.089124,16.164438,2.000000,0.977936,0.743022,0.081681
194,0.095005,15.775943,2.000000,0.993998,0.783126,0.030057
194,0.098522,10.566519,1.000000,1.000000,0.708943,0.127323
194,0.096250,10.668777,1.000000,1.000000,0.716750,0.109703
194,0.100000,10.531998,1.000000,0.996438,0.636397,0.216610
194,0.099328,10.742489,1.000000,0.975971,0.751620,0.089839
194,0.095053,11.072248,1.000000,0.958262,0.755740,0.068261
194,0.100000,10.500000,1.000000,1.000000,0.800000,0.071719
194,0.100000,10.691900,1.000000,0.978445,0.708678,0.135223
194,0.100000,10.803841,1.000000,0.965649,0.608024,0.251685
194,0.094126,11.169102,1.000000,0.951021,0.789466,0.044635
194,0.095821,11.320387,1.000000,0.923770,0.766499,0.085141
194,0.094527,5.746305,0.000000,1.000000,0.747476,0.068196
194,0.094214,6.087009,0.000000,0.960705,0.637815,0.205538
195,0.100000,35.250000,6.000000,1.000000,0.698544,0.000000
195,0.096250,25.428154,4.000000,1.000000,0.716750,0.043870
195,0.098522,25.320230,4.000000,1.000000,0.708943,0.019685
195,0.093022,25.581484,4.000000,1.000000,0.693528,0.070066
195,0.092871,26.080328,4.000000,0.942624,0.732993,0.101139
195,0.100000,20.681526,3.000000,0.953495,0.782498,0.114785
195,0.100000,20.452576,3.000000,0.978445,0.708678,0.025002
195,0.095053,15.854042,2.000000,0.958262,0.755740,0.096443
195,0.095005,15.541262,2.000000,0.993998,0.783126,0.117087
195,0.092875,15.660522,2.000000,0.991796,0.800000,0.145695
195,0.100000,15.250000,2.000000,1.000000,0.800000,0.126820
195,0.097880,15.350707,2.000000,1.000000,0.676604,0.034664
195,0.100000,15.570721,2.000000,0.965649,0.608024,0.118249
195,0.100000,15.896841,2.000000,0.929421,0.763047,0.107156
195,0.095821,16.115978,2.000000,0.923770,0.766499,0.121543
195,0.094126,10.956274,1.000000,0.951021,0.789466,0.136992
195,0.089124,10.951364,1.000000,0.977936,0.743022,0.124123
195,0.099328,10.505960,1.000000,0.975971,0.751620,0.070882
195,0.098992,10.775291,1.000000,0.947878,0.776443,0.110906
195,0.097583,11.145173,1.000000,0.911946,0.773184,0.130548
195,0.094975,10.557294,1.000000,0.992365,0.645811,0.083235
195,0.100000,5.283775,0.000000,0.996438,0.636397,0.077766
195,0.100000,5.623436,0.000000,0.959886,0.657988,0.064645
195,0.090453,5.869630,0.000000,0.980475,0.788891,0.149165
196,0.092875,44.746948,8.000000,0.991796,0.800000,0.000000
196,0.096250,29.465660,5.000000,1.000000,0.716750,0.109703
196,0.100000,29.495228,5.000000,0.978445,0.708678,0.135223
196,0.098992,24.885881,4.000000,0.947878,0.776443,0.080853
196,0.095821,25.298292,4.000000,0.923770,0.766499,0.085141
196,0.094126,20.104963,3.000000,0.951021,0.789466,0.044635
196,0.098522,14.335008,2.000000,1.000000,0.708943,0.127323
196,0.100000,14.250000,2.000000,1.000000,0.698544,0.145695
196,0.097583,15.333643,2.000000,0.911946,0.773184,0.098568
196,0.100000,14.772379,2.000000,0.953495,0.782498,0.083797
196,0.095005,14.602592,2.000000,0.993998,0.783126,0.030057
196,0.099328,14.559847,2.000000,0.975971,0.751620,0.089839
196,0.097880,14.371894,2.000000,1.000000,0.676604,0.162369
196,0.089124,15.099006,2.000000,0.977936,0.743022,0.081681
196,0.094975,9.621987,1.000000,0.992365,0.645811,0.193878
196,0.100000,9.250000,1.000000,1.000000,0.800000,0.071719
196,0.095053,9.981209,1.000000,0.958262,0.755740,0.068261
196,0.092871,10.255149,1.000000,0.942624,0.732993,0.097125
196,0.093022,9.651270,1.000000,1.000000,0.693528,0.133351
196,0.100000,5.033018,0.000000,0.929421,0.763047,0.105360
196,0.100000,4.638248,0.000000,0.965649,0.608024,0.251685
197,0.098522,34.827625,6.000000,1.000000,0.708943,0.000000
197,0.100000,29.750000,5.000000,1.000000,0.698544,0.019685
197,0.098992,25.330587,4.000000,0.947878,0.776443,0.099288
197,0.095005,25.071920,4.000000,0.993998,0.783126,0.099355
197,0.094975,20.089653,3.000000,0.992365,0.645811,0.086853
197,0.094126,20.530619,3.000000,0.951021,0.789466,0.120262
197,0.089124,20.525177,3.000000,0.977936,0.743022,0.105514
197,0.092875,20.203735,3.000000,0.991796,0.800000,0.127323
197,0.097880,19.861309,3.000000,1.000000,0.676604,0.040930
197,0.100000,15.226948,2.000000,0.953495,0.782498,0.104091
197,0.093022,15.116377,2.000000,1.000000,0.693528,0.058279
197,0.100000,14.750000,2.000000,1.000000,0.800000,0.114778
197,0.099328,15.032904,2.000000,0.975971,0.751620,0.059061
197,0.097583,15.739416,2.000000,0.911946,0.773184,0.119541
197,0.100000,14.973884,2.000000,0.978445,0.708678,0.026139
197,0.096250,14.946907,2.000000,1.000000,0.716750,0.024729
197,0.095053,10.417625,1.000000,0.958262,0.755740,0.079796
197,0.092871,10.667745,1.000000,0.942624,0.732993,0.085961
197,0.095821,5.707124,0.000000,0.923770,0.766499,0.108243
198,0.100000,39.500000,7.000000,1.000000,0.698544,0.000000
198,0.095005,29.837254,5.000000,0.993998,0.783126,0.117087
198,0.098522,29.581314,5.000000,1.000000,0.708943,0.019685
198,0.100000,29.734562,5.000000,0.978445,0.708678,0.025002
198,0.098992,25.108234,4.000000,0.947878,0.776443,0.110906
198,0.097583,25.536531,4.000000,0.911946,0.773184,0.130548
198,0.092871,20.461430,3.000000,0.942624,0.732993,0.101139
198,0.094126,20.317791,3.000000,0.951021,0.789466,0.136992
198,0.100000,14.999667,2.000000,0.953495,0.782498,0.114785
198,0.093022,14.883823,2.000000,1.000000,0.693528,0.070066
198,0.100000,14.500000,2.000000,1.000000,0.800000,0.126820
198,0.089124,15.312096,2.000000,0.977936,0.743022,0.124123
198,0.094975,14.855823,2.000000,0.992365,0.645811,0.083235
198,0.092875,9.975342,1.000000,0.991796,0.800000,0.145695
198,0.097880,9.616590,1.000000,1.000000,0.676604,0.034664
198,0.096250,9.706284,1.000000,1.000000,0.716750,0.043870
198,0.095053,10.199417,1.000000,0.958262,0.755740,0.096443
198,0.099328,4.796375,0.000000,0.975971,0.751620,0.070882
199,0.100000,44.250000,8.000000,1.000000,0.800000,0.000000
199,0.095005,29.602581,5.000000,0.993998,0.783126,0.054551
199,0.097880,29.371904,5.000000,1.000000,0.676604,0.155695
199,0.097583,25.333652,4.000000,0.911946,0.773184,0.097270
199,0.094126,25.104963,4.000000,0.951021,0.789466,0.077609
199,0.089124,25.099003,4.000000,0.977936,0.743022,0.131864
199,0.098522,19.335005,3.000000,1.000000,0.708943,0.114778
199,0.092871,20.255138,3.000000,0.942624,0.732993,0.124057
199,0.092875,19.746948,3.000000,0.991796,0.800000,0.071719
199,0.093022,19.651270,3.000000,1.000000,0.693528,0.150277
199,0.100000,14.772370,2.000000,0.953495,0.782498,0.051394
199,0.096250,14.465660,2.000000,1.000000,0.716750,0.110614
199,0.100000,14.495215,2.000000,0.978445,0.708678,0.116170
199,0.100000,9.250000,1.000000,1.000000,0.698544,0.126820
199,0.098992,9.885881,1.000000,0.947878,0.776443,0.060708
199,0.094975,4.621987,0.000000,0.992365,0.645811,0.199325
199,0.095053,4.981202,0.000000,0.958262,0.755740,0.085151
200,0.100000,39.999672,7.000000,0.953495,0.782498,0.000000
200,0.097583,30.536530,5.000000,0.911946,0.773184,0.049459
200,0.094126,30.317791,5.000000,0.951021,0.789466,0.059438
200,0.098522,29.581318,5.000000,1.000000,0.708943,0.104091
200,0.096250,29.706284,5.000000,1.000000,0.716750,0.101605
200,0.095005,24.837255,4.000000,0.993998,0.783126,0.064312
200,0.097880,24.616610,4.000000,1.000000,0.676604,0.141892
200,0.100000,19.500000,3.000000,1.000000,0.800000,0.051394
200,0.092875,19.975342,3.000000,0.991796,0.800000,0.083797
200,0.093022,19.883823,3.000000,1.000000,0.693528,0.139287
200,0.092871,15.461436,2.000000,0.942624,0.732993,0.095027
200,0.100000,14.734545,2.000000,0.978445,0.708678,0.095588
200,0.089124,10.312105,1.000000,0.977936,0.743022,0.121905
200,0.098992,10.108234,1.000000,0.947878,0.776443,0.013801
200,0.100000,4.500000,0.000000,1.000000,0.698544,0.114785
201,0.094126,35.530617,6.000000,0.951021,0.789466,0.000000
201,0.097880,34.861290,6.000000,1.000000,0.676604,0.153986
201,0.089124,35.525192,6.000000,0.977936,0.743022,0.081219
201,0.100000,30.226963,5.000000,0.953495,0.782498,0.059438
201,0.097583,25.739414,4.000000,0.911946,0.773184,0.056001
201,0.096250,24.946907,4.000000,1.000000,0.716750,0.105413
201,0.095005,25.071922,4.000000,0.993998,0.783126,0.044577
201,0.098522,19.827621,3.000000,1.000000,0.708943,0.120262
201,0.092875,20.203735,3.000000,0.991796,0.800000,0.044635
201,0.093022,20.116377,3.000000,1.000000,0.693528,0.130010
201,0.092871,20.667728,3.000000,0.942624,0.732993,0.072188
201,0.098992,15.330587,2.000000,0.947878,0.776443,0.051409
201,0.100000,9.750000,1.000000,1.000000,0.800000,0.077609
201,0.100000,4.973884,0.000000,0.978445,0.708678,0.120004
202,0.097583,44.724998,8.000000,0.911946,0.773184,0.000000
202,0.094126,34.466469,6.000000,0.951021,0.789466,0.056001
202,0.089124,34.459751,6.000000,0.977936,0.743022,0.113715
202,0.093022,33.953587,6.000000,1.000000,0.693528,0.140528
202,0.098522,28.596104,5.000000,1.000000,0.708943,0.119541
202,0.092871,24.636232,4.000000,0.942624,0.732993,0.075401
202,0.097880,18.637806,3.000000,1.000000,0.676604,0.149456
202,0.092875,19.061768,3.000000,0.991796,0.800000,0.098568
202,0.098992,19.218822,3.000000,0.947878,0.776443,0.038810
202,0.100000,14.090510,2.000000,0.953495,0.782498,0.049459
202,0.096250,13.743790,2.000000,1.000000,0.716750,0.113611
202,0.095005,13.898578,2.000000,0.993998,0.783126,0.086898
202,0.100000,3.500000,0.000000,1.000000,0.800000,0.097270
203,0.094126,38.720123,8.000000,0.951021,0.789466,0.000000
203,0.092871,34.066166,7.000000,0.942624,0.732993,0.072188
203,0.095005,27.562466,6.000000,0.993998,0.783126,0.044577
203,0.098522,16.945904,4.000000,1.000000,0.708943,0.120262
203,0.097880,17.030928,4.000000,1.000000,0.676604,0.153986
203,0.098992,18.215292,4.000000,0.947878,0.776443,0.051409
203,0.096250,17.246956,4.000000,1.000000,0.716750,0.105413
203,0.097583,14.247096,3.000000,0.911946,0.773184,0.056001
203,0.089124,13.706397,3.000000,0.977936,0.743022,0.081219
203,0.093022,12.674665,3.000000,1.000000,0.693528,0.130010
203,0.092875,7.895142,2.000000,0.991796,0.800000,0.044635
203,0.100000,7.953732,2.000000,0.953495,0.782498,0.059438
204,0.092871,40.667732,7.000000,0.942624,0.732993,0.000000
204,0.089124,35.525196,6.000000,0.977936,0.743022,0.052989
204,0.098972,35.137535,6.000000,0.967368,0.687797,0.086757
204,0.097880,29.861311,5.000000,1.000000,0.676604,0.103778
204,0.096250,24.946907,4.000000,1.000000,0.716750,0.069612
204,0.094105,25.514637,4.000000,0.952823,0.800000,0.085275
204,0.095005,20.071926,3.000000,0.993998,0.783126,0.083797
204,0.098522,19.827620,3.000000,1.000000,0.708943,0.085961
204,0.093022,20.116377,3.000000,1.000000,0.693528,0.075683
204,0.092875,20.203735,3.000000,0.991796,0.800000,0.097125
204,0.097583,15.739412,2.000000,0.911946,0.773184,0.075401
204,0.100000,15.226959,2.000000,0.953495,0.782498,0.095027
204,0.098992,10.330587,1.000000,0.947878,0.776443,0.082001
204,0.099297,10.522307,1.000000,0.926787,0.768756,0.079870
204,0.094126,5.530619,0.000000,0.951021,0.789466,0.072188
205,0.092875,32.666748,7.000000,0.991796,0.800000,0.000000
205,0.095005,27.327827,6.000000,0.993998,0.783126,0.030057
205,0.096250,22.006332,5.000000,1.000000,0.716750,0.109703
205,0.098522,21.699604,5.000000,1.000000,0.708943,0.127323
205,0.093022,22.442112,5.000000,1.000000,0.693528,0.133351
205,0.097583,19.044224,4.000000,0.911946,0.773184,0.098568
205,0.094105,13.466209,3.000000,0.952823,0.800000,0.040867
205,0.100000,12.726460,3.000000,0.953495,0.782498,0.083797
205,0.099297,13.485897,3.000000,0.926787,0.768756,0.099376
205,0.092871,8.859902,2.000000,0.942624,0.732993,0.097125
205,0.089124,8.493338,2.000000,0.977936,0.743022,0.081681
205,0.098972,7.496539,2.000000,0.967368,0.687797,0.154871
205,0.097880,6.786189,2.000000,1.000000,0.676604,0.162369
205,0.098992,2.992924,1.000000,0.947878,0.776443,0.080853
206,0.092875,50.432129,9.000000,0.991796,0.800000,0.000000
206,0.095005,25.306593,4.000000,0.993998,0.783126,0.030057
206,0.089124,25.738268,4.000000,0.977936,0.743022,0.081681
206,0.098972,20.369078,3.000000,0.967368,0.687797,0.154871
206,0.100000,21.243782,3.000000,0.866743,0.800000,0.143926
206,0.090147,20.825539,3.000000,0.962364,0.800000,0.040132
206,0.098522,20.073923,3.000000,1.000000,0.708943,0.127323
206,0.099297,20.735514,3.000000,0.926787,0.768756,0.099376
206,0.092871,15.874030,2.000000,0.942624,0.732993,0.097125
206,0.097880,15.105993,2.000000,1.000000,0.676604,0.162369
206,0.097583,15.942298,2.000000,0.911946,0.773184,0.098568
206,0.100000,15.000000,2.000000,1.000000,0.792983,0.072254
206,0.100000,15.000000,2.000000,1.000000,0.720897,0.122150
206,0.086620,15.668987,2.000000,1.000000,0.743726,0.094488
206,0.100000,10.454235,1.000000,0.953495,0.782498,0.083797
206,0.096250,10.187527,1.000000,1.000000,0.716750,0.109703
206,0.094105,10.728226,1.000000,0.952823,0.800000,0.040867
206,0.098992,10.552940,1.000000,0.947878,0.776443,0.080853
206,0.100000,10.000000,1.000000,1.000000,0.750424,0.094784
206,0.093022,10.348930,1.000000,1.000000,0.693528,0.133351
207,0.100000,30.681541,5.000000,0.953495,0.782498,0.000000
207,0.100000,25.250000,4.000000,1.000000,0.720897,0.089955
207,0.100000,25.250000,4.000000,1.000000,0.792983,0.048317
207,0.099297,25.948738,4.000000,0.926787,0.768756,0.032523
207,0.095005,20.541264,3.000000,0.993998,0.783126,0.064312
207,0.098992,20.775293,3.000000,0.947878,0.776443,0.013801
207,0.094105,20.941814,3.000000,0.952823,0.800000,0.062882
207,0.086620,20.885544,3.000000,1.000000,0.743726,0.149713
207,0.098522,20.320229,3.000000,1.000000,0.708943,0.104091
207,0.100000,21.431593,3.000000,0.866743,0.800000,0.089468
207,0.090147,16.034262,2.000000,0.962364,0.800000,0.101319
207,0.098972,15.600622,2.000000,0.967368,0.687797,0.119629
207,0.092875,15.660522,2.000000,0.991796,0.800000,0.083797
207,0.093022,15.581484,2.000000,1.000000,0.693528,0.139287
207,0.100000,15.814073,2.000000,0.938747,0.772544,0.019295
207,0.091818,11.252734,1.000000,0.926929,0.800000,0.088764
207,0.094866,11.344147,1.000000,0.900724,0.791650,0.074508
207,0.100000,10.250000,1.000000,1.000000,0.750424,0.061402
207,0.095599,10.902784,1.000000,0.949882,0.644446,0.178124
207,0.085360,11.141205,1.000000,0.975554,0.765450,0.149576
207,0.095061,6.245176,0.000000,0.911901,0.800000,0.068180
207,0.092871,6.080336,0.000000,0.942624,0.732993,0.095027
207,0.092227,5.858409,0.000000,0.972315,0.680931,0.150046
207,0.091167,5.669559,0.000000,1.000000,0.760059,0.103688
207,0.089124,5.951359,0.000000,0.977936,0.743022,0.121905
207,0.096250,5.428149,0.000000,1.000000,0.716750,0.101605
207,0.097583,6.145173,0.000000,0.911946,0.773184,0.049459
207,0.097880,5.350697,0.000000,1.000000,0.676604,0.141892
208,0.095005,49.837276,9.000000,0.993998,0.783126,0.000000
208,0.100000,29.999664,5.000000,0.953495,0.782498,0.064312
208,0.100000,29.500000,5.000000,1.000000,0.792983,0.051795
208,0.100000,30.153135,5.000000,0.938747,0.772544,0.075647
208,0.090147,25.408092,4.000000,0.962364,0.800000,0.061691
208,0.099297,20.309076,3.000000,0.926787,0.768756,0.081744
208,0.095599,20.255856,3.000000,0.949882,0.644446,0.178975
208,0.086620,20.235884,3.000000,1.000000,0.743726,0.097430
208,0.100000,14.500000,2.000000,1.000000,0.720897,0.092637
208,0.098972,14.905997,2.000000,0.967368,0.687797,0.128384
208,0.100000,15.868160,2.000000,0.866743,0.800000,0.138324
208,0.098992,15.108234,2.000000,0.947878,0.776443,0.061532
208,0.092875,9.975342,1.000000,0.991796,0.800000,0.030057
208,0.093022,9.883823,1.000000,1.000000,0.693528,0.113900
208,0.094105,10.301048,1.000000,0.952823,0.800000,0.047130
208,0.091818,10.661058,1.000000,0.926929,0.800000,0.077194
208,0.085360,10.531921,1.000000,0.975554,0.765450,0.100652
208,0.098522,4.581307,0.000000,1.000000,0.708943,0.099355
208,0.094866,5.766912,0.000000,0.900724,0.791650,0.093890
208,0.100000,4.500000,0.000000,1.000000,0.750424,0.064823
209,0.095005,24.837248,4.000000,0.993998,0.783126,0.000000
209,0.100000,24.500000,4.000000,1.000000,0.792983,0.051795
209,0.094105,25.301048,4.000000,0.952823,0.800000,0.047130
209,0.098992,25.108234,4.000000,0.947878,0.776443,0.061532
209,0.086620,25.235884,4.000000,1.000000,0.743726,0.097430
209,0.100000,25.868160,4.000000,0.866743,0.800000,0.138324
209,0.100000,19.999660,3.000000,0.953495,0.782498,0.064312
209,0.091818,20.661076,3.000000,0.926929,0.800000,0.077194
209,0.093022,19.883823,3.000000,1.000000,0.693528,0.113900
209,0.100000,19.500000,3.000000,1.000000,0.720897,0.092637
209,0.090147,20.408092,3.000000,0.962364,0.800000,0.061691
209,0.100000,20.153135,3.000000,0.938747,0.772544,0.075647
209,0.098972,14.905995,2.000000,0.967368,0.687797,0.128384
209,0.095599,15.255856,2.000000,0.949882,0.644446,0.178975
209,0.092875,14.975342,2.000000,0.991796,0.800000,0.030057
209,0.099297,15.309078,2.000000,0.926787,0.768756,0.081744
209,0.085360,5.531921,0.000000,0.975554,0.765450,0.100652
210,0.093022,20.698023,6.000000,1.000000,0.693528,0.000000
210,0.098992,16.544703,5.000000,0.947878,0.776443,0.130473
210,0.100000,16.135149,5.000000,0.953495,0.782498,0.139287
210,0.098972,10.781693,4.000000,0.967368,0.687797,0.068243
210,0.095599,12.101637,4.000000,0.949882,0.644446,0.083310
210,0.095005,5.522390,3.000000,0.993998,0.783126,0.113900
210,0.100000,4.250000,3.000000,1.000000,0.792983,0.142567
210,0.094105,7.272139,3.000000,0.952823,0.800000,0.141620
210,0.100000,9.411695,3.000000,0.866743,0.800000,0.200849
210,0.091818,8.630400,3.000000,0.926929,0.800000,0.152307
210,0.090147,7.675986,3.000000,0.962364,0.800000,0.141265
210,0.086620,2.026357,2.000000,1.000000,0.743726,0.089640
210,0.100000,1.714151,2.000000,0.938747,0.772544,0.135563
210,0.099297,2.302438,2.000000,0.926787,0.768756,0.134689
210,0.100000,-5.750000,1.000000,1.000000,0.720897,0.077720
210,0.092875,-3.956673,1.000000,0.991796,0.800000,0.133351
211,0.090147,39.146473,8.000000,0.962364,0.800000,0.000000
211,0.095599,28.786568,6.000000,0.949882,0.644446,0.202328
211,0.093022,17.907219,4.000000,1.000000,0.693528,0.141265
211,0.095005,17.797134,4.000000,0.993998,0.783126,0.061691
211,0.100000,17.000000,4.000000,1.000000,0.792983,0.105838
211,0.100000,13.181029,3.000000,0.953495,0.782498,0.101319
211,0.094105,13.893387,3.000000,0.952823,0.800000,0.040714
211,0.100000,15.233833,3.000000,0.866743,0.800000,0.137301
211,0.091818,14.744363,3.000000,0.926929,0.800000,0.039177
211,0.086620,13.739377,3.000000,1.000000,0.743726,0.087227
211,0.099297,13.912348,3.000000,0.926787,0.768756,0.105657
211,0.098992,8.437645,2.000000,0.947878,0.776443,0.094340
211,0.098972,7.959624,2.000000,0.967368,0.687797,0.165784
211,0.100000,8.543810,2.000000,0.938747,0.772544,0.106976
212,0.093022,34.651268,6.000000,1.000000,0.693528,0.000000
212,0.094647,34.646614,6.000000,0.991805,0.618840,0.095117
212,0.100000,24.250000,4.000000,1.000000,0.792983,0.142567
212,0.098972,24.674446,4.000000,0.967368,0.687797,0.068243
212,0.098992,24.885881,4.000000,0.947878,0.776443,0.130473
212,0.090147,20.199369,3.000000,0.962364,0.800000,0.141265
212,0.100000,19.932835,3.000000,0.938747,0.772544,0.135563
212,0.091818,20.463852,3.000000,0.926929,0.800000,0.152307
212,0.095599,15.040213,2.000000,0.949882,0.644446,0.083310
212,0.094661,14.556995,2.000000,1.000000,0.739494,0.059752
212,0.093078,15.471782,2.000000,0.919826,0.800000,0.155375
212,0.099297,15.095857,2.000000,0.926787,0.768756,0.134689
212,0.100000,15.680349,2.000000,0.866743,0.800000,0.200849
212,0.094105,15.087460,2.000000,0.952823,0.800000,0.141620
212,0.100000,14.772375,2.000000,0.953495,0.782498,0.139287
212,0.086620,10.019353,1.000000,1.000000,0.743726,0.089640
212,0.095525,9.888029,1.000000,0.964722,0.776714,0.112622
212,0.095005,9.602597,1.000000,0.993998,0.783126,0.113900
212,0.099441,4.514918,0.000000,0.979434,0.641022,0.094083
213,0.100000,35.908825,6.000000,0.953495,0.782498,0.000000
213,0.098972,25.832170,4.000000,0.967368,0.687797,0.119629
213,0.090147,26.242985,4.000000,0.962364,0.800000,0.101319
213,0.100000,26.034386,4.000000,0.938747,0.772544,0.019295
213,0.099297,26.161963,4.000000,0.926787,0.768756,0.032523
213,0.093022,20.814037,3.000000,1.000000,0.693528,0.139287
213,0.100000,20.500000,3.000000,1.000000,0.792983,0.048317
213,0.098992,20.997646,3.000000,0.947878,0.776443,0.013801
213,0.095599,21.118427,3.000000,0.949882,0.644446,0.178124
213,0.093078,21.456179,3.000000,0.919826,0.800000,0.080021
213,0.094105,21.155403,3.000000,0.952823,0.800000,0.062882
213,0.094647,15.810398,2.000000,0.991805,0.618840,0.214901
213,0.086620,16.102087,2.000000,1.000000,0.743726,0.149713
213,0.094661,15.740257,2.000000,1.000000,0.739494,0.088897
213,0.100000,11.619404,1.000000,0.866743,0.800000,0.089468
213,0.091818,11.449957,1.000000,0.926929,0.800000,0.088764
213,0.095525,10.999329,1.000000,0.964722,0.776714,0.046701
213,0.095005,10.775946,1.000000,0.993998,0.783126,0.064312
214,0.095599,50.471519,9.000000,0.949882,0.644446,0.000000
214,0.091421,25.422512,4.000000,0.976589,0.800000,0.200667
214,0.096802,25.437168,4.000000,0.947535,0.589408,0.069880
214,0.099297,25.522293,4.000000,0.926787,0.768756,0.161388
214,0.094661,25.030300,4.000000,1.000000,0.739494,0.129289
214,0.100000,21.055971,3.000000,0.866743,0.800000,0.216001
214,0.099128,19.795746,3.000000,1.000000,0.718860,0.111398
214,0.094105,15.514637,2.000000,0.952823,0.800000,0.195038
214,0.100000,15.123812,2.000000,0.963741,0.800000,0.199841
214,0.094177,15.075241,2.000000,0.998023,0.638989,0.050661
214,0.093022,15.116377,2.000000,1.000000,0.693528,0.083310
214,0.100000,15.373456,2.000000,0.938747,0.772544,0.166432
214,0.095525,15.332550,2.000000,0.964722,0.776714,0.166001
214,0.100000,9.750000,1.000000,1.000000,0.792983,0.197287
214,0.090147,10.616818,1.000000,0.962364,0.800000,0.202328
214,0.100000,10.280660,1.000000,0.948115,0.786469,0.182910
214,0.087604,10.400803,1.000000,1.000000,0.800000,0.216132
214,0.100000,10.501900,1.000000,0.925626,0.738031,0.127316
214,0.094647,10.112131,1.000000,0.991805,0.618840,0.053598
214,0.093078,10.865533,1.000000,0.919826,0.800000,0.198361
214,0.095005,5.071930,0.000000,0.993998,0.783126,0.178975
214,0.091818,5.858288,0.000000,0.926929,0.800000,0.199411
214,0.100000,5.226947,0.000000,0.953495,0.782498,0.178124
214,0.100000,5.793249,0.000000,0.895146,0.771068,0.173160
214,0.097724,5.725429,0.000000,0.912780,0.780988,0.175951
214,0.086620,5.452453,0.000000,1.000000,0.743726,0.161170
214,0.098992,5.330581,0.000000,0.947878,0.776443,0.168460
214,0.091281,5.872502,0.000000,0.928058,0.800000,0.200374
214,0.098972,5.137546,0.000000,0.967368,0.687797,0.066179
215,0.099297,35.948761,6.000000,0.926787,0.768756,0.000000
215,0.093022,35.581474,6.000000,1.000000,0.693528,0.134689
215,0.094105,35.941814,6.000000,0.952823,0.800000,0.069992
215,0.100000,30.250000,5.000000,1.000000,0.792983,0.079541
215,0.096802,25.871712,4.000000,0.947535,0.589408,0.226522
215,0.094177,25.544266,4.000000,0.998023,0.638989,0.184413
215,0.091421,20.858463,3.000000,0.976589,0.800000,0.101040
215,0.100000,21.431593,3.000000,0.866743,0.800000,0.071972
215,0.095599,20.902784,3.000000,0.949882,0.644446,0.161388
215,0.100000,15.588219,2.000000,0.963741,0.800000,0.054225
215,0.090147,16.034262,2.000000,0.962364,0.800000,0.105657
215,0.100000,15.730106,2.000000,0.948115,0.786469,0.031536
215,0.100000,15.930290,2.000000,0.925626,0.738031,0.039062
215,0.099128,10.291404,1.000000,1.000000,0.718860,0.096193
215,0.093078,11.259292,1.000000,0.919826,0.800000,0.073763
215,0.094661,5.503600,0.000000,1.000000,0.739494,0.094060
215,0.100000,5.814083,0.000000,0.938747,0.772544,0.014659
215,0.095525,5.777064,0.000000,0.964722,0.776714,0.054415
215,0.087604,5.838821,0.000000,1.000000,0.800000,0.143383
215,0.094647,5.577642,0.000000,0.991805,0.618840,0.203732
216,0.094105,45.301048,8.000000,0.952823,0.800000,0.000000
216,0.100000,29.500000,5.000000,1.000000,0.792983,0.076011
216,0.091421,25.204536,4.000000,0.976589,0.800000,0.035851
216,0.099128,24.547922,4.000000,1.000000,0.718860,0.122621
216,0.093078,25.668673,4.000000,0.919826,0.800000,0.034558
216,0.093022,19.883823,3.000000,1.000000,0.693528,0.141620
216,0.100000,20.868160,3.000000,0.866743,0.800000,0.104331
216,0.095599,20.255856,3.000000,0.949882,0.644446,0.195038
216,0.100000,19.891624,3.000000,0.963741,0.800000,0.059952
216,0.090147,20.408092,3.000000,0.962364,0.800000,0.040714
216,0.100000,20.287704,3.000000,0.925626,0.738031,0.101070
216,0.099297,15.309069,2.000000,0.926787,0.768756,0.069992
216,0.096802,15.219887,2.000000,0.947535,0.589408,0.264671
216,0.094177,14.840729,2.000000,0.998023,0.638989,0.206278
216,0.100000,10.055929,1.000000,0.948115,0.786469,0.061509
217,0.099297,35.309071,6.000000,0.926787,0.768756,0.000000
217,0.100000,29.891628,5.000000,0.963741,0.800000,0.054225
217,0.096802,30.219891,5.000000,0.947535,0.589408,0.226522
217,0.094105,25.301048,4.000000,0.952823,0.800000,0.069992
217,0.091421,25.204536,4.000000,0.976589,0.800000,0.101040
217,0.093022,24.883823,4.000000,1.000000,0.693528,0.134689
217,0.093078,20.668667,3.000000,0.919826,0.800000,0.073763
217,0.090147,20.408092,3.000000,0.962364,0.800000,0.105657
217,0.100000,20.055916,3.000000,0.948115,0.786469,0.031536
217,0.100000,15.868160,2.000000,0.866743,0.800000,0.071972
217,0.095599,15.255856,2.000000,0.949882,0.644446,0.161388
217,0.100000,15.287704,2.000000,0.925626,0.738031,0.039062
217,0.094177,14.840729,2.000000,0.998023,0.638989,0.184413
217,0.097743,10.680424,1.000000,0.896388,0.748688,0.042365
217,0.096879,9.671665,1.000000,1.000000,0.774325,0.077417
217,0.088490,10.133031,1.000000,1.000000,0.767073,0.130549
217,0.094986,9.775751,1.000000,1.000000,0.800000,0.093507
217,0.099128,9.547941,1.000000,1.000000,0.718860,0.096193
217,0.088090,5.783314,0.000000,0.932913,0.755571,0.113442
217,0.100000,4.500000,0.000000,1.000000,0.792983,0.079541
218,0.096879,40.398239,7.000000,1.000000,0.774325,0.000000
218,0.100000,31.431602,5.000000,0.866743,0.800000,0.140576
218,0.099128,25.291393,4.000000,1.000000,0.718860,0.072889
218,0.099297,25.948736,4.000000,0.926787,0.768756,0.077417
218,0.093078,26.259310,4.000000,0.919826,0.800000,0.094352
218,0.096802,25.871725,4.000000,0.947535,0.589408,0.237027
218,0.094105,20.941814,3.000000,0.952823,0.800000,0.063443
218,0.095599,20.902784,3.000000,0.949882,0.644446,0.170390
218,0.091421,15.858463,2.000000,0.976589,0.800000,0.067507
218,0.090147,16.034262,2.000000,0.962364,0.800000,0.083536
218,0.100000,15.730112,2.000000,0.948115,0.786469,0.062423
218,0.097743,16.269457,2.000000,0.896388,0.748688,0.108798
218,0.088490,15.796711,2.000000,1.000000,0.767073,0.084373
218,0.100000,15.588217,2.000000,0.963741,0.800000,0.057609
218,0.093022,10.581484,1.000000,1.000000,0.693528,0.108112
218,0.100000,10.930290,1.000000,0.925626,0.738031,0.092541
218,0.094177,10.544266,1.000000,0.998023,0.638989,0.171326
218,0.094986,10.488149,1.000000,1.000000,0.800000,0.037258
219,0.100000,35.280640,6.000000,0.948115,0.786469,0.000000
219,0.096879,29.913862,5.000000,1.000000,0.774325,0.062423
219,0.100000,25.501900,4.000000,0.925626,0.738031,0.064589
219,0.088490,25.354259,4.000000,1.000000,0.767073,0.128557
219,0.094986,20.013203,3.000000,1.000000,0.800000,0.074106
219,0.099069,20.656950,3.000000,0.913797,0.752493,0.055391
219,0.099128,19.795753,3.000000,1.000000,0.718860,0.099549
219,0.094105,15.514637,2.000000,0.952823,0.800000,0.061509
219,0.095599,15.471498,2.000000,0.949882,0.644446,0.182910
219,0.090147,15.616816,2.000000,0.962364,0.800000,0.100982
219,0.093078,15.865550,2.000000,0.919826,0.800000,0.076664
219,0.099297,15.522296,2.000000,0.926787,0.768756,0.031536
219,0.098762,15.114887,2.000000,0.970649,0.763996,0.038079
219,0.094177,15.075241,2.000000,0.998023,0.638989,0.199666
219,0.100000,9.767083,1.000000,0.998371,0.543511,0.307827
219,0.099289,10.834911,1.000000,0.893887,0.615917,0.220093
219,0.100000,9.750000,1.000000,1.000000,0.758619,0.062481
219,0.100000,11.055971,1.000000,0.866743,0.800000,0.083112
219,0.093022,10.116377,1.000000,1.000000,0.693528,0.145117
219,0.097743,10.876768,1.000000,0.896388,0.748688,0.073589
219,0.091421,10.422512,1.000000,0.976589,0.800000,0.091963
219,0.096802,10.437152,1.000000,0.947535,0.589408,0.248394
219,0.093636,6.562839,0.000000,0.836177,0.800000,0.129869
219,0.100000,5.123813,0.000000,0.963741,0.800000,0.023027
219,0.093063,5.315827,0.000000,0.979145,0.756422,0.084764
219,0.092094,5.996010,0.000000,0.910021,0.800000,0.089376
220,0.100000,30.501900,5.000000,0.925626,0.738031,0.000000
220,0.100000,29.750000,5.000000,1.000000,0.758619,0.078701
220,0.099128,29.795750,5.000000,1.000000,0.718860,0.078624
220,0.096879,24.913862,4.000000,1.000000,0.774325,0.092541
220,0.099297,20.522291,3.000000,0.926787,0.768756,0.039062
220,0.094177,20.075241,3.000000,0.998023,0.638989,0.154788
220,0.095599,20.471498,3.000000,0.949882,0.644446,0.127316
220,0.094986,20.013205,3.000000,1.000000,0.800000,0.118514
220,0.090147,15.616816,2.000000,0.962364,0.800000,0.130607
220,0.100000,15.280643,2.000000,0.948115,0.786469,0.064589
220,0.100000,14.767083,2.000000,0.998371,0.543511,0.253798
220,0.100000,16.055971,2.000000,0.866743,0.800000,0.097301
220,0.091421,15.422512,2.000000,0.976589,0.800000,0.126324
220,0.096802,15.437169,2.000000,0.947535,0.589408,0.189780
220,0.099069,10.656950,1.000000,0.913797,0.752493,0.023526
220,0.093078,10.865536,1.000000,0.919826,0.800000,0.104043
220,0.098762,10.114875,1.000000,0.970649,0.763996,0.056866
220,0.099289,10.834911,1.000000,0.893887,0.615917,0.156069
220,0.088490,10.354259,1.000000,1.000000,0.767073,0.141762
220,0.093022,10.116377,1.000000,1.000000,0.693528,0.116173
220,0.097743,10.876768,1.000000,0.896388,0.748688,0.039263
220,0.094105,5.514643,0.000000,0.952823,0.800000,0.101070
221,0.096879,29.913851,5.000000,1.000000,0.774325,0.000000
221,0.099069,30.656950,5.000000,0.913797,0.752493,0.093033
221,0.100000,24.750000,4.000000,1.000000,0.758619,0.036873
221,0.099128,24.795750,4.000000,1.000000,0.718860,0.072889
221,0.100000,25.501900,4.000000,0.925626,0.738031,0.092541
221,0.094177,25.075241,4.000000,0.998023,0.638989,0.171326
221,0.097743,20.876768,3.000000,0.896388,0.748688,0.108798
221,0.093022,20.116377,3.000000,1.000000,0.693528,0.108112
221,0.096802,20.437172,3.000000,0.947535,0.589408,0.237027
221,0.091421,20.422512,3.000000,0.976589,0.800000,0.067507
221,0.100000,14.767087,2.000000,0.998371,0.543511,0.290205
221,0.093078,15.865550,2.000000,0.919826,0.800000,0.094352
221,0.099297,15.522296,2.000000,0.926787,0.768756,0.077417
221,0.100000,11.055971,1.000000,0.866743,0.800000,0.140576
221,0.090147,10.616816,1.000000,0.962364,0.800000,0.083536
221,0.094986,10.013217,1.000000,1.000000,0.800000,0.037258
221,0.099289,10.834911,1.000000,0.893887,0.615917,0.225939
221,0.088490,10.354259,1.000000,1.000000,0.767073,0.084373
221,0.095599,10.471498,1.000000,0.949882,0.644446,0.170390
221,0.100000,5.280660,0.000000,0.948115,0.786469,0.062423
221,0.098762,5.114875,0.000000,0.970649,0.763996,0.037188
222,0.096879,19.499390,5.000000,1.000000,0.774325,0.000000
222,0.099297,16.353645,4.000000,0.926787,0.768756,0.077417
222,0.094177,14.991211,4.000000,0.998023,0.638989,0.171326
222,0.100000,14.052103,4.000000,0.998371,0.543511,0.290205
222,0.093022,15.116577,4.000000,1.000000,0.693528,0.108112
222,0.096802,16.094231,4.000000,0.947535,0.589408,0.237027
222,0.099069,11.764038,3.000000,0.913797,0.752493,0.093033
222,0.088490,10.841553,3.000000,1.000000,0.767073,0.084373
222,0.094986,9.802155,3.000000,1.000000,0.800000,0.037258
222,0.091421,11.049561,3.000000,0.976589,0.800000,0.067507
222,0.099128,9.139454,3.000000,1.000000,0.718860,0.072889
222,0.100000,9.000000,3.000000,1.000000,0.758619,0.036873
222,0.093078,7.399734,2.000000,0.919826,0.800000,0.094352
222,0.100000,6.291500,2.000000,0.925626,0.738031,0.092541
222,0.090147,6.641727,2.000000,0.962364,0.800000,0.083536
222,0.095599,1.198867,1.000000,0.949882,0.644446,0.170390
222,0.097743,-2.566043,0.000000,0.896388,0.748688,0.108798
222,0.100000,-2.019896,0.000000,0.866743,0.800000,0.140576
222,0.099289,-2.693598,0.000000,0.893887,0.615917,0.225939
223,0.088490,35.133034,6.000000,1.000000,0.767073,0.000000
223,0.096802,30.219894,5.000000,0.947535,0.589408,0.242861
223,0.099069,30.450138,5.000000,0.913797,0.752493,0.137670
223,0.094986,24.775734,4.000000,1.000000,0.800000,0.076901
223,0.091421,25.204536,4.000000,0.976589,0.800000,0.055685
223,0.096879,19.671665,3.000000,1.000000,0.774325,0.084373
223,0.099297,20.309072,3.000000,0.926787,0.768756,0.130549
223,0.093022,19.883823,3.000000,1.000000,0.693528,0.102492
223,0.099128,19.547935,3.000000,1.000000,0.718860,0.122265
223,0.100000,19.500000,3.000000,1.000000,0.758619,0.115580
223,0.095599,20.255856,3.000000,0.949882,0.644446,0.176243
223,0.094177,14.840729,2.000000,0.998023,0.638989,0.169916
223,0.100000,15.287704,2.000000,0.925626,0.738031,0.141762
223,0.090147,15.408092,2.000000,0.962364,0.800000,0.058180
223,0.100000,9.517897,1.000000,0.998371,0.543511,0.302231
223,0.093078,10.668653,1.000000,0.919826,0.800000,0.101128
224,0.099069,30.656950,5.000000,0.913797,0.752493,0.000000
224,0.096879,24.913862,4.000000,1.000000,0.774325,0.093033
224,0.093078,25.865551,4.000000,0.919826,0.800000,0.084565
224,0.094177,25.075241,4.000000,0.998023,0.638989,0.172096
224,0.100000,19.750000,3.000000,1.000000,0.800000,0.105091
224,0.091421,20.422512,3.000000,0.976589,0.800000,0.115405
224,0.099297,20.522289,3.000000,0.926787,0.768756,0.024233
224,0.093022,20.116377,3.000000,1.000000,0.693528,0.128532
224,0.099978,20.334232,3.000000,0.942825,0.800000,0.066721
224,0.100000,19.750000,3.000000,1.000000,0.758619,0.087042
224,0.100000,19.767094,3.000000,0.998371,0.543511,0.274735
224,0.095599,15.471498,2.000000,0.949882,0.644446,0.144037
224,0.088435,15.913693,2.000000,0.938156,0.800000,0.124208
224,0.100000,15.501896,2.000000,0.925626,0.738031,0.023526
224,0.099128,14.795747,2.000000,1.000000,0.718860,0.095910
224,0.090147,10.616816,1.000000,0.962364,0.800000,0.117664
224,0.096003,9.959825,1.000000,1.000000,0.629334,0.179083
224,0.094986,10.013217,1.000000,1.000000,0.800000,0.112356
224,0.096802,10.437152,1.000000,0.947535,0.589408,0.207869
224,0.088490,5.354254,0.000000,1.000000,0.767073,0.137670
224,0.090192,5.264938,0.000000,1.000000,0.799936,0.137215
225,0.100000,34.517899,6.000000,0.998371,0.543511,0.000000
225,0.099297,35.309086,6.000000,0.926787,0.768756,0.290599
225,0.096879,29.671665,5.000000,1.000000,0.774325,0.290205
225,0.100000,29.500000,5.000000,1.000000,0.758619,0.268890
225,0.099978,30.112047,5.000000,0.942825,0.800000,0.325388
225,0.100000,29.500000,5.000000,1.000000,0.800000,0.320616
225,0.091421,20.204536,3.000000,0.976589,0.800000,0.332606
225,0.093022,19.883823,3.000000,1.000000,0.693528,0.200092
225,0.100000,20.287704,3.000000,0.925626,0.738031,0.253798
225,0.095599,15.255856,2.000000,0.949882,0.644446,0.142149
225,0.099128,14.547930,2.000000,1.000000,0.718860,0.219366
225,0.094986,14.775738,2.000000,1.000000,0.800000,0.324512
225,0.093078,10.668653,1.000000,0.919826,0.800000,0.337271
225,0.099069,10.450138,1.000000,0.913797,0.752493,0.274735
225,0.088435,10.719091,1.000000,0.938156,0.800000,0.346111
225,0.094177,4.840729,0.000000,0.998023,0.638989,0.132796
225,0.090147,5.408099,0.000000,0.962364,0.800000,0.337337
225,0.096003,4.719810,0.000000,1.000000,0.629334,0.114492
225,0.096802,5.219880,0.000000,0.947535,0.589408,0.083056
226,0.099297,40.735538,7.000000,0.926787,0.768756,0.000000
226,0.096879,35.156055,6.000000,1.000000,0.774325,0.077417
226,0.100000,35.716095,6.000000,0.925626,0.738031,0.039062
226,0.100000,25.000000,4.000000,1.000000,0.758619,0.074634
226,0.091421,25.640488,4.000000,0.976589,0.800000,0.101040
226,0.093022,25.348930,4.000000,1.000000,0.693528,0.134689
226,0.095599,25.687141,4.000000,0.949882,0.644446,0.161388
226,0.099128,20.043571,3.000000,1.000000,0.718860,0.096193
226,0.094986,20.250673,3.000000,1.000000,0.800000,0.093507
226,0.099069,20.863762,3.000000,0.913797,0.752493,0.024233
226,0.100000,15.016277,2.000000,0.998371,0.543511,0.290599
226,0.088435,16.108278,2.000000,0.938156,0.800000,0.115988
226,0.100000,10.000000,1.000000,1.000000,0.800000,0.083276
226,0.093078,11.062412,1.000000,0.919826,0.800000,0.073763
226,0.099978,5.556393,0.000000,0.942825,0.800000,0.042765
227,0.093022,39.418697,7.000000,1.000000,0.693528,0.000000
227,0.094986,39.300808,7.000000,1.000000,0.800000,0.134533
227,0.095599,34.824585,6.000000,0.949882,0.644446,0.083310
227,0.100000,29.859314,5.000000,0.925626,0.738031,0.116173
227,0.099069,25.036514,4.000000,0.913797,0.752493,0.128532
227,0.088435,25.329939,4.000000,0.938156,0.800000,0.153758
227,0.099297,19.882635,3.000000,0.926787,0.768756,0.134689
227,0.100000,19.000000,3.000000,1.000000,0.758619,0.107192
227,0.099128,19.052284,3.000000,1.000000,0.718860,0.068791
227,0.100000,19.000000,3.000000,1.000000,0.800000,0.150277
227,0.096879,14.187271,2.000000,1.000000,0.774325,0.108112
227,0.091421,14.768585,2.000000,0.976589,0.800000,0.136079
227,0.100000,9.019524,1.000000,0.998371,0.543511,0.200092
227,0.093078,5.274901,0.000000,0.919826,0.800000,0.155375
228,0.091421,44.550610,8.000000,0.976589,0.800000,0.000000
228,0.100000,38.750000,7.000000,1.000000,0.758619,0.102879
228,0.096879,38.945053,7.000000,1.000000,0.774325,0.067507
228,0.093022,24.186163,4.000000,1.000000,0.693528,0.136079
228,0.094986,24.063339,4.000000,1.000000,0.800000,0.042655
228,0.095599,24.608927,4.000000,0.949882,0.644446,0.200667
228,0.099128,23.804459,4.000000,1.000000,0.718860,0.129522
228,0.100000,23.770353,4.000000,0.998371,0.543511,0.332606
228,0.099069,19.829702,3.000000,0.913797,0.752493,0.115405
228,0.099297,14.669406,2.000000,0.926787,0.768756,0.101040
228,0.100000,13.750000,2.000000,1.000000,0.800000,0.088929
228,0.088435,10.135331,1.000000,0.938156,0.800000,0.048669
228,0.100000,4.645111,0.000000,0.925626,0.738031,0.126324
229,0.096879,39.671650,7.000000,1.000000,0.774325,0.000000
229,0.094986,39.775749,7.000000,1.000000,0.800000,0.037258
229,0.099069,35.450134,6.000000,0.913797,0.752493,0.093033
229,0.099297,35.309074,6.000000,0.926787,0.768756,0.077417
229,0.093022,29.883823,5.000000,1.000000,0.693528,0.108112
229,0.099128,24.547928,4.000000,1.000000,0.718860,0.072889
229,0.100000,19.500000,3.000000,1.000000,0.758619,0.036873
229,0.095599,20.255856,3.000000,0.949882,0.644446,0.170390
229,0.100000,19.500000,3.000000,1.000000,0.800000,0.044768
229,0.088435,20.719107,3.000000,0.938156,0.800000,0.109476
229,0.100000,14.517906,2.000000,0.998371,0.543511,0.290205
229,0.091421,10.204536,1.000000,0.976589,0.800000,0.067507
230,0.088648,39.902744,7.000000,1.000000,0.637651,0.000000
230,0.097827,39.374939,7.000000,1.000000,0.800000,0.222731
230,0.100000,29.250000,5.000000,1.000000,0.758619,0.189080
230,0.100000,29.268728,5.000000,0.998371,0.543511,0.163514
230,0.099128,24.300100,4.000000,1.000000,0.718860,0.145906
230,0.096879,19.429468,3.000000,1.000000,0.774325,0.189636
230,0.099297,20.095840,3.000000,0.926787,0.768756,0.208705
230,0.093022,19.651270,3.000000,1.000000,0.693528,0.082409
230,0.095599,20.040213,3.000000,0.949882,0.644446,0.086118
230,0.099069,15.243326,2.000000,0.913797,0.752493,0.197224
230,0.093005,15.786161,2.000000,0.887671,0.791139,0.226554
230,0.091421,14.986561,2.000000,0.976589,0.800000,0.206156
230,0.099781,14.262612,2.000000,1.000000,0.740980,0.170518
230,0.094986,9.538285,1.000000,1.000000,0.800000,0.212605
230,0.088435,10.524505,1.000000,0.938156,0.800000,0.212161
230,0.099806,5.306952,0.000000,0.904308,0.798966,0.249532
230,0.100000,4.250000,0.000000,1.000000,0.800000,0.232530
231,0.100000,34.767090,6.000000,0.998371,0.543511,0.000000
231,0.099069,35.656921,6.000000,0.913797,0.752493,0.274735
231,0.100000,29.750000,5.000000,1.000000,0.758619,0.268890
231,0.088648,25.345982,4.000000,1.000000,0.637651,0.163514
231,0.096879,24.913862,4.000000,1.000000,0.774325,0.290205
231,0.095599,25.471498,4.000000,0.949882,0.644446,0.142149
231,0.097827,19.864075,3.000000,1.000000,0.800000,0.321351
231,0.099128,19.795750,3.000000,1.000000,0.718860,0.219366
231,0.099297,20.522293,3.000000,0.926787,0.768756,0.290599
231,0.093005,21.152582,3.000000,0.887671,0.791139,0.336094
231,0.099781,19.761497,3.000000,1.000000,0.740980,0.246852
231,0.093022,15.116377,2.000000,1.000000,0.693528,0.200092
231,0.094986,15.013206,2.000000,1.000000,0.800000,0.324512
231,0.088435,15.913690,2.000000,0.938156,0.800000,0.346111
231,0.091421,5.422512,0.000000,0.976589,0.800000,0.332606
232,0.100000,33.521152,6.000000,0.998371,0.543511,0.000000
232,0.096879,33.702862,6.000000,1.000000,0.774325,0.290205
232,0.095599,34.393318,6.000000,0.949882,0.644446,0.142149
232,0.088648,29.237879,5.000000,1.000000,0.637651,0.163514
232,0.099297,29.456167,5.000000,0.926787,0.768756,0.290599
232,0.088435,29.940763,5.000000,0.938156,0.800000,0.346111
232,0.099781,23.514236,4.000000,1.000000,0.740980,0.246852
232,0.099128,18.556637,3.000000,1.000000,0.718860,0.219366
232,0.093022,18.953609,3.000000,1.000000,0.693528,0.200092
232,0.099069,14.622890,2.000000,0.913797,0.752493,0.274735
232,0.097827,13.641235,2.000000,1.000000,0.800000,0.321351
232,0.100000,8.500000,1.000000,1.000000,0.758619,0.268890
232,0.093005,10.236530,1.000000,0.887671,0.791139,0.336094
232,0.094986,8.825888,1.000000,1.000000,0.800000,0.324512
233,0.100000,40.265457,7.000000,0.998371,0.543511,0.000000
233,0.099781,30.260403,5.000000,1.000000,0.740980,0.246852
233,0.097827,30.353210,5.000000,1.000000,0.800000,0.321351
233,0.088435,26.302860,4.000000,0.938156,0.800000,0.346111
233,0.092968,25.583986,4.000000,1.000000,0.586560,0.088559
233,0.100000,25.250000,4.000000,1.000000,0.499695,0.054795
233,0.099297,20.948742,3.000000,0.926787,0.768756,0.290599
233,0.100000,20.250000,3.000000,1.000000,0.758619,0.268890
233,0.100000,15.623268,2.000000,0.959905,0.739438,0.247912
233,0.099128,15.291396,2.000000,1.000000,0.718860,0.219366
233,0.093005,16.519003,2.000000,0.887671,0.791139,0.336094
233,0.094986,15.488145,2.000000,1.000000,0.800000,0.324512
233,0.100000,10.422211,1.000000,0.981705,0.692009,0.186370
233,0.093367,10.920741,1.000000,0.959064,0.746506,0.265199
233,0.089181,11.418456,1.000000,0.919503,0.590643,0.146277
233,0.099325,10.282054,1.000000,1.000000,0.800000,0.320687
233,0.099069,11.070574,1.000000,0.913797,0.752493,0.274735
233,0.088648,10.789227,1.000000,1.000000,0.637651,0.163514
233,0.096879,10.398256,1.000000,1.000000,0.774325,0.290205
233,0.093022,5.581479,0.000000,1.000000,0.693528,0.200092
233,0.095599,5.902789,0.000000,0.949882,0.644446,0.142149
234,0.099781,44.512070,8.000000,1.000000,0.740980,0.000000
234,0.088435,35.719082,6.000000,0.938156,0.800000,0.148796
234,0.099325,29.537132,5.000000,1.000000,0.800000,0.073915
234,0.100000,24.699402,4.000000,0.981705,0.692009,0.063927
234,0.099297,25.309063,4.000000,0.926787,0.768756,0.081173
234,0.100000,24.517908,4.000000,0.998371,0.543511,0.246852
234,0.093367,20.276627,3.000000,0.959064,0.746506,0.076401
234,0.093005,20.969372,3.000000,0.887671,0.791139,0.145395
234,0.099128,14.547941,2.000000,1.000000,0.718860,0.028409
234,0.100000,14.932205,2.000000,0.959905,0.739438,0.040201
234,0.100000,14.500000,2.000000,1.000000,0.499695,0.301615
234,0.092968,14.886729,2.000000,1.000000,0.586560,0.204694
234,0.097827,14.619507,2.000000,1.000000,0.800000,0.076317
234,0.100000,9.500000,1.000000,1.000000,0.758619,0.022157
234,0.088648,10.124369,1.000000,1.000000,0.637651,0.170518
234,0.096879,9.671665,1.000000,1.000000,0.774325,0.050787
234,0.094986,4.775751,0.000000,1.000000,0.800000,0.087984
234,0.089181,5.852949,0.000000,0.919503,0.590643,0.230284
234,0.099069,5.450138,0.000000,0.913797,0.752493,0.087685
235,0.100000,39.932205,7.000000,0.959905,0.739438,0.000000
235,0.088648,40.124367,7.000000,1.000000,0.637651,0.175166
235,0.092968,34.886723,6.000000,1.000000,0.586560,0.207534
235,0.100000,24.699402,4.000000,0.981705,0.692009,0.063167
235,0.099128,24.547924,4.000000,1.000000,0.718860,0.048427
235,0.100000,24.500000,4.000000,1.000000,0.499695,0.302350
235,0.100000,24.500000,4.000000,1.000000,0.758619,0.046716
235,0.099325,19.537134,3.000000,1.000000,0.800000,0.085930
235,0.093367,20.276632,3.000000,0.959064,0.746506,0.066922
235,0.100000,14.517902,2.000000,0.998371,0.543511,0.247912
235,0.093005,15.969372,2.000000,0.887671,0.791139,0.119528
235,0.088435,10.719091,1.000000,0.938156,0.800000,0.139926
235,0.099297,10.309084,1.000000,0.926787,0.768756,0.049893
235,0.097827,9.619507,1.000000,1.000000,0.800000,0.088377
235,0.096879,9.671665,1.000000,1.000000,0.774325,0.066958
235,0.099781,4.512064,0.000000,1.000000,0.740980,0.040201
236,0.100000,25.500000,6.000000,1.000000,0.499695,0.000000
236,0.100000,25.500000,6.000000,1.000000,0.758619,0.323655
236,0.100000,21.025696,5.000000,0.981705,0.692009,0.241088
236,0.099128,20.626358,5.000000,1.000000,0.718860,0.274096
236,0.088648,17.146019,4.000000,1.000000,0.637651,0.206456
236,0.093367,17.547470,4.000000,0.959064,0.746506,0.318208
236,0.100000,15.547230,4.000000,0.998371,0.543511,0.054795
236,0.100000,11.639450,3.000000,0.959905,0.739438,0.302350
236,0.092968,11.519564,3.000000,1.000000,0.586560,0.129361
236,0.097827,10.815063,3.000000,1.000000,0.800000,0.376010
236,0.093005,9.373798,2.000000,0.887671,0.791139,0.387593
236,0.088435,8.713978,2.000000,0.938156,0.800000,0.397632
236,0.096879,5.952572,2.000000,1.000000,0.774325,0.344704
236,0.099325,0.597860,1.000000,1.000000,0.800000,0.375442
236,0.099297,-2.366983,0.000000,0.926787,0.768756,0.344276
237,0.100000,49.701851,9.000000,0.959905,0.739438,0.000000
237,0.100000,34.250000,6.000000,1.000000,0.499695,0.302350
237,0.088648,34.902740,6.000000,1.000000,0.637651,0.175166
237,0.100000,29.268730,5.000000,0.998371,0.543511,0.247912
237,0.099325,24.288820,4.000000,1.000000,0.800000,0.085930
237,0.100000,19.458466,3.000000,0.981705,0.692009,0.063167
237,0.099128,19.300102,3.000000,1.000000,0.718860,0.048427
237,0.093367,20.061934,3.000000,0.959064,0.746506,0.066922
237,0.092968,19.654305,3.000000,1.000000,0.586560,0.207534
237,0.100000,14.250000,2.000000,1.000000,0.758619,0.046716
237,0.093005,15.786161,2.000000,0.887671,0.791139,0.119528
237,0.096879,14.429468,2.000000,1.000000,0.774325,0.066958
237,0.097827,9.374939,1.000000,1.000000,0.800000,0.088377
237,0.088435,10.524505,1.000000,0.938156,0.800000,0.139926
238,0.100000,35.392914,6.000000,0.959905,0.739438,0.000000
238,0.100000,35.016277,6.000000,0.998371,0.543511,0.247912
238,0.099325,35.033737,6.000000,1.000000,0.800000,0.085930
238,0.100000,35.181274,6.000000,0.981705,0.692009,0.063167
238,0.100000,35.000000,6.000000,1.000000,0.758619,0.046716
238,0.099128,25.043568,4.000000,1.000000,0.718860,0.048427
238,0.088648,20.567593,3.000000,1.000000,0.637651,0.175166
238,0.093367,20.706024,3.000000,0.959064,0.746506,0.066922
238,0.100000,20.370747,3.000000,0.962212,0.699482,0.049999
238,0.100000,15.308412,2.000000,0.968668,0.774217,0.044348
238,0.092968,15.351575,2.000000,1.000000,0.586560,0.207534
238,0.093005,11.335793,1.000000,0.887671,0.791139,0.119528
238,0.097827,10.108643,1.000000,1.000000,0.800000,0.088377
238,0.100000,10.423870,1.000000,0.956675,0.490705,0.310933
238,0.096879,5.156059,0.000000,1.000000,0.774325,0.066958
238,0.088435,6.108265,0.000000,0.938156,0.800000,0.139926
238,0.100000,5.000000,0.000000,1.000000,0.556057,0.232707
238,0.083161,6.020336,0.000000,0.978313,0.648934,0.203695
238,0.100000,5.000000,0.000000,1.000000,0.499695,0.302350
239,0.099325,39.537125,7.000000,1.000000,0.800000,0.000000
239,0.100000,34.500000,6.000000,1.000000,0.758619,0.052165
239,0.093367,35.276627,6.000000,0.959064,0.746506,0.098473
239,0.100000,29.517912,5.000000,0.998371,0.543511,0.320687
239,0.099128,29.547930,5.000000,1.000000,0.718860,0.101444
239,0.093005,25.969372,4.000000,0.887671,0.791139,0.129362
239,0.100000,19.932205,3.000000,0.959905,0.739438,0.085930
239,0.088648,20.124353,3.000000,1.000000,0.637651,0.229310
239,0.100000,19.907820,3.000000,0.962212,0.699482,0.131380
239,0.100000,14.839253,2.000000,0.968668,0.774217,0.045452
239,0.092968,14.886740,2.000000,1.000000,0.586560,0.274268
239,0.100000,14.966243,2.000000,0.956675,0.490705,0.389097
239,0.100000,9.699402,1.000000,0.981705,0.692009,0.136390
239,0.097827,9.619507,1.000000,1.000000,0.800000,0.014979
240,0.099128,34.795742,6.000000,1.000000,0.718860,0.000000
240,0.093997,30.065145,5.000000,1.000000,0.761443,0.073932
240,0.097877,24.861471,4.000000,1.000000,0.779319,0.076603
240,0.100000,25.162560,4.000000,0.959905,0.739438,0.048427
240,0.092968,25.119141,4.000000,1.000000,0.586560,0.176476
240,0.093005,21.152582,3.000000,0.887671,0.791139,0.156620
240,0.088648,20.345980,3.000000,1.000000,0.637651,0.145906
240,0.097827,19.864075,3.000000,1.000000,0.800000,0.102256
240,0.100000,19.940338,3.000000,0.981705,0.692009,0.039207
240,0.097359,15.673973,2.000000,0.919979,0.743687,0.087633
240,0.099325,14.785432,2.000000,1.000000,0.800000,0.101444
240,0.100000,15.195053,2.000000,0.956675,0.490705,0.288598
240,0.100000,15.073833,2.000000,0.968668,0.774217,0.076457
240,0.093367,15.491336,2.000000,0.959064,0.746506,0.078673
240,0.100000,14.750000,2.000000,1.000000,0.758619,0.050456
240,0.100000,9.767083,1.000000,0.998371,0.543511,0.219366
240,0.099711,10.182867,1.000000,0.959277,0.570769,0.189629
240,0.099358,9.987442,1.000000,0.980279,0.700012,0.030810
240,0.100000,5.139274,0.000000,0.962212,0.699482,0.045724
240,0.097238,4.895017,0.000000,1.000000,0.770593,0.067373
241,0.097359,35.467972,6.000000,0.919979,0.743687,0.000000
241,0.093997,29.830149,5.000000,1.000000,0.761443,0.089586
241,0.097827,29.619507,5.000000,1.000000,0.800000,0.106678
241,0.088648,30.124352,5.000000,1.000000,0.637651,0.177648
241,0.099128,29.547924,5.000000,1.000000,0.718860,0.087633
241,0.100000,24.932205,4.000000,0.959905,0.739438,0.048167
241,0.100000,24.699402,4.000000,0.981705,0.692009,0.093170
241,0.093367,25.276638,4.000000,0.959064,0.746506,0.055976
241,0.092968,19.886723,3.000000,1.000000,0.586560,0.216580
241,0.097877,14.616768,2.000000,1.000000,0.779319,0.091728
241,0.100000,14.517899,2.000000,0.998371,0.543511,0.263539
241,0.099325,9.537121,1.000000,1.000000,0.800000,0.108374
241,0.100000,9.966257,1.000000,0.956675,0.490705,0.319443
241,0.100000,9.839239,1.000000,0.968668,0.774217,0.067266
241,0.099711,9.953480,1.000000,0.959277,0.570769,0.220945
241,0.099358,9.748749,1.000000,0.980279,0.700012,0.083762
241,0.093005,5.969366,0.000000,0.887671,0.791139,0.080357
241,0.100000,4.500000,0.000000,1.000000,0.758619,0.086310
242,0.100000,44.517883,8.000000,0.998371,0.543511,0.000000
242,0.097877,39.616756,7.000000,1.000000,0.779319,0.295529
242,0.093997,29.830151,5.000000,1.000000,0.761443,0.278955
242,0.100000,29.932205,5.000000,0.959905,0.739438,0.247912
242,0.099128,24.547920,4.000000,1.000000,0.718860,0.219366
242,0.092968,24.886719,4.000000,1.000000,0.586560,0.088559
242,0.097827,19.619507,3.000000,1.000000,0.800000,0.321351
242,0.100000,19.699402,3.000000,0.981705,0.692009,0.186370
242,0.097359,15.467972,2.000000,0.919979,0.743687,0.263539
242,0.099325,14.537121,2.000000,1.000000,0.800000,0.320687
242,0.099711,14.953480,2.000000,0.959277,0.570769,0.051939
242,0.099358,14.748749,2.000000,0.980279,0.700012,0.196566
242,0.088648,10.124369,1.000000,1.000000,0.637651,0.163514
242,0.093367,10.276648,1.000000,0.959064,0.746506,0.265199
242,0.100000,9.966254,1.000000,0.956675,0.490705,0.078074
242,0.100000,4.839246,0.000000,0.968668,0.774217,0.289908
243,0.099711,42.659649,8.000000,0.959277,0.570769,0.000000
243,0.097827,37.173828,7.000000,1.000000,0.800000,0.290030
243,0.097877,32.169827,6.000000,1.000000,0.779319,0.264485
243,0.100000,22.026052,4.000000,0.998371,0.543511,0.051939
243,0.093997,22.480211,4.000000,1.000000,0.761443,0.248454
243,0.093367,23.129641,4.000000,0.959064,0.746506,0.228647
243,0.100000,17.290039,3.000000,0.981705,0.692009,0.153228
243,0.099325,17.054003,3.000000,1.000000,0.800000,0.289443
243,0.088648,17.908142,3.000000,1.000000,0.637651,0.144520
243,0.100000,17.678164,3.000000,0.956675,0.490705,0.100156
243,0.100000,7.628661,1.000000,0.959905,0.739438,0.210857
243,0.099128,7.069733,1.000000,1.000000,0.718860,0.189629
243,0.092968,7.562531,1.000000,1.000000,0.586560,0.081202
243,0.097359,8.407959,1.000000,0.919979,0.743687,0.220945
243,0.099358,7.361816,1.000000,0.980279,0.700012,0.162951
244,0.100000,39.767082,7.000000,0.998371,0.543511,0.000000
244,0.100000,30.195045,5.000000,0.956675,0.490705,0.078074
244,0.100000,24.924442,4.000000,0.983245,0.613083,0.088270
244,0.100000,24.940338,4.000000,0.981705,0.692009,0.186370
244,0.097827,19.864075,3.000000,1.000000,0.800000,0.321351
244,0.095243,20.478748,3.000000,0.950895,0.754980,0.272746
244,0.092711,20.643970,3.000000,0.946021,0.743522,0.265632
244,0.099325,19.785444,3.000000,1.000000,0.800000,0.320687
244,0.099711,20.182867,3.000000,0.959277,0.570769,0.051939
244,0.093367,15.491336,2.000000,0.959064,0.746506,0.265199
244,0.092968,15.119148,2.000000,1.000000,0.586560,0.088559
244,0.097877,14.861461,2.000000,1.000000,0.779319,0.295529
244,0.096748,14.920720,2.000000,1.000000,0.790015,0.309846
244,0.088648,10.345986,1.000000,1.000000,0.637651,0.163514
244,0.099128,9.795762,1.000000,1.000000,0.718860,0.219366
244,0.097359,10.673973,1.000000,0.919979,0.743687,0.263539
244,0.099358,9.987442,1.000000,0.980279,0.700012,0.196566
244,0.093997,10.065127,1.000000,1.000000,0.761443,0.278955
244,0.098070,10.423634,1.000000,0.942786,0.740545,0.253224
244,0.095081,10.292215,1.000000,0.971142,0.565099,0.062366
244,0.100000,5.162553,0.000000,0.959905,0.739438,0.247912
245,0.100000,39.268719,7.000000,0.998371,0.543511,0.000000
245,0.100000,34.737434,6.000000,0.956675,0.490705,0.078074
245,0.092968,34.654305,6.000000,1.000000,0.586560,0.088559
245,0.095243,30.048153,5.000000,0.950895,0.754980,0.272746
245,0.093997,29.595160,5.000000,1.000000,0.761443,0.278955
245,0.099128,24.300102,4.000000,1.000000,0.718860,0.219366
245,0.097827,19.374939,3.000000,1.000000,0.800000,0.321351
245,0.099711,19.724092,3.000000,0.959277,0.570769,0.051939
245,0.093367,15.061938,2.000000,0.959064,0.746506,0.265199
245,0.099358,14.510056,2.000000,0.980279,0.700012,0.196566
245,0.095081,9.843855,1.000000,0.971142,0.565099,0.062366
245,0.098070,9.987789,1.000000,0.942786,0.740545,0.253224
245,0.097359,10.261971,1.000000,0.919979,0.743687,0.263539
245,0.097877,9.372066,1.000000,1.000000,0.779319,0.295529
245,0.100000,9.441072,1.000000,0.983245,0.613083,0.088270
245,0.099325,9.288802,1.000000,1.000000,0.800000,0.320687
245,0.092711,10.229091,1.000000,0.946021,0.743522,0.265632
245,0.088648,4.902742,0.000000,1.000000,0.637651,0.163514
245,0.096748,4.436992,0.000000,1.000000,0.790015,0.309846
245,0.100000,4.458466,0.000000,0.981705,0.692009,0.186370
246,0.093997,40.065144,7.000000,1.000000,0.761443,0.000000
246,0.097827,34.864075,6.000000,1.000000,0.800000,0.061560
246,0.092968,25.119141,4.000000,1.000000,0.586560,0.218846
246,0.100000,24.767094,4.000000,0.998371,0.543511,0.278955
246,0.095081,25.292213,4.000000,0.971142,0.565099,0.247358
246,0.099128,19.795746,3.000000,1.000000,0.718860,0.073932
246,0.100000,19.924438,3.000000,0.983245,0.613083,0.195642
246,0.099358,19.987442,3.000000,0.980279,0.700012,0.095700
246,0.093367,15.491332,2.000000,0.959064,0.746506,0.045432
246,0.092711,15.643967,2.000000,0.946021,0.743522,0.059842
246,0.099325,14.785441,2.000000,1.000000,0.800000,0.071842
246,0.097877,14.861457,2.000000,1.000000,0.779319,0.044771
246,0.097359,15.673973,2.000000,0.919979,0.743687,0.089586
246,0.099711,15.182867,2.000000,0.959277,0.570769,0.248454
246,0.095243,15.478748,2.000000,0.950895,0.754980,0.051301
246,0.100000,15.195059,2.000000,0.956675,0.490705,0.346424
246,0.098070,5.423628,0.000000,0.942786,0.740545,0.074930
247,0.092968,34.886726,6.000000,1.000000,0.586560,0.000000
247,0.097827,29.619507,5.000000,1.000000,0.800000,0.271188
247,0.099358,24.748749,4.000000,0.980279,0.700012,0.156788
247,0.099325,24.537127,4.000000,1.000000,0.800000,0.274268
247,0.095243,25.263451,4.000000,0.950895,0.754980,0.217369
247,0.100000,24.966248,4.000000,0.956675,0.490705,0.145526
247,0.093997,19.830135,3.000000,1.000000,0.761443,0.218846
247,0.100000,19.682745,3.000000,0.983245,0.613083,0.079525
247,0.092711,20.436533,3.000000,0.946021,0.743522,0.203509
247,0.097877,19.616777,3.000000,1.000000,0.779319,0.245899
247,0.097359,20.467972,3.000000,0.919979,0.743687,0.216580
247,0.100000,14.517902,2.000000,0.998371,0.543511,0.088559
247,0.099128,14.547930,2.000000,1.000000,0.718860,0.176476
247,0.093367,15.276636,2.000000,0.959064,0.746506,0.204119
247,0.095081,10.068035,1.000000,0.971142,0.565099,0.044706
247,0.099711,9.953480,1.000000,0.959277,0.570769,0.081202
248,0.097827,29.130371,5.000000,1.000000,0.800000,0.000000
248,0.100000,29.000000,5.000000,1.000000,0.538480,0.327621
248,0.100000,29.508627,5.000000,0.956675,0.490705,0.389645
248,0.092968,24.421883,4.000000,1.000000,0.586560,0.271188
248,0.097359,25.055969,4.000000,0.919979,0.743687,0.106678
248,0.099128,19.052280,3.000000,1.000000,0.718860,0.102256
248,0.094820,19.310822,3.000000,1.000000,0.800000,0.030074
248,0.093367,19.847244,3.000000,0.959064,0.746506,0.090202
248,0.099325,19.040508,3.000000,1.000000,0.800000,0.014979
248,0.093997,19.360167,3.000000,1.000000,0.761443,0.061560
248,0.095081,14.619675,2.000000,0.971142,0.565099,0.296317
248,0.100000,14.048431,2.000000,0.995955,0.684396,0.146185
248,0.093950,15.209724,2.000000,0.921841,0.741444,0.113884
248,0.095243,14.832855,2.000000,0.950895,0.754980,0.079031
248,0.097877,9.127378,1.000000,1.000000,0.779319,0.025856
248,0.100000,9.199379,1.000000,0.983245,0.613083,0.235252
248,0.099711,9.494705,1.000000,0.959277,0.570769,0.290030
248,0.099358,9.271362,1.000000,0.980279,0.700012,0.127453
248,0.092711,5.021667,0.000000,0.946021,0.743522,0.102544
248,0.100000,4.019531,0.000000,0.998371,0.543511,0.321351
248,0.089672,4.780365,0.000000,0.984955,0.602906,0.259951
248,0.092613,4.866249,0.000000,0.961184,0.767666,0.076547
249,0.097359,40.879974,7.000000,0.919979,0.743687,0.000000
249,0.093950,31.008097,5.000000,0.921841,0.741444,0.034247
249,0.100000,25.000000,4.000000,1.000000,0.538480,0.269995
249,0.100000,25.423857,4.000000,0.956675,0.490705,0.319443
249,0.097877,25.106157,4.000000,1.000000,0.779319,0.091728
249,0.099358,20.226135,3.000000,0.980279,0.700012,0.083762
249,0.097827,20.108643,3.000000,1.000000,0.800000,0.106678
249,0.093997,20.300140,3.000000,1.000000,0.761443,0.089586
249,0.099325,20.033758,3.000000,1.000000,0.800000,0.108374
249,0.099128,20.043564,3.000000,1.000000,0.718860,0.087633
249,0.092968,20.351566,3.000000,1.000000,0.586560,0.216580
249,0.093367,15.706034,2.000000,0.959064,0.746506,0.055976
249,0.100000,15.040359,2.000000,0.995955,0.684396,0.109375
249,0.094820,15.259018,2.000000,1.000000,0.800000,0.109557
249,0.095243,10.694046,1.000000,0.950895,0.754980,0.040031
249,0.100000,10.166149,1.000000,0.983245,0.613083,0.177066
249,0.095081,5.516390,0.000000,0.971142,0.565099,0.230153
249,0.099711,5.412254,0.000000,0.959277,0.570769,0.220945
250,0.100000,32.644474,7.000000,0.956675,0.490705,0.000000
250,0.093367,33.406269,7.000000,0.959064,0.746506,0.326568
250,0.100000,21.500000,5.000000,1.000000,0.538480,0.073779
250,0.097827,21.793335,5.000000,1.000000,0.800000,0.389645
250,0.097877,16.786638,4.000000,1.000000,0.779319,0.363980
250,0.099358,17.110565,4.000000,0.980279,0.700012,0.262775
250,0.099325,11.591131,3.000000,1.000000,0.800000,0.389097
250,0.099128,11.617651,3.000000,1.000000,0.718860,0.288598
250,0.095243,13.373924,3.000000,0.950895,0.754980,0.333801
250,0.093950,9.221859,2.000000,0.921841,0.741444,0.321103
250,0.092968,7.449270,2.000000,1.000000,0.586560,0.145526
250,0.100000,6.948597,2.000000,0.983245,0.613083,0.155262
250,0.097359,3.875931,1.000000,0.919979,0.743687,0.319443
250,0.093997,2.310339,1.000000,1.000000,0.761443,0.346424
250,0.094820,2.199337,1.000000,1.000000,0.800000,0.392472
250,0.100000,-3.391023,0.000000,0.995955,0.684396,0.245280
251,0.097827,34.864075,6.000000,1.000000,0.800000,0.000000
251,0.099325,34.785439,6.000000,1.000000,0.800000,0.014979
251,0.100000,30.195055,5.000000,0.956675,0.490705,0.389645
251,0.092968,30.119146,5.000000,1.000000,0.586560,0.271188
251,0.100000,24.750000,4.000000,1.000000,0.538480,0.327621
251,0.099358,24.987442,4.000000,0.980279,0.700012,0.127453
251,0.094820,25.021969,4.000000,1.000000,0.800000,0.030074
251,0.093367,20.491341,3.000000,0.959064,0.746506,0.090202
251,0.097877,19.861462,3.000000,1.000000,0.779319,0.025856
251,0.099128,19.795742,3.000000,1.000000,0.718860,0.102256
251,0.095243,20.478748,3.000000,0.950895,0.754980,0.079031
251,0.093997,15.065130,2.000000,1.000000,0.761443,0.061560
251,0.093950,10.808496,1.000000,0.921841,0.741444,0.113884
251,0.100000,9.924457,1.000000,0.983245,0.613083,0.235252
251,0.097359,5.673973,0.000000,0.919979,0.743687,0.106678
252,0.097827,39.374939,7.000000,1.000000,0.800000,0.000000
252,0.100000,39.737442,7.000000,0.956675,0.490705,0.389645
252,0.094820,39.547871,7.000000,1.000000,0.800000,0.030074
252,0.099325,34.288803,6.000000,1.000000,0.800000,0.014979
252,0.093367,25.061928,4.000000,0.959064,0.746506,0.090202
252,0.099128,24.300110,4.000000,1.000000,0.718860,0.102256
252,0.092968,19.654306,3.000000,1.000000,0.586560,0.271188
252,0.100000,19.250000,3.000000,1.000000,0.538480,0.327621
252,0.100000,19.441055,3.000000,0.983245,0.613083,0.235252
252,0.099358,14.510056,2.000000,0.980279,0.700012,0.127453
252,0.097877,14.372071,2.000000,1.000000,0.779319,0.025856
252,0.095243,15.048153,2.000000,0.950895,0.754980,0.079031
252,0.093997,4.595147,0.000000,1.000000,0.761443,0.061560
252,0.093950,5.409305,0.000000,0.921841,0.741444,0.113884
253,0.094820,55.043938,11.000000,1.000000,0.800000,0.000000
253,0.100000,39.848923,8.000000,0.983245,0.613083,0.239906
253,0.100000,30.390114,6.000000,0.956675,0.490705,0.392472
253,0.099128,29.591488,6.000000,1.000000,0.718860,0.110197
253,0.097827,24.728149,5.000000,1.000000,0.800000,0.030074
253,0.099325,14.570885,3.000000,1.000000,0.800000,0.045053
253,0.100000,14.500000,3.000000,1.000000,0.538480,0.330979
253,0.099358,14.974884,3.000000,0.980279,0.700012,0.134422
253,0.097877,14.722931,3.000000,1.000000,0.779319,0.040036
253,0.092968,10.238317,2.000000,1.000000,0.586560,0.267442
253,0.093367,0.982676,0.000000,0.959064,0.746506,0.079738
253,0.095243,0.957500,0.000000,0.950895,0.754980,0.074808
254,0.094820,46.962299,10.000000,1.000000,0.800000,0.000000
254,0.100000,36.250000,8.000000,1.000000,0.538480,0.330979
254,0.097877,26.541903,6.000000,1.000000,0.779319,0.040036
254,0.100000,22.415600,5.000000,0.956675,0.490705,0.392472
254,0.092968,22.216801,5.000000,1.000000,0.586560,0.267442
254,0.100000,16.706863,4.000000,0.983245,0.613083,0.239906
254,0.099128,16.369804,4.000000,1.000000,0.718860,0.110197
254,0.099325,16.342834,4.000000,1.000000,0.800000,0.045053
254,0.097827,11.548767,3.000000,1.000000,0.800000,0.030074
254,0.099358,1.871874,1.000000,0.980279,0.700012,0.134422
255,0.100000,40.149532,7.000000,0.961196,0.474559,0.000000
255,0.095957,34.962284,6.000000,1.000000,0.800000,0.410643
255,0.100000,24.750000,4.000000,1.000000,0.538480,0.088826
255,0.100000,24.924446,4.000000,0.983245,0.613083,0.174553
255,0.099128,24.795742,4.000000,1.000000,0.718860,0.307956
255,0.097827,24.864075,4.000000,1.000000,0.800000,0.409225
255,0.099358,24.987442,4.000000,0.980279,0.700012,0.282535
255,0.094820,20.021969,3.000000,1.000000,0.800000,0.411918
255,0.092968,20.119143,3.000000,1.000000,0.586560,0.161402
255,0.095261,20.416864,3.000000,0.957292,0.800000,0.409571
255,0.100000,20.316257,3.000000,0.944532,0.521555,0.061063
255,0.097877,14.861451,2.000000,1.000000,0.779319,0.383510
255,0.100000,15.195053,2.000000,0.956675,0.490705,0.020683
255,0.099325,9.785428,1.000000,1.000000,0.800000,0.408704
255,0.092958,5.549999,0.000000,0.954899,0.562984,0.131211
256,0.092968,38.259769,7.000000,1.000000,0.586560,0.000000
256,0.097827,32.907532,6.000000,1.000000,0.800000,0.271188
256,0.100000,27.750000,5.000000,1.000000,0.538480,0.092500
256,0.099128,27.813168,5.000000,1.000000,0.718860,0.176476
256,0.099358,28.077896,5.000000,0.980279,0.700012,0.156788
256,0.095261,28.670908,5.000000,0.957292,0.800000,0.271168
256,0.095957,23.043156,4.000000,1.000000,0.800000,0.268469
256,0.100000,18.531965,3.000000,0.944532,0.521555,0.120929
256,0.100000,13.301748,2.000000,0.961196,0.474559,0.161402
256,0.100000,12.990907,2.000000,0.983245,0.613083,0.079525
256,0.094820,13.125576,2.000000,1.000000,0.800000,0.267442
256,0.097877,12.903914,2.000000,1.000000,0.779319,0.245899
256,0.100000,8.364611,1.000000,0.956675,0.490705,0.145526
256,0.099325,7.798926,1.000000,1.000000,0.800000,0.274268
257,0.095261,36.071579,6.000000,0.957292,0.800000,0.000000
257,0.097827,25.597778,4.000000,1.000000,0.800000,0.049825
257,0.088782,26.004822,4.000000,1.000000,0.575976,0.290584
257,0.097877,25.595545,4.000000,1.000000,0.779319,0.056361
257,0.094820,25.733116,4.000000,1.000000,0.800000,0.042935
257,0.099128,25.539211,4.000000,1.000000,0.718860,0.116647
257,0.095957,20.681961,3.000000,1.000000,0.800000,0.043271
257,0.100000,20.649519,3.000000,0.983245,0.613083,0.239813
257,0.099358,15.703522,2.000000,0.980279,0.700012,0.133521
257,0.100000,15.881480,2.000000,0.956675,0.490705,0.389513
257,0.099325,15.530373,2.000000,1.000000,0.800000,0.058954
257,0.100000,15.500000,2.000000,1.000000,0.481380,0.403352
257,0.099943,16.349758,2.000000,0.900903,0.800000,0.073292
257,0.095588,15.698513,2.000000,1.000000,0.800000,0.042833
257,0.100000,10.842464,1.000000,0.961196,0.474559,0.409571
257,0.100000,10.500000,1.000000,1.000000,0.538480,0.333066
257,0.092968,10.816423,1.000000,1.000000,0.586560,0.271168
257,0.092826,10.822844,1.000000,1.000000,0.774318,0.058716
257,0.100000,10.500000,1.000000,1.000000,0.682758,0.159835
257,0.100000,10.853245,1.000000,0.959948,0.708929,0.123337
257,0.100000,5.985373,0.000000,0.944532,0.521555,0.351500
258,0.099325,35.530365,6.000000,1.000000,0.800000,0.000000
258,0.097827,30.597778,5.000000,1.000000,0.800000,0.014979
258,0.100000,30.500000,5.000000,1.000000,0.481380,0.398333
258,0.100000,30.881483,5.000000,0.956675,0.490705,0.389097
258,0.097877,30.595543,5.000000,1.000000,0.779319,0.029630
258,0.094820,20.733116,3.000000,1.000000,0.800000,0.045053
258,0.095957,20.681961,3.000000,1.000000,0.800000,0.033683
258,0.100000,20.649519,3.000000,0.983245,0.613083,0.234344
258,0.099358,20.703522,3.000000,0.980279,0.700012,0.126532
258,0.088782,21.004822,3.000000,1.000000,0.575976,0.299221
258,0.099943,16.349758,2.000000,0.900903,0.800000,0.099289
258,0.100000,15.500000,2.000000,1.000000,0.682758,0.146708
258,0.099128,10.539225,1.000000,1.000000,0.718860,0.101444
258,0.095261,11.071598,1.000000,0.957292,0.800000,0.058954
258,0.095588,10.698526,1.000000,1.000000,0.800000,0.037367
258,0.092826,10.822844,1.000000,1.000000,0.774318,0.072489
258,0.100000,10.853245,1.000000,0.959948,0.708929,0.120868
258,0.100000,5.842464,0.000000,0.961196,0.474559,0.408704
258,0.100000,5.500000,0.000000,1.000000,0.538480,0.326969
258,0.092968,5.816423,0.000000,1.000000,0.586560,0.274268
259,0.097877,36.786572,8.000000,1.000000,0.779319,0.000000
259,0.094820,27.199348,6.000000,1.000000,0.800000,0.040036
259,0.095261,28.214756,6.000000,0.957292,0.800000,0.056361
259,0.100000,21.500000,5.000000,1.000000,0.481380,0.373029
259,0.095957,22.045879,5.000000,1.000000,0.800000,0.032202
259,0.097827,11.793335,3.000000,1.000000,0.800000,0.025856
259,0.095588,12.095551,3.000000,1.000000,0.800000,0.034526
259,0.100000,7.559735,2.000000,0.959948,0.708929,0.098979
259,0.099325,6.591105,2.000000,1.000000,0.800000,0.029630
259,0.100000,6.500000,2.000000,1.000000,0.682758,0.122554
259,0.099943,9.049274,2.000000,0.900903,0.800000,0.104476
259,0.088782,8.014465,2.000000,1.000000,0.575976,0.269962
259,0.099358,7.110565,2.000000,0.980279,0.700012,0.102155
259,0.100000,7.644442,2.000000,0.956675,0.490705,0.363980
259,0.099128,-3.382333,0.000000,1.000000,0.718860,0.076603
259,0.100000,-3.051403,0.000000,0.983245,0.613083,0.209549
259,0.092826,-2.531476,0.000000,1.000000,0.774318,0.050898
260,0.100000,32.000000,6.000000,1.000000,0.682758,0.000000
260,0.094820,27.414429,5.000000,1.000000,0.800000,0.155438
260,0.097827,27.173828,5.000000,1.000000,0.800000,0.148154
260,0.095588,27.352909,5.000000,1.000000,0.800000,0.153048
260,0.099325,27.054014,5.000000,1.000000,0.800000,0.146708
260,0.100000,27.678169,5.000000,0.956675,0.490705,0.243945
260,0.095957,22.323483,4.000000,1.000000,0.800000,0.152027
260,0.088782,22.897461,4.000000,1.000000,0.575976,0.174360
260,0.097877,17.169859,3.000000,1.000000,0.779319,0.122554
260,0.099943,18.510681,3.000000,0.900903,0.800000,0.176912
260,0.100000,12.000000,2.000000,1.000000,0.481380,0.251723
260,0.095261,8.016174,1.000000,0.957292,0.800000,0.159835
260,0.100000,7.627992,1.000000,0.959948,0.708929,0.051714
260,0.099358,7.361816,1.000000,0.980279,0.700012,0.029922
261,0.099358,35.226135,6.000000,0.980279,0.700012,0.000000
261,0.094820,25.259018,4.000000,1.000000,0.800000,0.134422
261,0.095588,25.220573,4.000000,1.000000,0.800000,0.132026
261,0.099325,25.033758,4.000000,1.000000,0.800000,0.126532
261,0.092098,25.395088,4.000000,1.000000,0.800000,0.145876
261,0.097827,20.108643,3.000000,1.000000,0.800000,0.127453
261,0.100000,20.423853,3.000000,0.956675,0.490705,0.262775
261,0.095957,20.202179,3.000000,1.000000,0.800000,0.131022
261,0.100000,20.000000,3.000000,1.000000,0.682758,0.029922
261,0.097513,20.538244,3.000000,0.956614,0.682290,0.037295
261,0.088782,15.560913,2.000000,1.000000,0.575976,0.188713
261,0.100000,15.000000,2.000000,1.000000,0.800000,0.126694
261,0.092999,15.350075,2.000000,1.000000,0.800000,0.141612
261,0.100000,15.000000,2.000000,1.000000,0.481380,0.274076
261,0.095261,10.635109,1.000000,0.957292,0.800000,0.133521
261,0.093390,10.330524,1.000000,1.000000,0.800000,0.139899
261,0.100000,10.392494,1.000000,0.959948,0.708929,0.024060
261,0.099943,10.944176,1.000000,0.900903,0.800000,0.148175
261,0.097877,10.106144,1.000000,1.000000,0.779319,0.102155
261,0.099459,5.060081,0.000000,0.996672,0.753943,0.069386
261,0.100000,5.590019,0.000000,0.939146,0.485667,0.271146
261,0.090761,5.955963,0.000000,0.944005,0.587243,0.169047
262,0.100000,34.250000,6.000000,1.000000,0.682758,0.000000
262,0.099943,30.335806,5.000000,0.900903,0.800000,0.176912
262,0.095957,29.482506,5.000000,1.000000,0.800000,0.152027
262,0.094820,24.547871,4.000000,1.000000,0.800000,0.155438
262,0.097513,24.868984,4.000000,0.956614,0.682290,0.050011
262,0.095588,19.503670,3.000000,1.000000,0.800000,0.153048
262,0.088782,19.895050,3.000000,1.000000,0.575976,0.174360
262,0.100000,19.250000,3.000000,1.000000,0.481380,0.251723
262,0.095261,19.980375,3.000000,0.957292,0.800000,0.159835
262,0.097877,19.372086,3.000000,1.000000,0.779319,0.122554
262,0.097827,14.374939,2.000000,1.000000,0.800000,0.148154
262,0.100000,14.737440,2.000000,0.956675,0.490705,0.243945
262,0.092098,14.704351,2.000000,1.000000,0.800000,0.166497
262,0.099325,14.288808,2.000000,1.000000,0.800000,0.146708
262,0.099358,14.510056,2.000000,0.980279,0.700012,0.029922
262,0.100000,9.250000,1.000000,1.000000,0.800000,0.146552
262,0.092999,4.652586,0.000000,1.000000,0.800000,0.162418
262,0.093390,4.630096,0.000000,1.000000,0.800000,0.160771
262,0.100000,4.701375,0.000000,0.959948,0.708929,0.051714
263,0.097877,39.616756,7.000000,1.000000,0.779319,0.000000
263,0.097827,34.619507,6.000000,1.000000,0.800000,0.025856
263,0.100000,34.500000,6.000000,1.000000,0.800000,0.033451
263,0.088782,25.117004,4.000000,1.000000,0.575976,0.269962
263,0.100000,24.966242,4.000000,0.956675,0.490705,0.363980
263,0.099943,20.538593,3.000000,0.900903,0.800000,0.104476
263,0.095957,19.722393,3.000000,1.000000,0.800000,0.032202
263,0.094820,19.784920,3.000000,1.000000,0.800000,0.040036
263,0.095588,19.742626,3.000000,1.000000,0.800000,0.034526
263,0.100000,19.500000,3.000000,1.000000,0.481380,0.373029
263,0.100000,14.500000,2.000000,1.000000,0.682758,0.122554
263,0.095261,15.198620,2.000000,0.957292,0.800000,0.056361
263,0.099358,14.748749,2.000000,0.980279,0.700012,0.102155
263,0.097513,10.092058,1.000000,0.956614,0.682290,0.128865
263,0.092098,9.934597,1.000000,1.000000,0.800000,0.063306
263,0.099325,4.537122,0.000000,1.000000,0.800000,0.029630
264,0.097877,49.616764,9.000000,1.000000,0.779319,0.000000
264,0.100000,39.500000,7.000000,1.000000,0.481380,0.373029
264,0.088782,30.117004,5.000000,1.000000,0.575976,0.269962
264,0.099358,24.748749,4.000000,0.980279,0.700012,0.102155
264,0.097513,25.092075,4.000000,0.956614,0.682290,0.128865
264,0.100000,19.966238,3.000000,0.956675,0.490705,0.363980
264,0.099943,20.538593,3.000000,0.900903,0.800000,0.104476
264,0.094820,19.784920,3.000000,1.000000,0.800000,0.040036
264,0.095261,20.198620,3.000000,0.957292,0.800000,0.056361
264,0.092098,19.934597,3.000000,1.000000,0.800000,0.063306
264,0.097827,14.619507,2.000000,1.000000,0.800000,0.025856
264,0.100000,9.500000,1.000000,1.000000,0.800000,0.033451
264,0.095957,9.722376,1.000000,1.000000,0.800000,0.032202
264,0.095588,9.742643,1.000000,1.000000,0.800000,0.034526
264,0.100000,9.500000,1.000000,1.000000,0.682758,0.122554
265,0.097877,35.595539,6.000000,1.000000,0.779319,0.000000
265,0.095588,30.698513,5.000000,1.000000,0.800000,0.034526
265,0.095261,31.071598,5.000000,0.957292,0.800000,0.056361
265,0.100000,25.500000,4.000000,1.000000,0.481380,0.373029
265,0.100000,25.500000,4.000000,1.000000,0.682758,0.122554
265,0.097827,20.597778,3.000000,1.000000,0.800000,0.025856
265,0.099943,21.349758,3.000000,0.900903,0.800000,0.104476
265,0.097513,20.984425,3.000000,0.956614,0.682290,0.128865
265,0.088782,21.004822,3.000000,1.000000,0.575976,0.269962
265,0.094820,15.733116,2.000000,1.000000,0.800000,0.040036
265,0.092098,15.855579,2.000000,1.000000,0.800000,0.063306
265,0.095957,15.681953,2.000000,1.000000,0.800000,0.032202
265,0.099358,15.703522,2.000000,0.980279,0.700012,0.102155
265,0.100000,10.881483,1.000000,0.956675,0.490705,0.363980
265,0.100000,10.500000,1.000000,1.000000,0.800000,0.033451
265,0.096935,10.637913,1.000000,1.000000,0.785540,0.012211
265,0.089946,11.321913,1.000000,0.953268,0.548835,0.302456
265,0.094007,11.229303,1.000000,0.944115,0.687140,0.133782
265,0.098650,10.671850,1.000000,0.987407,0.718701,0.077200
265,0.100000,5.500000,0.000000,1.000000,0.481755,0.372561
266,0.097513,34.868988,6.000000,0.956614,0.682290,0.000000
266,0.099943,35.335827,6.000000,0.900903,0.800000,0.159197
266,0.095588,24.503654,4.000000,1.000000,0.800000,0.154604
266,0.094820,24.547871,4.000000,1.000000,0.800000,0.155747
266,0.100000,24.250000,4.000000,1.000000,0.682758,0.050011
266,0.100000,19.250000,3.000000,1.000000,0.481380,0.256068
266,0.088782,19.895050,3.000000,1.000000,0.575976,0.164822
266,0.097877,19.372070,3.000000,1.000000,0.779319,0.128865
266,0.092098,19.704351,3.000000,1.000000,0.800000,0.162677
266,0.098650,19.469604,3.000000,0.987407,0.718701,0.056116
266,0.097827,14.374939,2.000000,1.000000,0.800000,0.153433
266,0.095261,14.980373,2.000000,0.957292,0.800000,0.148853
266,0.095957,14.482499,2.000000,1.000000,0.800000,0.154188
266,0.096935,14.426222,2.000000,1.000000,0.785540,0.136282
266,0.094007,15.181900,2.000000,0.944115,0.687140,0.037716
266,0.099358,9.510056,1.000000,0.980279,0.700012,0.037295
266,0.100000,4.737443,0.000000,0.956675,0.490705,0.240769
266,0.100000,4.250000,0.000000,1.000000,0.800000,0.155404
266,0.089946,5.300218,0.000000,0.953268,0.548835,0.183212
1,0.040477,77.846504,86.000000,0.951995,0.453646,0.000000
1,0.085930,16.336756,79.000000,0.719035,0.707369,0.601217
1,0.099483,19.790836,57.000000,0.518194,0.644432,0.770219
1,0.055622,46.145584,55.000000,0.596124,0.530783,0.398599
1,0.042508,26.447147,50.000000,0.654692,0.632368,0.372438
1,0.065314,33.708656,42.000000,0.318415,0.671835,0.733145
1,0.090468,12.569195,35.000000,0.371201,0.553467,0.776406
1,0.052964,38.972862,35.000000,0.315367,0.574586,0.666140
1,0.076791,19.345428,33.000000,0.614505,0.429417,0.496681
1,0.056444,19.083368,28.000000,0.288588,0.664071,0.731293
2,0.063233,32.835106,99.000000,0.835033,0.580466,0.000000
2,0.040477,34.038906,69.000000,0.951995,0.453646,0.300992
2,0.063216,42.820423,63.000000,0.836008,0.580649,0.001016
2,0.085959,52.778797,60.000000,0.719006,0.707417,0.300487
2,0.069953,28.853931,51.000000,0.735307,0.549135,0.126473
2,0.094971,26.952389,49.000000,0.444380,0.598556,0.503836
2,0.060460,32.946186,45.000000,0.457215,0.601475,0.379743
2,0.066431,27.158686,33.000000,0.513031,0.593306,0.323985
2,0.071750,8.629117,19.000000,0.342901,0.564040,0.499869
2,0.059171,19.037313,12.000000,0.316417,0.623056,0.522922
3,0.063296,62.377312,74.000000,0.835547,0.580949,0.000000
3,0.051865,17.835049,64.000000,0.894898,0.517524,0.151245
3,0.063233,12.394297,58.000000,0.835033,0.580466,0.001014
3,0.079158,19.399593,48.000000,0.640427,0.590126,0.251718
3,0.066701,52.918751,47.000000,0.784506,0.564053,0.064884
3,0.073225,15.624329,46.000000,0.588569,0.654510,0.281623
3,0.065103,31.012833,44.000000,0.595852,0.575037,0.240489
3,0.077959,22.907452,43.000000,0.726226,0.628327,0.192245
3,0.051736,12.870188,42.000000,0.893818,0.516233,0.152659
3,0.074659,37.205402,34.000000,0.777969,0.644726,0.150275
4,0.057811,57.869625,68.000000,0.864585,0.549346,0.000000
4,0.051736,13.179298,60.000000,0.893871,0.519271,0.077210
4,0.057689,42.902603,57.000000,0.863499,0.549273,0.001637
4,0.062656,34.288849,57.000000,0.743256,0.585470,0.138228
4,0.063296,22.708736,56.000000,0.835547,0.580949,0.073571
4,0.063492,27.656624,53.000000,0.837235,0.580363,0.074016
4,0.065669,24.866154,46.000000,0.688337,0.567916,0.194363
4,0.065874,19.821087,37.000000,0.690277,0.568689,0.193568
4,0.071366,23.620531,34.000000,0.736041,0.584245,0.191838
4,0.057306,17.927292,32.000000,0.864872,0.546992,0.005855
5,0.057811,24.706238,62.000000,0.864585,0.549346,0.000000
5,0.051810,19.955585,62.000000,0.891520,0.518329,0.076355
5,0.060488,19.617821,55.000000,0.852271,0.567124,0.036907
5,0.060788,34.620071,53.000000,0.849982,0.564730,0.038332
5,0.061907,35.387039,49.000000,0.779917,0.560898,0.095159
5,0.059919,50.254284,47.000000,0.804078,0.566383,0.067521
5,0.059879,35.265842,47.000000,0.803375,0.569573,0.069380
5,0.054621,44.815392,45.000000,0.880258,0.537361,0.038567
5,0.064652,25.380745,44.000000,0.763708,0.571405,0.124964
5,0.051758,9.928389,36.000000,0.894371,0.517702,0.078204
6,0.054318,50.752541,70.000000,0.873436,0.529654,0.000000
6,0.058449,40.857475,63.000000,0.831539,0.556028,0.067443
6,0.059532,20.464481,61.000000,0.862134,0.560802,0.066049
6,0.058793,35.769737,61.000000,0.837835,0.564010,0.071514
6,0.057811,25.570526,47.000000,0.864585,0.549346,0.043636
6,0.054498,25.727238,46.000000,0.874583,0.532377,0.004018
6,0.058531,30.845856,42.000000,0.832122,0.556495,0.067877
6,0.058158,15.852980,40.000000,0.834072,0.545247,0.058340
6,0.055804,40.655136,40.000000,0.871548,0.546104,0.025441
6,0.055274,20.594921,30.000000,0.881764,0.536858,0.015553
7,0.054318,59.302216,73.000000,0.873436,0.529654,0.000000
7,0.056196,34.289230,61.000000,0.859690,0.539903,0.026565
7,0.057155,24.354248,60.000000,0.847588,0.542389,0.041545
7,0.055551,24.511204,54.000000,0.847698,0.540730,0.031720
7,0.059180,44.354053,50.000000,0.832973,0.556066,0.071350
7,0.056798,29.324055,50.000000,0.852513,0.540934,0.035378
7,0.056404,24.190506,49.000000,0.865492,0.548672,0.032609
7,0.056149,29.296659,44.000000,0.859497,0.542571,0.028106
7,0.054824,19.218102,30.000000,0.875788,0.532529,0.006633
7,0.054852,4.216511,29.000000,0.875683,0.539261,0.013333
8,0.056459,54.538136,62.000000,0.854467,0.553558,0.000000
8,0.056662,29.500456,61.000000,0.855873,0.549005,0.006205
8,0.057826,9.443718,58.000000,0.851573,0.546743,0.016366
8,0.055058,19.499111,56.000000,0.868361,0.539024,0.026822
8,0.054318,34.509392,53.000000,0.873436,0.529654,0.041363
8,0.053776,29.658916,53.000000,0.865793,0.525941,0.045167
8,0.055847,9.590399,47.000000,0.855017,0.547928,0.009341
8,0.057877,49.500309,46.000000,0.846857,0.542557,0.021167
8,0.055169,29.691185,34.000000,0.852202,0.535129,0.026499
8,0.056283,29.603111,30.000000,0.850699,0.539688,0.017829
9,0.054254,45.771706,60.000000,0.861532,0.534256,0.000000
9,0.055663,45.543552,58.000000,0.873211,0.537645,0.018779
9,0.056781,35.627083,58.000000,0.856424,0.545722,0.029497
9,0.056459,10.671730,57.000000,0.854467,0.553558,0.033439
9,0.057551,30.477819,54.000000,0.865074,0.554651,0.041824
9,0.056897,55.473221,51.000000,0.870472,0.540032,0.028817
9,0.056340,30.703852,49.000000,0.852190,0.531255,0.023163
9,0.055297,20.637924,40.000000,0.866765,0.536641,0.012041
9,0.057481,10.521286,37.000000,0.861433,0.538358,0.032668
9,0.056215,20.717630,36.000000,0.851770,0.535032,0.021926
10,0.054254,33.456211,63.000000,0.861532,0.534256,0.000000
10,0.053690,13.382475,55.000000,0.870915,0.529026,0.012753
10,0.055947,28.230433,54.000000,0.862908,0.548026,0.024181
10,0.055560,13.293336,54.000000,0.861875,0.542314,0.016495
10,0.056256,18.107079,50.000000,0.868342,0.541995,0.023254
10,0.055853,43.490196,50.000000,0.846903,0.538215,0.022226
10,0.057332,48.122936,49.000000,0.859166,0.544577,0.033457
10,0.057966,22.867317,47.000000,0.870188,0.532757,0.038160
10,0.054926,28.555002,44.000000,0.849757,0.547432,0.021333
10,0.057167,33.081799,34.000000,0.862975,0.531331,0.029387
11,0.056341,47.012455,74.000000,0.855219,0.553631,0.000000
11,0.054956,42.061768,69.000000,0.858745,0.538772,0.023431
11,0.053546,37.169769,65.000000,0.853841,0.538137,0.034028
11,0.055688,42.045948,62.000000,0.855379,0.536453,0.022441
11,0.057364,41.944504,59.000000,0.857138,0.535369,0.025091
11,0.055922,31.923927,57.000000,0.871039,0.519284,0.045946
11,0.055141,17.027153,42.000000,0.862337,0.535007,0.027136
11,0.067840,24.325247,31.000000,0.370389,0.577590,0.499181
11,0.071355,24.121292,21.000000,0.412142,0.420617,0.496492
11,0.077636,19.020969,20.000000,0.417057,0.454112,0.502803
12,0.056303,30.663078,67.000000,0.856504,0.553178,0.000000
12,0.056341,40.673210,66.000000,0.855219,0.553631,0.001453
12,0.055652,35.730759,59.000000,0.854750,0.536152,0.022325
12,0.054798,35.800480,57.000000,0.854324,0.538528,0.023805
12,0.064334,27.292728,51.000000,0.633070,0.477367,0.255640
12,0.053544,40.914658,51.000000,0.852436,0.537136,0.034351
12,0.056627,30.573452,50.000000,0.862829,0.525577,0.035226
12,0.055932,20.540833,42.000000,0.871368,0.519600,0.044682
12,0.054730,30.718594,34.000000,0.863150,0.528754,0.034982
12,0.060553,17.619652,23.000000,0.611869,0.558256,0.248381
13,0.054875,28.654434,67.000000,0.856861,0.535232,0.000000
13,0.054268,38.653233,60.000000,0.861719,0.537067,0.008106
13,0.056371,38.514301,59.000000,0.854699,0.551023,0.024864
13,0.056303,38.494617,56.000000,0.856504,0.553178,0.026599
13,0.055501,23.668356,54.000000,0.851079,0.534796,0.008539
13,0.055000,18.747925,49.000000,0.849546,0.532703,0.008068
13,0.054372,28.710533,41.000000,0.856995,0.537185,0.005585
13,0.055814,18.444269,40.000000,0.863574,0.534933,0.011551
13,0.060528,34.741718,40.000000,0.742678,0.512938,0.130426
13,0.056724,18.405704,34.000000,0.859132,0.552448,0.028466
14,0.055989,62.402870,63.000000,0.850689,0.531334,0.000000
14,0.054199,22.614265,59.000000,0.852514,0.545607,0.025339
14,0.054875,22.445755,55.000000,0.856861,0.535232,0.013640
14,0.054353,32.572784,55.000000,0.853688,0.546712,0.025419
14,0.056063,17.136318,54.000000,0.864920,0.543414,0.020763
14,0.055932,32.191730,49.000000,0.862871,0.552222,0.028818
14,0.056516,42.486374,48.000000,0.842057,0.545869,0.020794
14,0.055042,12.449760,44.000000,0.855331,0.542104,0.017104
14,0.055841,12.474079,43.000000,0.847816,0.536249,0.006942
14,0.056188,17.052505,30.000000,0.868545,0.551969,0.031435
15,0.052905,53.731167,64.000000,0.853927,0.540835,0.000000
15,0.055989,33.415836,61.000000,0.850689,0.531334,0.033204
15,0.054903,33.384312,59.000000,0.861118,0.554175,0.026995
15,0.054353,38.494362,55.000000,0.858242,0.548665,0.017999
15,0.055930,28.234167,54.000000,0.862802,0.525591,0.036837
15,0.056165,33.095970,53.000000,0.869737,0.540374,0.036236
15,0.054761,33.589413,44.000000,0.848760,0.542258,0.019347
15,0.053329,8.568225,42.000000,0.861504,0.550031,0.014406
15,0.056695,8.578453,34.000000,0.834874,0.536516,0.042758
15,0.055388,13.148127,34.000000,0.872511,0.547616,0.032148
16,0.054624,41.130600,63.000000,0.863516,0.542665,0.000000
16,0.055092,46.069160,62.000000,0.866633,0.558237,0.020262
16,0.055373,36.020412,61.000000,0.869775,0.536643,0.012331
16,0.052905,46.335129,54.000000,0.853927,0.540835,0.019811
16,0.053734,31.283306,53.000000,0.853282,0.536185,0.015797
16,0.055451,6.189340,52.000000,0.850515,0.532413,0.020044
16,0.055011,31.116566,49.000000,0.862026,0.538418,0.006738
16,0.055254,31.069756,39.000000,0.865294,0.532634,0.014148
16,0.054090,11.191397,38.000000,0.860918,0.542101,0.005975
16,0.055619,31.095739,29.000000,0.859597,0.538984,0.011648
17,0.100000,30.000000,108.000000,1.000000,0.800000,0.000000
17,0.062169,52.566216,79.000000,1.000000,0.800000,0.378308
17,0.054624,26.853819,75.000000,0.863516,0.542665,0.572712
17,0.040000,24.910126,60.000000,0.797642,0.800000,0.633205
17,0.040000,21.034088,47.000000,0.704086,0.558435,0.733991
17,0.040000,50.703144,47.000000,0.732867,0.400000,0.825445
17,0.100000,39.200100,39.000000,0.200000,0.800000,0.800000
17,0.040000,14.062881,16.000000,0.342259,0.490095,0.970921
17,0.040000,14.680023,15.000000,0.200000,0.400000,1.118034
17,0.081999,19.344025,14.000000,0.200000,0.792418,0.820057
18,0.100000,80.000000,110.000000,1.000000,0.800000,0.000000
18,0.100000,55.000000,97.000000,1.000000,0.635509,0.205614
18,0.057486,49.676228,62.000000,0.962336,0.400000,0.657391
18,0.040000,33.465569,55.000000,0.619365,0.800000,0.710551
18,0.100000,26.322861,42.000000,0.606393,0.800000,0.393607
18,0.100000,13.247223,40.000000,0.418664,0.800000,0.581336
18,0.085061,14.659767,33.000000,0.200000,0.537770,0.877360
18,0.100000,19.599991,32.000000,0.200000,0.800000,0.800000
18,0.100000,14.599991,25.000000,0.200000,0.478326,0.895365
18,0.100000,9.599991,4.000000,0.200000,0.800000,0.800000
19,0.100000,53.040642,93.000000,0.908176,0.653350,0.000000
19,0.100000,35.500000,82.000000,1.000000,0.800000,0.205025
19,0.040000,34.200066,74.000000,1.000000,0.800000,0.634063
19,0.040000,24.199978,66.000000,1.000000,0.800000,0.634063
19,0.100000,15.500000,64.000000,1.000000,0.400000,0.329731
19,0.040000,37.947216,39.000000,0.594923,0.400000,0.747274
19,0.062647,19.636620,30.000000,0.200000,0.400000,0.861002
19,0.100000,39.420002,24.000000,0.200000,0.800000,0.731517
19,0.100000,19.419987,16.000000,0.200000,0.800000,0.731517
19,0.100000,14.419987,12.000000,0.200000,0.800000,0.731517
20,0.094271,55.101574,94.000000,1.000000,0.800000,0.000000
20,0.100000,46.339775,84.000000,0.908176,0.653350,0.212879
20,0.068427,32.815216,79.000000,1.000000,0.513234,0.441909
20,0.071820,37.458935,62.000000,1.000000,0.400000,0.548093
20,0.100000,21.790705,61.000000,0.884217,0.491411,0.406793
20,0.066773,47.988876,45.000000,1.000000,0.400000,0.570625
20,0.100000,17.299076,32.000000,0.856400,0.684794,0.211285
20,0.100000,9.579990,21.000000,0.200000,0.800000,0.802049
20,0.100000,14.579990,14.000000,0.200000,0.800000,0.802049
20,0.100000,9.579990,8.000000,0.200000,0.499401,0.885703
21,0.097145,33.110790,87.000000,0.941520,0.645407,0.000000
21,0.081340,38.496948,79.000000,0.999685,0.656102,0.168947
21,0.094271,57.458363,65.000000,1.000000,0.800000,0.203932
21,0.083090,33.352783,63.000000,1.000000,0.600285,0.162342
21,0.097202,18.294788,55.000000,0.928590,0.742446,0.121987
21,0.084184,38.871086,51.000000,0.953964,0.582807,0.151908
21,0.084257,18.859985,43.000000,0.954414,0.582884,0.151275
21,0.079978,33.508781,23.000000,0.482773,0.610008,0.491810
21,0.053419,14.786591,22.000000,0.223464,0.601998,0.842461
21,0.050680,14.600555,12.000000,0.313878,0.622702,0.781434
1,0.056000,47.774315,8.000000,0.480000,0.480000,0.000000
1,0.056000,42.774281,7.000000,0.480000,0.480000,0.000000
1,0.056000,42.774323,7.000000,0.480000,0.480000,0.000000
1,0.056000,42.774292,7.000000,0.480000,0.480000,0.000000
1,0.056000,37.774384,6.000000,0.480000,0.480000,0.000000
1,0.056000,27.774376,4.000000,0.480000,0.480000,0.000000
1,0.056000,27.774376,4.000000,0.480000,0.480000,0.000000
1,0.056000,22.774387,3.000000,0.480000,0.480000,0.000000
1,0.056000,17.774368,2.000000,0.480000,0.480000,0.000000
1,0.056000,17.774380,2.000000,0.480000,0.480000,0.000000
2,0.058492,43.392784,7.000000,0.488815,0.537929,0.000000
2,0.056000,38.516228,6.000000,0.480000,0.480000,0.077085
2,0.056000,38.516205,6.000000,0.480000,0.480000,0.077085
2,0.056000,33.516209,5.000000,0.480000,0.480000,0.077085
2,0.056000,28.516251,4.000000,0.480000,0.480000,0.077085
2,0.061837,28.301128,4.000000,0.488772,0.493308,0.065040
2,0.056000,23.516253,3.000000,0.480000,0.480000,0.077085
2,0.056000,23.516237,3.000000,0.480000,0.480000,0.077085
2,0.056000,23.516262,3.000000,0.480000,0.480000,0.077085
2,0.056000,23.516245,3.000000,0.480000,0.480000,0.077085
2,0.056000,18.516253,2.000000,0.480000,0.480000,0.077085
2,0.058356,18.250767,2.000000,0.510545,0.428725,0.138231
2,0.057381,18.466602,2.000000,0.482053,0.467862,0.088545
2,0.056000,8.516218,0.000000,0.480000,0.480000,0.077085
2,0.054393,8.438614,0.000000,0.499611,0.527305,0.044418
3,0.056000,47.290459,8.000000,0.480000,0.480000,0.000000
3,0.056000,47.290459,8.000000,0.480000,0.480000,0.000000
3,0.056000,37.290535,6.000000,0.480000,0.480000,0.000000
3,0.056000,37.290443,6.000000,0.480000,0.480000,0.000000
3,0.056000,32.290436,5.000000,0.480000,0.480000,0.000000
3,0.057381,27.199883,4.000000,0.482053,0.467862,0.020615
3,0.058492,22.065025,3.000000,0.488815,0.537929,0.077085
3,0.061837,21.897713,3.000000,0.488772,0.493308,0.061328
3,0.056000,17.290525,2.000000,0.480000,0.480000,0.000000
3,0.056000,17.290552,2.000000,0.480000,0.480000,0.000000
3,0.056000,17.290545,2.000000,0.480000,0.480000,0.000000
3,0.058356,11.805748,1.000000,0.510545,0.428725,0.074808
3,0.056000,7.290485,0.000000,0.480000,0.480000,0.000000
4,0.061837,61.639053,11.000000,0.488772,0.493308,0.000000
4,0.056000,47.064663,8.000000,0.480000,0.480000,0.061328
4,0.056000,37.064659,6.000000,0.480000,0.480000,0.061328
4,0.057381,36.966648,6.000000,0.482053,0.467862,0.055165
4,0.058492,31.820408,5.000000,0.488815,0.537929,0.065040
4,0.056000,32.064728,5.000000,0.480000,0.480000,0.061328
4,0.056000,27.064764,4.000000,0.480000,0.480000,0.061328
4,0.056000,22.064774,3.000000,0.480000,0.480000,0.061328
4,0.056000,12.064692,1.000000,0.480000,0.480000,0.061328
4,0.056000,12.064692,1.000000,0.480000,0.480000,0.061328
4,0.056000,7.064692,0.000000,0.480000,0.480000,0.061328
4,0.058356,6.539542,0.000000,0.510545,0.428725,0.090572
5,0.056000,53.032372,9.000000,0.480000,0.480000,0.000000
5,0.056000,48.032349,8.000000,0.480000,0.480000,0.000000
5,0.056000,43.032379,7.000000,0.480000,0.480000,0.000000
5,0.057381,42.966675,7.000000,0.482053,0.467862,0.020615
5,0.058492,32.868660,5.000000,0.488815,0.537929,0.077085
5,0.061837,27.747149,4.000000,0.488772,0.493308,0.061328
5,0.056000,23.032410,3.000000,0.480000,0.480000,0.000000
5,0.056000,23.032379,3.000000,0.480000,0.480000,0.000000
5,0.056000,18.032421,2.000000,0.480000,0.480000,0.000000
5,0.056000,18.032425,2.000000,0.480000,0.480000,0.000000
6,0.058492,58.427727,10.000000,0.488815,0.537929,0.000000
6,0.061837,38.338043,6.000000,0.488772,0.493308,0.065040
6,0.052858,38.409901,6.000000,0.517104,0.436679,0.141394
6,0.056000,33.548508,5.000000,0.480000,0.480000,0.077085
6,0.056000,28.548504,4.000000,0.480000,0.480000,0.077085
6,0.060064,28.244677,4.000000,0.509681,0.426768,0.141386
6,0.056000,23.548504,3.000000,0.480000,0.480000,0.077085
6,0.049242,23.735783,3.000000,0.477719,0.516223,0.097038
6,0.056000,18.548498,2.000000,0.480000,0.480000,0.077085
6,0.056000,18.548500,2.000000,0.480000,0.480000,0.077085
6,0.056000,13.548474,1.000000,0.480000,0.480000,0.077085
6,0.057381,13.499937,1.000000,0.482053,0.467862,0.088545
6,0.056000,13.548474,1.000000,0.480000,0.480000,0.077085
6,0.058455,13.433719,1.000000,0.488033,0.491677,0.057822
6,0.057820,13.562808,1.000000,0.470052,0.514346,0.035584
7,0.056700,47.426590,8.000000,0.512941,0.567073,0.000000
7,0.059809,42.294998,7.000000,0.512038,0.463306,0.133387
7,0.061837,32.451637,5.000000,0.488772,0.493308,0.108286
7,0.062853,27.339695,4.000000,0.495344,0.477579,0.128880
7,0.056000,27.774372,4.000000,0.480000,0.480000,0.113932
7,0.056000,22.774384,3.000000,0.480000,0.480000,0.113932
7,0.056000,22.774372,3.000000,0.480000,0.480000,0.113932
7,0.056000,17.774338,2.000000,0.480000,0.480000,0.113932
7,0.060064,17.308504,2.000000,0.509681,0.426768,0.178609
7,0.049242,18.061558,2.000000,0.477719,0.516223,0.104130
7,0.056000,17.774328,2.000000,0.480000,0.480000,0.113932
7,0.058492,17.589127,2.000000,0.488815,0.537929,0.047228
7,0.056485,17.479988,2.000000,0.508558,0.400197,0.208652
7,0.056000,12.774327,1.000000,0.480000,0.480000,0.113932
7,0.052351,12.460839,1.000000,0.530264,0.437603,0.168472
7,0.058455,12.598369,1.000000,0.488033,0.491677,0.099050
7,0.056000,12.774327,1.000000,0.480000,0.480000,0.113932
7,0.057820,7.796302,0.000000,0.470052,0.514346,0.079428
7,0.057381,7.699903,0.000000,0.482053,0.467862,0.127984
7,0.052858,7.561848,0.000000,0.517104,0.436679,0.167509
7,0.056559,6.992066,0.000000,0.555250,0.458614,0.142029
8,0.056485,43.466080,7.000000,0.508558,0.400197,0.000000
8,0.056700,38.433594,6.000000,0.512941,0.567073,0.208652
8,0.056000,38.645248,6.000000,0.480000,0.480000,0.103874
8,0.060064,33.361660,5.000000,0.509681,0.426768,0.048843
8,0.056000,33.645248,5.000000,0.480000,0.480000,0.103874
8,0.056000,28.645277,4.000000,0.480000,0.480000,0.103874
8,0.052351,28.454384,4.000000,0.530264,0.437603,0.066078
8,0.061837,23.448856,3.000000,0.488772,0.493308,0.129627
8,0.062853,23.380684,3.000000,0.495344,0.477579,0.116559
8,0.056000,23.645277,3.000000,0.480000,0.480000,0.103874
8,0.058455,18.538099,2.000000,0.488033,0.491677,0.117836
8,0.056000,13.645243,1.000000,0.480000,0.480000,0.103874
8,0.056000,13.645243,1.000000,0.480000,0.480000,0.103874
8,0.058492,8.532530,0.000000,0.488815,0.537929,0.174453
8,0.049242,8.820040,0.000000,0.477719,0.516223,0.165020
8,0.056000,8.645243,0.000000,0.480000,0.480000,0.103874
8,0.059809,8.353487,0.000000,0.512038,0.463306,0.085676
9,0.062853,57.802357,10.000000,0.495344,0.477579,0.000000
9,0.052351,42.902397,7.000000,0.530264,0.437603,0.121431
9,0.056000,38.161427,6.000000,0.480000,0.480000,0.070288
9,0.056000,38.161392,6.000000,0.480000,0.480000,0.070288
9,0.061837,32.894840,5.000000,0.488772,0.493308,0.023084
9,0.056000,28.161449,4.000000,0.480000,0.480000,0.070288
9,0.060064,22.776590,3.000000,0.509681,0.426768,0.070831
9,0.056485,17.918251,2.000000,0.508558,0.400197,0.116559
9,0.056700,17.874205,2.000000,0.512941,0.567073,0.128880
9,0.056000,18.161434,2.000000,0.480000,0.480000,0.070288
9,0.056000,18.161419,2.000000,0.480000,0.480000,0.070288
9,0.058455,13.016044,1.000000,0.488033,0.491677,0.047936
9,0.056000,8.161401,0.000000,0.480000,0.480000,0.070288
10,0.061837,48.448830,8.000000,0.488772,0.493308,0.000000
10,0.056485,43.466080,7.000000,0.508558,0.400197,0.129627
10,0.052351,33.454391,5.000000,0.530264,0.437603,0.124779
10,0.060064,33.361687,5.000000,0.509681,0.426768,0.087577
10,0.056000,28.645266,4.000000,0.480000,0.480000,0.061328
10,0.056000,28.645277,4.000000,0.480000,0.480000,0.061328
10,0.056000,28.645269,4.000000,0.480000,0.480000,0.061328
10,0.056700,28.433615,4.000000,0.512941,0.567073,0.108286
10,0.056000,28.645273,4.000000,0.480000,0.480000,0.061328
10,0.056000,23.645273,3.000000,0.480000,0.480000,0.061328
10,0.062853,18.380684,2.000000,0.495344,0.477579,0.023084
10,0.058455,8.538137,0.000000,0.488033,0.491677,0.033892
11,0.056700,52.575790,9.000000,0.512941,0.567073,0.000000
11,0.052351,42.607975,7.000000,0.530264,0.437603,0.168472
11,0.056000,42.903336,7.000000,0.480000,0.480000,0.113932
11,0.056000,37.903343,6.000000,0.480000,0.480000,0.113932
11,0.056000,32.903328,5.000000,0.480000,0.480000,0.113932
11,0.061837,27.599421,4.000000,0.488772,0.493308,0.108286
11,0.056000,27.903399,4.000000,0.480000,0.480000,0.113932
11,0.056485,22.626076,3.000000,0.508558,0.400197,0.208652
11,0.056000,17.903395,2.000000,0.480000,0.480000,0.113932
11,0.062853,17.493916,2.000000,0.495344,0.477579,0.128880
11,0.060064,12.464533,1.000000,0.509681,0.426768,0.178609
12,0.056700,48.097935,8.000000,0.512941,0.567073,0.000000
12,0.061837,38.116440,6.000000,0.488772,0.493308,0.108286
12,0.056000,38.354912,6.000000,0.480000,0.480000,0.113932
12,0.056000,33.354954,5.000000,0.480000,0.480000,0.113932
12,0.056485,28.137383,4.000000,0.508558,0.400197,0.208652
12,0.056000,23.354980,3.000000,0.480000,0.480000,0.113932
12,0.060064,23.010633,3.000000,0.509681,0.426768,0.178609
12,0.049967,23.337866,3.000000,0.510784,0.507362,0.100539
12,0.054161,23.159561,3.000000,0.516251,0.522506,0.061310
12,0.056000,18.354961,2.000000,0.480000,0.480000,0.113932
12,0.053321,17.938032,2.000000,0.550726,0.438480,0.168543
12,0.053326,18.695156,2.000000,0.438078,0.459969,0.157055
12,0.052351,13.123229,1.000000,0.530264,0.437603,0.168472
12,0.056000,13.354938,1.000000,0.480000,0.480000,0.113932
12,0.062853,13.033688,1.000000,0.495344,0.477579,0.128880
12,0.062048,8.068804,0.000000,0.494073,0.523753,0.078417
13,0.056000,43.290424,7.000000,0.480000,0.480000,0.000000
13,0.060064,37.932564,6.000000,0.509681,0.426768,0.083427
13,0.049967,33.272625,5.000000,0.510784,0.507362,0.075874
13,0.054161,33.087387,5.000000,0.516251,0.522506,0.066898
13,0.056700,28.023380,4.000000,0.512941,0.567073,0.113932
13,0.056000,28.290462,4.000000,0.480000,0.480000,0.000000
13,0.053326,28.643986,4.000000,0.438078,0.459969,0.055671
13,0.061837,23.042604,3.000000,0.488772,0.493308,0.061328
13,0.056000,23.290470,3.000000,0.480000,0.480000,0.000000
13,0.056000,23.290470,3.000000,0.480000,0.480000,0.000000
13,0.056485,18.064339,2.000000,0.508558,0.400197,0.103874
13,0.053321,17.857193,2.000000,0.550726,0.438480,0.091725
13,0.052351,13.049630,1.000000,0.530264,0.437603,0.081651
13,0.062853,12.956577,1.000000,0.495344,0.477579,0.070288
13,0.056000,8.290425,0.000000,0.480000,0.480000,0.000000
14,0.062853,53.419239,9.000000,0.495344,0.477579,0.000000
14,0.056700,33.470909,5.000000,0.512941,0.567073,0.128880
14,0.056000,33.677498,5.000000,0.480000,0.480000,0.070288
14,0.056000,33.677505,5.000000,0.480000,0.480000,0.070288
14,0.056485,28.502602,4.000000,0.508558,0.400197,0.116559
14,0.052351,28.491192,4.000000,0.530264,0.437603,0.121431
14,0.054161,23.520432,3.000000,0.516251,0.522506,0.105571
14,0.056000,23.677523,3.000000,0.480000,0.480000,0.070288
14,0.053326,23.951008,3.000000,0.438078,0.459969,0.113309
14,0.061837,23.485788,3.000000,0.488772,0.493308,0.023084
14,0.053321,23.342363,3.000000,0.550726,0.438480,0.120584
14,0.049967,18.663774,2.000000,0.510784,0.507362,0.135010
14,0.060064,13.400705,1.000000,0.509681,0.426768,0.070831
14,0.056000,8.677499,0.000000,0.480000,0.480000,0.070288
15,0.056485,53.027817,9.000000,0.508558,0.400197,0.000000
15,0.052351,43.012783,7.000000,0.530264,0.437603,0.066078
15,0.056000,43.258163,7.000000,0.480000,0.480000,0.103874
15,0.061837,38.005630,6.000000,0.488772,0.493308,0.129627
15,0.056000,28.258213,4.000000,0.480000,0.480000,0.103874
15,0.054161,28.051300,4.000000,0.516251,0.522506,0.154833
15,0.053326,28.618401,4.000000,0.438078,0.459969,0.107457
15,0.056700,22.986071,3.000000,0.512941,0.567073,0.208652
15,0.062853,17.918022,2.000000,0.495344,0.477579,0.116559
15,0.056000,18.258221,2.000000,0.480000,0.480000,0.103874
15,0.053321,12.816725,1.000000,0.550726,0.438480,0.071196
15,0.060064,12.893612,1.000000,0.509681,0.426768,0.048843
15,0.049967,8.240093,0.000000,0.510784,0.507362,0.148986
16,0.053321,41.037724,7.000000,0.550726,0.438480,0.000000
16,0.052351,36.393589,6.000000,0.530264,0.437603,0.022674
16,0.056485,31.420853,5.000000,0.508558,0.400197,0.071196
16,0.056000,31.838861,5.000000,0.480000,0.480000,0.091725
16,0.061837,26.380665,4.000000,0.488772,0.493308,0.125650
16,0.056000,26.838984,4.000000,0.480000,0.480000,0.091725
16,0.053326,27.492653,4.000000,0.438078,0.459969,0.115807
16,0.060064,26.177296,4.000000,0.509681,0.426768,0.080284
16,0.054161,21.463470,3.000000,0.516251,0.522506,0.110864
16,0.056700,21.345137,3.000000,0.512941,0.567073,0.168543
16,0.062853,21.221596,3.000000,0.495344,0.477579,0.120584
16,0.056000,16.838972,2.000000,0.480000,0.480000,0.091725
17,0.056000,33.483948,5.000000,0.480000,0.480000,0.000000
17,0.061837,28.264196,4.000000,0.488772,0.493308,0.061328
17,0.053326,28.797497,4.000000,0.438078,0.459969,0.055671
17,0.060064,28.166662,4.000000,0.509681,0.426768,0.083427
17,0.055563,27.849945,4.000000,0.573867,0.400000,0.137223
17,0.055311,28.108482,4.000000,0.539484,0.428877,0.087576
17,0.054650,28.049419,4.000000,0.551144,0.450737,0.081127
17,0.057997,28.661325,4.000000,0.443217,0.531284,0.076558
17,0.053321,23.099777,3.000000,0.550726,0.438480,0.091725
17,0.056485,23.283470,3.000000,0.508558,0.400197,0.103874
17,0.056000,23.483994,3.000000,0.480000,0.480000,0.000000
17,0.054161,23.303909,3.000000,0.516251,0.522506,0.066898
17,0.052351,18.270409,2.000000,0.530264,0.437603,0.081651
17,0.056700,18.247139,2.000000,0.512941,0.567073,0.113932
17,0.062853,13.187908,1.000000,0.495344,0.477579,0.070288
17,0.056000,8.483962,0.000000,0.480000,0.480000,0.000000
18,0.056485,58.429558,10.000000,0.508558,0.400197,0.000000
18,0.053321,38.261471,6.000000,0.550726,0.438480,0.071196
18,0.055563,33.032928,5.000000,0.573867,0.400000,0.065956
18,0.055311,33.269463,5.000000,0.539484,0.428877,0.048778
18,0.057997,33.775299,5.000000,0.443217,0.531284,0.177053
18,0.056700,33.396309,5.000000,0.512941,0.567073,0.208652
18,0.054650,28.215422,4.000000,0.551144,0.450737,0.078365
18,0.060064,23.322691,3.000000,0.509681,0.426768,0.048843
18,0.054161,23.448257,3.000000,0.516251,0.522506,0.154833
18,0.061837,18.411924,2.000000,0.488772,0.493308,0.129627
18,0.056000,13.612987,1.000000,0.480000,0.480000,0.103874
18,0.053326,13.899837,1.000000,0.438078,0.459969,0.107457
18,0.056000,8.612987,0.000000,0.480000,0.480000,0.103874
18,0.052351,8.417624,0.000000,0.530264,0.437603,0.066078
18,0.062853,8.342129,0.000000,0.495344,0.477579,0.116559
19,0.055311,56.780396,10.000000,0.539484,0.428877,0.000000
19,0.054650,41.679871,7.000000,0.551144,0.450737,0.030435
19,0.060064,41.879330,7.000000,0.509681,0.426768,0.056162
19,0.061837,37.045338,6.000000,0.488772,0.493308,0.115401
19,0.056485,32.078247,5.000000,0.508558,0.400197,0.048778
19,0.057997,27.721405,4.000000,0.443217,0.531284,0.162404
19,0.055563,21.340332,3.000000,0.573867,0.400000,0.049915
19,0.056700,22.016436,3.000000,0.512941,0.567073,0.175323
19,0.056000,22.419573,3.000000,0.480000,0.480000,0.087576
19,0.053321,11.765520,1.000000,0.550726,0.438480,0.025816
19,0.054161,12.113037,1.000000,0.516251,0.522506,0.119873
19,0.053326,7.953186,0.000000,0.438078,0.459969,0.110397
20,0.057997,48.205673,8.000000,0.443217,0.531284,0.000000
20,0.053321,47.452839,8.000000,0.550726,0.438480,0.164928
20,0.054650,37.385456,6.000000,0.551144,0.450737,0.151344
20,0.056485,32.699120,5.000000,0.508558,0.400197,0.177053
20,0.056700,32.650398,5.000000,0.512941,0.567073,0.083851
20,0.056000,32.967857,5.000000,0.480000,0.480000,0.076558
20,0.061837,27.673285,4.000000,0.488772,0.493308,0.076183
20,0.054161,27.726517,4.000000,0.516251,0.522506,0.083219
20,0.055311,22.464561,3.000000,0.539484,0.428877,0.162404
20,0.055563,17.118011,2.000000,0.573867,0.400000,0.211168
20,0.060064,7.542542,0.000000,0.509681,0.426768,0.148030
21,0.055563,56.340332,10.000000,0.573867,0.400000,0.000000
21,0.053321,41.765480,7.000000,0.550726,0.438480,0.057895
21,0.056000,42.419479,7.000000,0.480000,0.480000,0.137223
21,0.054161,42.113037,7.000000,0.516251,0.522506,0.164213
21,0.055311,36.780396,6.000000,0.539484,0.428877,0.049915
21,0.056485,27.078247,4.000000,0.508558,0.400197,0.065956
21,0.054650,21.679861,3.000000,0.551144,0.450737,0.067985
21,0.061837,22.045441,3.000000,0.488772,0.493308,0.157421
21,0.056700,17.016417,2.000000,0.512941,0.567073,0.217844
21,0.057997,12.721405,1.000000,0.443217,0.531284,0.211168
22,0.056700,53.209808,9.000000,0.512941,0.567073,0.000000
22,0.055311,43.068237,7.000000,0.539484,0.428877,0.175323
22,0.056000,33.451710,5.000000,0.480000,0.480000,0.113932
22,0.055563,27.804199,4.000000,0.573867,0.400000,0.217844
22,0.053321,28.059332,4.000000,0.550726,0.438480,0.168543
22,0.056485,28.246948,4.000000,0.508558,0.400197,0.208652
22,0.061837,28.227264,4.000000,0.488772,0.493308,0.108286
22,0.050085,23.369602,3.000000,0.520840,0.571416,0.066837
22,0.054161,18.267822,2.000000,0.516251,0.522506,0.061310
22,0.054650,18.007912,2.000000,0.551144,0.450737,0.151744
22,0.060687,18.036743,2.000000,0.519222,0.408399,0.202408
22,0.058546,18.672394,2.000000,0.434705,0.539180,0.087622
22,0.057997,13.632843,1.000000,0.443217,0.531284,0.083851
22,0.048198,13.042053,1.000000,0.581828,0.475102,0.158715
22,0.059594,8.084625,0.000000,0.517529,0.400000,0.210887
23,0.053321,52.169785,9.000000,0.550726,0.438480,0.000000
23,0.055563,46.797791,8.000000,0.573867,0.400000,0.057895
23,0.054161,42.473907,7.000000,0.516251,0.522506,0.110864
23,0.056700,32.389317,5.000000,0.512941,0.567073,0.168543
23,0.048198,32.144661,5.000000,0.581828,0.475102,0.075417
23,0.050085,22.622360,3.000000,0.520840,0.571416,0.171910
23,0.060687,22.136917,3.000000,0.519222,0.408399,0.088495
23,0.055311,17.182846,2.000000,0.539484,0.428877,0.025816
23,0.056485,17.443466,2.000000,0.508558,0.400197,0.071196
23,0.061837,17.414761,2.000000,0.488772,0.493308,0.125650
23,0.054650,17.094893,2.000000,0.551144,0.450737,0.020288
23,0.056000,12.742071,1.000000,0.480000,0.480000,0.091725
23,0.057997,13.006229,1.000000,0.443217,0.531284,0.164928
23,0.058546,8.063908,0.000000,0.434705,0.539180,0.178985
24,0.056700,41.568764,7.000000,0.512941,0.567073,0.000000
24,0.048198,41.247269,7.000000,0.581828,0.475102,0.158715
24,0.053321,36.280365,6.000000,0.550726,0.438480,0.168543
24,0.056485,36.639984,6.000000,0.508558,0.400197,0.208652
24,0.055311,26.297455,4.000000,0.539484,0.428877,0.175323
24,0.061837,26.602257,4.000000,0.488772,0.493308,0.108286
24,0.054650,26.181829,4.000000,0.551144,0.450737,0.151744
24,0.050085,21.875114,3.000000,0.520840,0.571416,0.066837
24,0.060687,21.237091,3.000000,0.519222,0.408399,0.202408
24,0.055563,15.791382,2.000000,0.573867,0.400000,0.217844
24,0.054161,16.679993,2.000000,0.516251,0.522506,0.061310
24,0.056000,12.032436,1.000000,0.480000,0.480000,0.113932
24,0.057997,12.379616,1.000000,0.443217,0.531284,0.083851
25,0.047267,47.849083,8.000000,0.636003,0.422722,0.000000
25,0.061187,38.119473,6.000000,0.522674,0.415260,0.179742
25,0.062271,27.521982,4.000000,0.594751,0.467480,0.165359
25,0.061837,28.338060,4.000000,0.488772,0.493308,0.225149
25,0.056700,28.321743,4.000000,0.512941,0.567073,0.237908
25,0.055563,27.941437,4.000000,0.573867,0.400000,0.107475
25,0.060305,23.241657,3.000000,0.509100,0.606114,0.292667
25,0.060687,23.159447,3.000000,0.519222,0.408399,0.178794
25,0.054161,18.376083,2.000000,0.516251,0.522506,0.186148
25,0.057997,18.718290,2.000000,0.443217,0.531284,0.259026
25,0.050085,18.471497,2.000000,0.520840,0.571416,0.220462
25,0.055311,18.188972,2.000000,0.539484,0.428877,0.125882
25,0.056485,18.356514,2.000000,0.508558,0.400197,0.159786
25,0.056000,13.548474,1.000000,0.480000,0.480000,0.192588
25,0.054650,13.132453,1.000000,0.551144,0.450737,0.117810
25,0.050781,13.480411,1.000000,0.515749,0.400000,0.128462
25,0.060830,13.045077,1.000000,0.534473,0.447571,0.172250
25,0.055130,8.048940,0.000000,0.560875,0.400000,0.112401
25,0.053321,8.180604,0.000000,0.550726,0.438480,0.106422
25,0.048198,8.164425,0.000000,0.581828,0.475102,0.085490
26,0.047267,47.084312,8.000000,0.636003,0.422722,0.000000
26,0.054650,42.468464,7.000000,0.551144,0.450737,0.117810
26,0.056700,37.724968,6.000000,0.512941,0.567073,0.237908
26,0.061837,32.747074,5.000000,0.488772,0.493308,0.225149
26,0.060687,32.505028,5.000000,0.519222,0.408399,0.178794
26,0.062271,26.640909,4.000000,0.594751,0.467480,0.165359
26,0.060305,27.616482,4.000000,0.509100,0.606114,0.292667
26,0.061187,22.450912,3.000000,0.522674,0.415260,0.179742
26,0.055563,22.209503,3.000000,0.573867,0.400000,0.107475
26,0.056000,18.032406,2.000000,0.480000,0.480000,0.192588
26,0.060830,12.349994,1.000000,0.534473,0.447571,0.172250
26,0.056485,12.772163,1.000000,0.508558,0.400197,0.159786
26,0.054161,12.798691,1.000000,0.516251,0.522506,0.186148
26,0.055311,7.545057,0.000000,0.539484,0.428877,0.125882
26,0.050085,7.928012,0.000000,0.520840,0.571416,0.220462
26,0.057997,8.262571,0.000000,0.443217,0.531284,0.259026
26,0.050781,7.940112,0.000000,0.515749,0.400000,0.128462
27,0.061187,66.364388,12.000000,0.522674,0.415260,0.000000
27,0.047267,40.841560,7.000000,0.636003,0.422722,0.179742
27,0.061837,41.786816,7.000000,0.488772,0.493308,0.103487
27,0.060687,26.441597,4.000000,0.519222,0.408399,0.010512
27,0.062271,25.209166,4.000000,0.594751,0.467480,0.097843
27,0.060305,26.600559,4.000000,0.509100,0.606114,0.239116
27,0.055563,26.020111,4.000000,0.573867,0.400000,0.078402
27,0.056700,21.755375,3.000000,0.512941,0.567073,0.195242
27,0.054161,21.860428,3.000000,0.516251,0.522506,0.151488
27,0.060830,11.220483,1.000000,0.534473,0.447571,0.042227
27,0.056485,11.822594,1.000000,0.508558,0.400197,0.052583
27,0.054650,6.389390,0.000000,0.551144,0.450737,0.083962
27,0.056000,7.193717,0.000000,0.480000,0.480000,0.105167
28,0.060305,51.366112,9.000000,0.509100,0.606114,0.000000
28,0.062271,44.878632,8.000000,0.594751,0.467480,0.194302
28,0.061187,36.113575,6.000000,0.522674,0.415260,0.239116
28,0.054161,36.643906,6.000000,0.516251,0.522506,0.121441
28,0.047267,30.554771,5.000000,0.636003,0.422722,0.292667
28,0.060830,30.959908,5.000000,0.534473,0.447571,0.199867
28,0.061837,21.565325,3.000000,0.488772,0.493308,0.143287
28,0.055563,20.745636,3.000000,0.573867,0.400000,0.269857
28,0.060687,16.196190,2.000000,0.519222,0.408399,0.247381
28,0.056700,16.531612,2.000000,0.512941,0.567073,0.060795
28,0.056485,11.603480,1.000000,0.508558,0.400197,0.260217
29,0.062055,42.930229,7.000000,0.544501,0.472498,0.000000
29,0.060305,43.241669,7.000000,0.509100,0.606114,0.171626
29,0.061187,28.119526,4.000000,0.522674,0.415260,0.075305
29,0.061837,28.338060,4.000000,0.488772,0.493308,0.061540
29,0.055563,27.941437,4.000000,0.573867,0.400000,0.115277
29,0.060687,23.159447,3.000000,0.519222,0.408399,0.085124
29,0.056038,23.353354,3.000000,0.511073,0.435830,0.082698
29,0.056485,23.356514,3.000000,0.508558,0.400197,0.112083
29,0.060830,23.045105,3.000000,0.534473,0.447571,0.034949
29,0.062271,22.521982,3.000000,0.594751,0.467480,0.050686
29,0.056700,18.321749,2.000000,0.512941,0.567073,0.133565
29,0.047267,17.849083,2.000000,0.636003,0.422722,0.184696
29,0.054161,18.376083,2.000000,0.516251,0.522506,0.104579
29,0.064998,12.784495,1.000000,0.550436,0.481300,0.031979
29,0.054586,13.208842,1.000000,0.540072,0.552790,0.125187
29,0.046489,12.568846,1.000000,0.681795,0.422822,0.216644
29,0.064876,8.343039,0.000000,0.476474,0.613338,0.190832
30,0.062055,37.654289,6.000000,0.544501,0.472498,0.000000
30,0.055563,32.666962,5.000000,0.573867,0.400000,0.115277
30,0.047267,32.562294,5.000000,0.636003,0.422722,0.184696
30,0.056038,28.133787,4.000000,0.511073,0.435830,0.082698
30,0.060830,27.784451,4.000000,0.534473,0.447571,0.034949
30,0.046489,27.244692,4.000000,0.681795,0.422822,0.216644
30,0.061837,23.116468,3.000000,0.488772,0.493308,0.061540
30,0.060687,22.914040,3.000000,0.519222,0.408399,0.085124
30,0.062271,22.191580,3.000000,0.594751,0.467480,0.050686
30,0.054586,22.970051,3.000000,0.540072,0.552790,0.125187
30,0.060305,18.007200,2.000000,0.509100,0.606114,0.171626
30,0.056485,18.137383,2.000000,0.508558,0.400197,0.112083
30,0.056700,18.097973,2.000000,0.512941,0.567073,0.133565
30,0.064998,17.489132,2.000000,0.550436,0.481300,0.031979
30,0.061187,12.868758,1.000000,0.522674,0.415260,0.075305
30,0.054161,13.159561,1.000000,0.516251,0.522506,0.104579
31,0.052463,37.517834,6.000000,0.735332,0.400000,0.000000
31,0.056038,28.719271,4.000000,0.511073,0.435830,0.231465
31,0.061187,28.537399,4.000000,0.522674,0.415260,0.230646
31,0.046489,28.109102,4.000000,0.681795,0.422822,0.085141
31,0.055563,23.398895,3.000000,0.573867,0.400000,0.164415
31,0.060144,23.629541,3.000000,0.510307,0.518828,0.280354
31,0.064998,23.276844,3.000000,0.550436,0.481300,0.245413
31,0.062271,23.072653,3.000000,0.594751,0.467480,0.191042
31,0.060830,23.479532,3.000000,0.534473,0.447571,0.225569
31,0.062055,23.390150,3.000000,0.544501,0.472498,0.232011
31,0.060687,18.568459,2.000000,0.519222,0.408399,0.231466
31,0.054586,18.606907,2.000000,0.540072,0.552790,0.273959
31,0.054161,18.736954,2.000000,0.516251,0.522506,0.267833
31,0.047267,18.327065,2.000000,0.636003,0.422722,0.115642
31,0.060305,13.632379,1.000000,0.509100,0.606114,0.351725
31,0.056700,13.694663,1.000000,0.512941,0.567073,0.308006
31,0.061837,13.707380,1.000000,0.488772,0.493308,0.288415
31,0.041355,13.665624,1.000000,0.607255,0.400000,0.169535
31,0.053502,13.765326,1.000000,0.513560,0.415977,0.222912
31,0.056012,13.473463,1.000000,0.558094,0.420109,0.182496
31,0.056485,8.721733,0.000000,0.508558,0.400197,0.230313
31,0.059677,8.599467,0.000000,0.517892,0.435699,0.233401
32,0.047267,43.661652,7.000000,0.636003,0.422722,0.000000
32,0.060144,33.903633,5.000000,0.510307,0.518828,0.216362
32,0.060830,33.783630,5.000000,0.534473,0.447571,0.172250
32,0.052463,28.014267,4.000000,0.735332,0.400000,0.115642
32,0.060687,28.854767,4.000000,0.519222,0.408399,0.178794
32,0.056012,23.778770,3.000000,0.558094,0.420109,0.117169
32,0.060305,23.905914,3.000000,0.509100,0.606114,0.292667
32,0.062271,23.458122,3.000000,0.594751,0.467480,0.165359
32,0.046489,23.487282,3.000000,0.681795,0.422822,0.046447
32,0.061187,23.829924,3.000000,0.522674,0.415260,0.179742
32,0.064998,18.621483,2.000000,0.550436,0.481300,0.210057
32,0.062055,18.712120,2.000000,0.544501,0.472498,0.184696
32,0.055563,18.719116,2.000000,0.573867,0.400000,0.107475
32,0.054586,18.885509,2.000000,0.540072,0.552790,0.202467
32,0.056700,13.955730,1.000000,0.512941,0.567073,0.237908
32,0.041355,13.932499,1.000000,0.607255,0.400000,0.071609
32,0.054161,8.989563,0.000000,0.516251,0.522506,0.186148
32,0.061837,8.965904,0.000000,0.488772,0.493308,0.225149
32,0.053502,9.012260,0.000000,0.513560,0.415977,0.137663
32,0.056038,8.975437,0.000000,0.511073,0.435830,0.153521
33,0.056012,36.467270,6.000000,0.558094,0.420109,0.000000
33,0.062271,35.539440,6.000000,0.594751,0.467480,0.093632
33,0.052463,29.255558,5.000000,0.735332,0.400000,0.182496
33,0.055563,31.294586,5.000000,0.573867,0.400000,0.030013
33,0.054586,31.775990,5.000000,0.540072,0.552790,0.167436
33,0.041355,31.911913,5.000000,0.607255,0.400000,0.156625
33,0.060687,26.687004,4.000000,0.519222,0.408399,0.062533
33,0.061187,26.615158,4.000000,0.522674,0.415260,0.063000
33,0.046489,20.623922,3.000000,0.681795,0.422822,0.156148
33,0.047267,16.128349,2.000000,0.636003,0.422722,0.117169
33,0.060144,16.828367,2.000000,0.510307,0.518828,0.138628
33,0.060305,16.835001,2.000000,0.509100,0.606114,0.241459
33,0.064998,11.012092,1.000000,0.550436,0.481300,0.118255
33,0.060830,6.481156,0.000000,0.534473,0.447571,0.063701
33,0.062055,6.274365,0.000000,0.544501,0.472498,0.090137
33,0.056700,6.979077,0.000000,0.512941,0.567073,0.189298
34,0.046489,56.326340,10.000000,0.681795,0.422822,0.000000
34,0.062271,36.255409,6.000000,0.594751,0.467480,0.188677
34,0.054586,32.293423,5.000000,0.540072,0.552790,0.230290
34,0.060305,32.342964,5.000000,0.509100,0.606114,0.318441
34,0.055563,26.889282,4.000000,0.573867,0.400000,0.143863
34,0.060687,27.218719,4.000000,0.519222,0.408399,0.216592
34,0.047267,26.749725,4.000000,0.636003,0.422722,0.046447
34,0.056012,22.034157,3.000000,0.558094,0.420109,0.156148
34,0.052463,20.177505,3.000000,0.735332,0.400000,0.085141
34,0.041355,17.407440,2.000000,0.607255,0.400000,0.094898
34,0.061187,17.158403,2.000000,0.522674,0.415260,0.216820
34,0.060144,12.337398,1.000000,0.510307,0.518828,0.249909
34,0.064998,11.652126,1.000000,0.550436,0.481300,0.238448
35,0.049742,52.369541,9.000000,0.736468,0.426458,0.000000
35,0.056355,38.357990,6.000000,0.546659,0.513654,0.228653
35,0.064998,33.079929,5.000000,0.550436,0.481300,0.250168
35,0.061187,23.370258,3.000000,0.522674,0.415260,0.242905
35,0.047894,23.048021,3.000000,0.646538,0.400000,0.097584
35,0.055063,23.674208,3.000000,0.496942,0.578774,0.310573
35,0.047267,23.135872,3.000000,0.636003,0.422722,0.103574
35,0.060305,23.476097,3.000000,0.509100,0.606114,0.336580
35,0.046489,17.893000,2.000000,0.681795,0.422822,0.063780
35,0.054586,18.447693,2.000000,0.540072,0.552790,0.256622
35,0.064514,18.310829,2.000000,0.518208,0.459131,0.266700
35,0.062271,17.852385,2.000000,0.594751,0.467480,0.195987
35,0.056012,13.299002,1.000000,0.558094,0.420109,0.189241
35,0.041355,13.513124,1.000000,0.607255,0.400000,0.157553
35,0.060144,13.472918,1.000000,0.510307,0.518828,0.274410
35,0.060687,13.404854,1.000000,0.519222,0.408399,0.244304
35,0.055563,13.215912,1.000000,0.573867,0.400000,0.175847
35,0.066522,13.524616,1.000000,0.476942,0.636538,0.405552
35,0.059894,13.040322,1.000000,0.579292,0.400000,0.190015
35,0.052463,7.234158,0.000000,0.735332,0.400000,0.042844
36,0.060687,38.445755,6.000000,0.519222,0.408399,0.000000
36,0.061187,38.412025,6.000000,0.522674,0.415260,0.010512
36,0.049742,32.436989,5.000000,0.736468,0.426458,0.244304
36,0.056355,28.400093,4.000000,0.546659,0.513654,0.141206
36,0.060305,28.515186,4.000000,0.509100,0.606114,0.247381
36,0.046489,27.947025,4.000000,0.681795,0.422822,0.216592
36,0.041355,23.551235,3.000000,0.607255,0.400000,0.212674
36,0.047267,23.183670,3.000000,0.636003,0.422722,0.178794
36,0.064514,23.354141,3.000000,0.518208,0.459131,0.074080
36,0.062271,22.907452,3.000000,0.594751,0.467480,0.106816
36,0.054586,18.487492,2.000000,0.540072,0.552790,0.191659
36,0.056012,18.342617,2.000000,0.558094,0.420109,0.062533
36,0.055063,13.708202,1.000000,0.496942,0.578774,0.221393
36,0.047894,13.098072,1.000000,0.646538,0.400000,0.180790
36,0.064998,13.129129,1.000000,0.550436,0.481300,0.105534
36,0.055563,13.261658,1.000000,0.573867,0.400000,0.075638
36,0.066522,13.562447,1.000000,0.476942,0.636538,0.294138
36,0.060144,8.512074,0.000000,0.510307,0.518828,0.138430
36,0.059894,8.090570,0.000000,0.579292,0.400000,0.061493
37,0.049742,45.076321,8.000000,0.736468,0.426458,0.000000
37,0.060687,37.014214,6.000000,0.519222,0.408399,0.244304
37,0.061187,26.949451,4.000000,0.522674,0.415260,0.242905
37,0.046489,26.056128,4.000000,0.681795,0.422822,0.063780
37,0.041355,27.216808,4.000000,0.607255,0.400000,0.157553
37,0.066522,22.238384,3.000000,0.476942,0.636538,0.405552
37,0.054586,22.094410,3.000000,0.540072,0.552790,0.256622
37,0.047267,21.510735,3.000000,0.636003,0.422722,0.103574
37,0.060305,22.147596,3.000000,0.509100,0.606114,0.336580
37,0.056355,21.926495,3.000000,0.546659,0.513654,0.228653
37,0.064514,16.838219,2.000000,0.518208,0.459131,0.266700
37,0.062271,15.980104,2.000000,0.594751,0.467480,0.195987
37,0.056012,11.816080,1.000000,0.558094,0.420109,0.189241
37,0.055063,12.518389,1.000000,0.496942,0.578774,0.310573
37,0.047894,11.346296,1.000000,0.646538,0.400000,0.097584
37,0.064998,11.405959,1.000000,0.550436,0.481300,0.250168
37,0.055563,11.660553,1.000000,0.573867,0.400000,0.175847
38,0.047894,38.298283,6.000000,0.646538,0.400000,0.000000
38,0.047267,33.374863,5.000000,0.636003,0.422722,0.030936
38,0.046489,28.163128,4.000000,0.681795,0.422822,0.047479
38,0.050067,22.470924,3.000000,0.770894,0.420909,0.128918
38,0.064998,23.326088,3.000000,0.550436,0.481300,0.220951
38,0.049742,22.706779,3.000000,0.736468,0.426458,0.097584
38,0.051872,23.211311,3.000000,0.636929,0.460446,0.085930
38,0.060687,18.609360,2.000000,0.519222,0.408399,0.180790
38,0.055563,18.444641,2.000000,0.573867,0.400000,0.105656
38,0.059600,18.618450,2.000000,0.522214,0.400000,0.170763
38,0.060305,18.671480,2.000000,0.509100,0.606114,0.317289
38,0.062162,18.850407,2.000000,0.466443,0.602666,0.342007
38,0.066522,18.713768,2.000000,0.476942,0.636538,0.388442
38,0.041355,18.703732,2.000000,0.607255,0.400000,0.076279
38,0.060338,18.730366,2.000000,0.497552,0.601099,0.317602
38,0.040000,13.487410,1.000000,0.666991,0.400000,0.081545
38,0.056552,13.389097,1.000000,0.578895,0.438505,0.119953
38,0.055063,13.844181,1.000000,0.496942,0.578774,0.278311
38,0.062271,13.127720,1.000000,0.594751,0.467480,0.174547
38,0.056355,13.568504,1.000000,0.546659,0.513654,0.193181
38,0.054586,13.646681,1.000000,0.540072,0.552790,0.228668
38,0.061187,13.579172,1.000000,0.522674,0.415260,0.182692
38,0.056012,8.517078,0.000000,0.558094,0.420109,0.122658
38,0.064514,8.527390,0.000000,0.518208,0.459131,0.222612
38,0.058725,8.559198,0.000000,0.537257,0.512955,0.208828
38,0.044963,8.517954,0.000000,0.622717,0.400434,0.037770
38,0.060712,8.709650,0.000000,0.500043,0.478927,0.218233
39,0.046489,42.893028,7.000000,0.681795,0.422822,0.000000
39,0.050067,37.099045,6.000000,0.770894,0.420909,0.096044
39,0.060687,38.404854,6.000000,0.519222,0.408399,0.216592
39,0.062271,32.852364,5.000000,0.594751,0.467480,0.188677
39,0.040000,23.264992,3.000000,0.666991,0.400000,0.072414
39,0.047894,23.048021,3.000000,0.646538,0.400000,0.047479
39,0.062162,18.681349,2.000000,0.466443,0.602666,0.348536
39,0.061187,18.370260,2.000000,0.522674,0.415260,0.216820
39,0.054586,18.447695,2.000000,0.540072,0.552790,0.230290
39,0.056552,18.152231,2.000000,0.578895,0.438505,0.145255
39,0.055563,18.215912,2.000000,0.573867,0.400000,0.143863
39,0.049742,17.369541,2.000000,0.736468,0.426458,0.063780
39,0.064998,18.079908,2.000000,0.550436,0.481300,0.238448
39,0.047267,18.135872,2.000000,0.636003,0.422722,0.046447
39,0.066522,13.524616,1.000000,0.476942,0.636538,0.391745
39,0.060338,13.543622,1.000000,0.497552,0.601099,0.320600
39,0.051872,12.948269,1.000000,0.636929,0.460446,0.084395
39,0.055063,13.674208,1.000000,0.496942,0.578774,0.281999
39,0.060305,8.476079,0.000000,0.509100,0.606114,0.318441
39,0.059600,8.415305,0.000000,0.522214,0.400000,0.208494
39,0.041355,8.513124,0.000000,0.607255,0.400000,0.094898
39,0.056355,8.357990,0.000000,0.546659,0.513654,0.202207
40,0.047267,43.040276,7.000000,0.636003,0.422722,0.000000
40,0.050067,36.950264,6.000000,0.770894,0.420909,0.137785
40,0.051872,37.843052,6.000000,0.636929,0.460446,0.065919
40,0.040000,33.176018,5.000000,0.666991,0.400000,0.083951
40,0.054586,33.368088,5.000000,0.540072,0.552790,0.202467
40,0.061187,28.286688,4.000000,0.522674,0.415260,0.179742
40,0.047894,22.947920,3.000000,0.646538,0.400000,0.030936
40,0.049742,22.234646,3.000000,0.736468,0.426458,0.103574
40,0.062271,17.742250,2.000000,0.594751,0.467480,0.165359
40,0.060338,18.468956,2.000000,0.497552,0.601099,0.293206
40,0.046489,17.784948,2.000000,0.681795,0.422822,0.046447
40,0.056552,13.057441,1.000000,0.578895,0.438505,0.110780
40,0.064998,12.981429,1.000000,0.550436,0.481300,0.210057
40,0.055563,13.124420,1.000000,0.573867,0.400000,0.107475
40,0.062162,13.613726,1.000000,0.466443,0.602666,0.318638
40,0.060687,13.323051,1.000000,0.519222,0.408399,0.178794
40,0.066522,8.448956,0.000000,0.476942,0.636538,0.365802
40,0.055063,8.606218,0.000000,0.496942,0.578774,0.251926
41,0.047267,51.415138,9.000000,0.636003,0.422722,0.000000
41,0.062271,45.869873,8.000000,0.594751,0.467480,0.165359
41,0.055563,36.569061,6.000000,0.573867,0.400000,0.107475
41,0.050067,24.421154,4.000000,0.770894,0.420909,0.137785
41,0.061187,26.865885,4.000000,0.522674,0.415260,0.179742
41,0.049742,24.941425,4.000000,0.736468,0.426458,0.103574
41,0.051872,21.054363,3.000000,0.636929,0.460446,0.065919
41,0.047894,21.246195,3.000000,0.646538,0.400000,0.030936
41,0.060338,22.199335,3.000000,0.497552,0.601099,0.293206
41,0.054586,17.014799,2.000000,0.540072,0.552790,0.202467
41,0.062162,17.464132,2.000000,0.466443,0.602666,0.318638
41,0.040000,11.663404,1.000000,0.666991,0.400000,0.083951
41,0.060687,11.932411,1.000000,0.519222,0.408399,0.178794
41,0.046489,5.948076,0.000000,0.681795,0.422822,0.046447
41,0.056552,6.446538,0.000000,0.578895,0.438505,0.110780
41,0.064998,6.307509,0.000000,0.550436,0.481300,0.210057
42,0.049742,66.829956,12.000000,0.736468,0.426458,0.000000
42,0.060338,48.244919,8.000000,0.497552,0.601099,0.340535
42,0.047894,37.647663,6.000000,0.646538,0.400000,0.097584
42,0.062271,32.411804,5.000000,0.594751,0.467480,0.195987
42,0.061187,33.035931,5.000000,0.522674,0.415260,0.242905
42,0.050067,26.503941,4.000000,0.770894,0.420909,0.035268
42,0.051872,27.527401,4.000000,0.636929,0.460446,0.110304
42,0.060687,23.077644,3.000000,0.519222,0.408399,0.244304
42,0.054586,18.129267,2.000000,0.540072,0.552790,0.256622
42,0.047267,12.753487,1.000000,0.636003,0.422722,0.103574
42,0.055563,7.849945,0.000000,0.573867,0.400000,0.175847
42,0.062162,8.410856,0.000000,0.466443,0.602666,0.369938
42,0.040000,7.909066,0.000000,0.666991,0.400000,0.124141
43,0.049742,75.818123,14.000000,0.736468,0.426458,0.000000
43,0.062271,41.585804,7.000000,0.594751,0.467480,0.195987
43,0.047894,31.896898,5.000000,0.646538,0.400000,0.097584
43,0.060687,32.464127,5.000000,0.519222,0.408399,0.244304
43,0.054586,27.532238,4.000000,0.540072,0.552790,0.256622
43,0.047267,27.036514,4.000000,0.636003,0.422722,0.103574
43,0.061187,22.409136,3.000000,0.522674,0.415260,0.242905
43,0.050067,20.388157,3.000000,0.770894,0.420909,0.035268
43,0.051872,21.738274,3.000000,0.636929,0.460446,0.110304
43,0.060338,17.684759,2.000000,0.497552,0.601099,0.340535
44,0.049742,54.739082,10.000000,0.736468,0.426458,0.000000
44,0.047894,36.096138,6.000000,0.646538,0.400000,0.097584
44,0.054586,31.895401,5.000000,0.540072,0.552790,0.256622
44,0.050067,29.198044,5.000000,0.770894,0.420909,0.035268
44,0.058350,32.146843,5.000000,0.500751,0.445993,0.252129
44,0.051872,25.896538,4.000000,0.636929,0.460446,0.110304
44,0.047507,26.492805,4.000000,0.615302,0.405142,0.126058
44,0.062271,20.704769,3.000000,0.594751,0.467480,0.195987
44,0.060338,22.087313,3.000000,0.497552,0.601099,0.340535
44,0.043247,20.113390,3.000000,0.761224,0.400000,0.076975
44,0.047267,16.271744,2.000000,0.636003,0.422722,0.103574
44,0.060687,6.809693,0.000000,0.519222,0.408399,0.244304
44,0.061187,6.740454,0.000000,0.522674,0.415260,0.242905
44,0.055726,5.784269,0.000000,0.622858,0.416512,0.129010
45,0.051872,46.843491,8.000000,0.636929,0.460446,0.000000
45,0.060338,42.759468,7.000000,0.497552,0.601099,0.239800
45,0.049742,35.953140,6.000000,0.736468,0.426458,0.110304
45,0.050067,35.537003,6.000000,0.770894,0.420909,0.143927
45,0.062271,36.695919,6.000000,0.594751,0.467480,0.112558
45,0.058350,32.805264,5.000000,0.500751,0.445993,0.151878
45,0.047507,27.302162,4.000000,0.615302,0.405142,0.084572
45,0.043247,26.241066,4.000000,0.761224,0.400000,0.169110
45,0.047894,16.996956,2.000000,0.646538,0.400000,0.085930
45,0.054586,12.611790,1.000000,0.540072,0.552790,0.153107
45,0.047267,12.132111,1.000000,0.636003,0.422722,0.065919
46,0.053350,58.466339,11.000000,0.763660,0.437491,0.000000
46,0.051872,30.580887,5.000000,0.636929,0.460446,0.130776
46,0.047507,31.223030,5.000000,0.615302,0.405142,0.164498
46,0.049742,24.334396,4.000000,0.736468,0.426458,0.047240
46,0.047894,25.795738,4.000000,0.646538,0.400000,0.137444
46,0.047267,25.984955,4.000000,0.636003,0.422722,0.142610
46,0.062271,20.374367,3.000000,0.594751,0.467480,0.194662
46,0.050067,13.751725,2.000000,0.770894,0.420909,0.039497
46,0.065660,14.893394,2.000000,0.608563,0.520941,0.223806
46,0.043247,14.737479,2.000000,0.761224,0.400000,0.111401
46,0.051591,16.038136,2.000000,0.604721,0.495525,0.175594
46,0.062662,16.745525,2.000000,0.497309,0.649386,0.387000
46,0.059309,12.364426,1.000000,0.460014,0.504864,0.320693
46,0.054586,11.656506,1.000000,0.540072,0.552790,0.266300
46,0.058350,11.927433,1.000000,0.500751,0.445993,0.267831
46,0.060338,11.863186,1.000000,0.497552,0.601099,0.342813
46,0.056411,3.907230,0.000000,0.717158,0.440672,0.055815
47,0.053350,41.733170,7.000000,0.763660,0.437491,0.000000
47,0.043247,42.368748,7.000000,0.761224,0.400000,0.111401
47,0.050067,36.875885,6.000000,0.770894,0.420909,0.039497
47,0.047894,32.897896,5.000000,0.646538,0.400000,0.137444
47,0.065660,32.446735,5.000000,0.608563,0.520941,0.223806
47,0.051872,27.790443,4.000000,0.636929,0.460446,0.130776
47,0.047267,22.992477,3.000000,0.636003,0.422722,0.142610
47,0.051591,23.019070,3.000000,0.604721,0.495525,0.175594
47,0.054586,23.328283,3.000000,0.540072,0.552790,0.266300
47,0.060338,23.431629,3.000000,0.497552,0.601099,0.342813
47,0.049742,17.167198,2.000000,0.736468,0.426458,0.047240
47,0.047507,13.111479,1.000000,0.615302,0.405142,0.164498
47,0.062271,12.687183,1.000000,0.594751,0.467480,0.194662
47,0.062662,8.372793,0.000000,0.497309,0.649386,0.387000
47,0.059309,8.682213,0.000000,0.460014,0.504864,0.320693
47,0.058350,8.463717,0.000000,0.500751,0.445993,0.267831
48,0.051872,62.474792,11.000000,0.636929,0.460446,0.000000
48,0.053350,36.266479,6.000000,0.763660,0.437491,0.130776
48,0.054586,38.089462,6.000000,0.540072,0.552790,0.153107
48,0.043247,31.992855,5.000000,0.761224,0.400000,0.169110
48,0.047894,27.597565,4.000000,0.646538,0.400000,0.085930
48,0.050067,21.429548,3.000000,0.770894,0.420909,0.143927
48,0.060338,23.207563,3.000000,0.497552,0.601099,0.239800
48,0.049742,21.762512,3.000000,0.736468,0.426458,0.110304
48,0.065660,17.081940,2.000000,0.608563,0.520941,0.159789
48,0.047267,17.705688,2.000000,0.636003,0.422722,0.065919
48,0.047507,17.841721,2.000000,0.615302,0.405142,0.084572
48,0.062271,17.356781,2.000000,0.594751,0.467480,0.112558
48,0.051591,12.736038,1.000000,0.604721,0.495525,0.054480
49,0.043247,37.494041,6.000000,0.761224,0.400000,0.000000
49,0.047894,37.997978,6.000000,0.646538,0.400000,0.123744
49,0.059305,36.055157,6.000000,0.815582,0.488859,0.202680
49,0.053350,26.888733,4.000000,0.763660,0.437491,0.111401
49,0.050067,27.024622,4.000000,0.770894,0.420909,0.073675
49,0.049742,27.302094,4.000000,0.736468,0.426458,0.076975
49,0.051872,27.895660,4.000000,0.636929,0.460446,0.169110
49,0.047267,23.088074,3.000000,0.636003,0.422722,0.134548
49,0.058578,23.620605,3.000000,0.485262,0.609655,0.410294
49,0.065660,17.568283,2.000000,0.608563,0.520941,0.310475
49,0.054001,18.194056,2.000000,0.578292,0.461464,0.225683
49,0.060338,18.506306,2.000000,0.497552,0.601099,0.402396
49,0.046391,18.351822,2.000000,0.596049,0.400000,0.168142
49,0.051591,13.113365,1.000000,0.604721,0.495525,0.213809
49,0.054586,13.407860,1.000000,0.540072,0.552790,0.313435
49,0.047507,8.201408,0.000000,0.615302,0.405142,0.152150
49,0.062271,7.797316,0.000000,0.594751,0.467480,0.266496
49,0.045605,7.669147,0.000000,0.714909,0.409548,0.053327
50,0.043247,47.180794,8.000000,0.761224,0.400000,0.000000
50,0.051591,42.877563,7.000000,0.604721,0.495525,0.213809
50,0.065660,37.264359,6.000000,0.608563,0.520941,0.310475
50,0.051872,32.632618,5.000000,0.636929,0.460446,0.169110
50,0.054586,33.208870,5.000000,0.540072,0.552790,0.313435
50,0.053350,21.499825,3.000000,0.763660,0.437491,0.111401
50,0.050067,21.652691,3.000000,0.770894,0.420909,0.073675
50,0.049742,21.964855,3.000000,0.736468,0.426458,0.076975
50,0.059305,15.562078,2.000000,0.815582,0.488859,0.202680
50,0.047267,17.849083,2.000000,0.636003,0.422722,0.134548
50,0.058578,18.448181,2.000000,0.485262,0.609655,0.410294
50,0.054001,17.968317,2.000000,0.578292,0.461464,0.225683
50,0.046391,18.145800,2.000000,0.596049,0.400000,0.168142
50,0.047894,7.747720,0.000000,0.646538,0.400000,0.123744
50,0.060338,8.319564,0.000000,0.497552,0.601099,0.402396
51,0.049742,46.964855,8.000000,0.736468,0.426458,0.000000
51,0.059305,35.562042,6.000000,0.815582,0.488859,0.146591
51,0.047267,37.849083,6.000000,0.636003,0.422722,0.103574
51,0.043247,32.180798,5.000000,0.761224,0.400000,0.076975
51,0.051591,32.877563,5.000000,0.604721,0.495525,0.158597
51,0.065660,32.264320,5.000000,0.608563,0.520941,0.235896
51,0.054586,33.208878,5.000000,0.540072,0.552790,0.256622
51,0.051872,22.632618,3.000000,0.636929,0.460446,0.110304
51,0.053350,21.499825,3.000000,0.763660,0.437491,0.047240
51,0.050067,21.652699,3.000000,0.770894,0.420909,0.035268
51,0.046391,13.145800,1.000000,0.596049,0.400000,0.148101
51,0.058578,8.448181,0.000000,0.485262,0.609655,0.351216
51,0.054001,7.968345,0.000000,0.578292,0.461464,0.169554
52,0.053350,46.577606,8.000000,0.763660,0.437491,0.000000
52,0.059305,40.660664,7.000000,0.815582,0.488859,0.101809
52,0.049742,37.032303,6.000000,0.736468,0.426458,0.047240
52,0.046391,38.187054,6.000000,0.596049,0.400000,0.187435
52,0.054586,33.248688,5.000000,0.540072,0.552790,0.266300
52,0.051872,32.685226,5.000000,0.636929,0.460446,0.130776
52,0.065660,27.325111,4.000000,0.608563,0.520941,0.223806
52,0.050067,21.727093,3.000000,0.770894,0.420909,0.039497
52,0.047267,17.896881,2.000000,0.636003,0.422722,0.142610
52,0.043247,17.243425,2.000000,0.761224,0.400000,0.111401
52,0.051591,17.924717,2.000000,0.604721,0.495525,0.175594
53,0.065286,38.835823,7.000000,0.813992,0.433735,0.000000
53,0.044489,32.364429,5.000000,0.644770,0.421153,0.268581
53,0.051872,32.001316,5.000000,0.636929,0.460446,0.224633
53,0.050067,30.760134,5.000000,0.770894,0.420909,0.158992
53,0.049742,26.155483,4.000000,0.736468,0.426458,0.173944
53,0.065660,26.534803,4.000000,0.608563,0.520941,0.232589
53,0.053350,25.566444,4.000000,0.763660,0.437491,0.129626
53,0.056829,21.832911,3.000000,0.625368,0.481380,0.215124
53,0.043247,21.429016,3.000000,0.761224,0.400000,0.230517
53,0.047267,17.275505,2.000000,0.636003,0.422722,0.253654
53,0.051591,17.311592,2.000000,0.604721,0.495525,0.261755
53,0.054586,17.731243,2.000000,0.540072,0.552790,0.329591
53,0.046391,17.651346,2.000000,0.596049,0.400000,0.291513
53,0.057400,13.006803,1.000000,0.493643,0.589540,0.383111
53,0.059305,9.378636,1.000000,0.815582,0.488859,0.091259
53,0.047308,5.771651,0.000000,0.791975,0.464270,0.185107
53,0.047287,5.845403,0.000000,0.785213,0.418978,0.183214
54,0.049742,57.706779,10.000000,0.736468,0.426458,0.000000
54,0.044489,48.427906,8.000000,0.644770,0.421153,0.105884
54,0.053350,32.355423,5.000000,0.763660,0.437491,0.047240
54,0.051872,28.211311,4.000000,0.636929,0.460446,0.110304
54,0.046391,28.599049,4.000000,0.596049,0.400000,0.148101
54,0.059305,26.646881,4.000000,0.815582,0.488859,0.146591
54,0.056829,23.110859,3.000000,0.625368,0.481380,0.148592
54,0.043247,22.869938,3.000000,0.761224,0.400000,0.076975
54,0.065286,16.323078,2.000000,0.813992,0.433735,0.173944
54,0.047267,18.374863,2.000000,0.636003,0.422722,0.103574
54,0.057400,18.811100,2.000000,0.493643,0.589540,0.326167
54,0.050067,12.470953,1.000000,0.770894,0.420909,0.035268
54,0.065660,12.933041,1.000000,0.608563,0.520941,0.235896
54,0.051591,13.396360,1.000000,0.604721,0.495525,0.158597
54,0.054586,8.646681,0.000000,0.540072,0.552790,0.256622
55,0.053350,37.277641,6.000000,0.763660,0.437491,0.000000
55,0.065286,36.214958,6.000000,0.813992,0.433735,0.129626
55,0.050067,37.396561,6.000000,0.770894,0.420909,0.039497
55,0.051872,33.158703,5.000000,0.636929,0.460446,0.130776
55,0.056829,33.055317,5.000000,0.625368,0.481380,0.152789
55,0.043247,32.807289,5.000000,0.761224,0.400000,0.111401
55,0.049742,27.639332,4.000000,0.736468,0.426458,0.047240
55,0.044489,28.381645,4.000000,0.644770,0.421153,0.149677
55,0.059305,26.548267,4.000000,0.815582,0.488859,0.101809
55,0.046391,23.557844,3.000000,0.596049,0.400000,0.187435
55,0.057400,13.776107,1.000000,0.493643,0.589540,0.332675
55,0.051591,13.349195,1.000000,0.604721,0.495525,0.175594
55,0.047267,8.327065,0.000000,0.636003,0.422722,0.142610
55,0.065660,7.872249,0.000000,0.608563,0.520941,0.223806
56,0.050067,71.727112,13.000000,0.770894,0.420909,0.000000
56,0.049742,42.032303,7.000000,0.736468,0.426458,0.035268
56,0.056829,32.555271,5.000000,0.625368,0.481380,0.177382
56,0.065286,25.241631,4.000000,0.813992,0.433735,0.158992
56,0.043247,27.243446,4.000000,0.761224,0.400000,0.073675
56,0.053350,21.577606,3.000000,0.763660,0.437491,0.039497
56,0.059305,20.660667,3.000000,0.815582,0.488859,0.133214
56,0.057400,23.461428,3.000000,0.493643,0.589540,0.355918
56,0.051872,17.685226,2.000000,0.636929,0.460446,0.143927
56,0.044489,17.965525,2.000000,0.644770,0.421153,0.137906
56,0.046391,18.187004,2.000000,0.596049,0.400000,0.180568
56,0.051591,17.924717,2.000000,0.604721,0.495525,0.191168
57,0.050067,47.545341,8.000000,0.770894,0.420909,0.000000
57,0.043247,42.932583,7.000000,0.761224,0.400000,0.073675
57,0.059305,41.745502,7.000000,0.815582,0.488859,0.133214
57,0.044489,38.474136,6.000000,0.644770,0.421153,0.137906
57,0.045556,27.577543,4.000000,0.802839,0.443458,0.062047
57,0.053231,27.676857,4.000000,0.727322,0.406352,0.056841
57,0.053350,22.433205,3.000000,0.763660,0.437491,0.039497
57,0.058459,23.371426,3.000000,0.581102,0.495585,0.227546
57,0.065286,16.431223,2.000000,0.813992,0.433735,0.158992
57,0.046391,18.640253,2.000000,0.596049,0.400000,0.180568
57,0.049742,12.774227,1.000000,0.736468,0.426458,0.035268
57,0.057400,13.846044,1.000000,0.493643,0.589540,0.355918
57,0.051872,13.263920,1.000000,0.636929,0.460446,0.143927
57,0.051591,13.443526,1.000000,0.604721,0.495525,0.191168
57,0.056829,8.166422,0.000000,0.625368,0.481380,0.177382
58,0.053350,46.655388,8.000000,0.763660,0.437491,0.000000
58,0.045556,36.843517,6.000000,0.802839,0.443458,0.087556
58,0.053231,36.972912,6.000000,0.727322,0.406352,0.053262
58,0.044489,33.011761,5.000000,0.644770,0.421153,0.149677
58,0.065286,30.349775,5.000000,0.813992,0.433735,0.129626
58,0.057400,28.496389,4.000000,0.493643,0.589540,0.332675
58,0.050067,21.801468,3.000000,0.770894,0.420909,0.039497
58,0.043247,22.306080,3.000000,0.761224,0.400000,0.111401
58,0.059305,20.759289,3.000000,0.815582,0.488859,0.101809
58,0.058459,22.877918,3.000000,0.581102,0.495585,0.203004
58,0.046391,13.228209,1.000000,0.596049,0.400000,0.187435
58,0.049742,12.099751,1.000000,0.736468,0.426458,0.047240
58,0.051872,12.737835,1.000000,0.636929,0.460446,0.130776
58,0.051591,12.971868,1.000000,0.604721,0.495525,0.175594
59,0.043247,42.932587,7.000000,0.761224,0.400000,0.000000
59,0.065641,36.892826,6.000000,0.757478,0.465359,0.238406
59,0.045556,32.577541,5.000000,0.802839,0.443458,0.072222
59,0.048823,33.066570,5.000000,0.692830,0.420379,0.091847
59,0.053350,32.433205,5.000000,0.763660,0.437491,0.111401
59,0.050067,22.545307,3.000000,0.770894,0.420909,0.073675
59,0.044489,23.474129,3.000000,0.644770,0.421153,0.120063
59,0.059305,21.745506,3.000000,0.815582,0.488859,0.202680
59,0.049742,22.774227,3.000000,0.736468,0.426458,0.076975
59,0.065286,16.431223,2.000000,0.813992,0.433735,0.230517
59,0.057400,18.846066,2.000000,0.493643,0.589540,0.384401
59,0.058459,18.371426,2.000000,0.581102,0.495585,0.264312
59,0.051872,13.263920,1.000000,0.636929,0.460446,0.169110
59,0.051591,13.443526,1.000000,0.604721,0.495525,0.213809
59,0.059996,12.510781,1.000000,0.709156,0.426777,0.178567
59,0.049595,13.099483,1.000000,0.681536,0.405065,0.102083
59,0.061131,8.810575,0.000000,0.485640,0.624971,0.432448
59,0.050656,7.260958,0.000000,0.809579,0.431871,0.097029
59,0.046391,8.640253,0.000000,0.596049,0.400000,0.168142
59,0.053231,7.676887,0.000000,0.727322,0.406352,0.105740
60,0.065286,36.214966,6.000000,0.813992,0.433735,0.000000
60,0.051591,38.349228,6.000000,0.604721,0.495525,0.261755
60,0.065641,31.704510,5.000000,0.757478,0.465359,0.069058
60,0.059996,32.359932,5.000000,0.709156,0.426777,0.117750
60,0.043247,27.807278,4.000000,0.761224,0.400000,0.230517
60,0.048823,22.949409,3.000000,0.692830,0.420379,0.205096
60,0.053350,22.277641,3.000000,0.763660,0.437491,0.129626
60,0.050067,22.396557,3.000000,0.770894,0.420909,0.158992
60,0.058459,23.272724,3.000000,0.581102,0.495585,0.254709
60,0.045556,17.430721,2.000000,0.802839,0.443458,0.197996
60,0.044489,18.381668,2.000000,0.644770,0.421153,0.268581
60,0.059305,16.548260,2.000000,0.815582,0.488859,0.091259
60,0.049742,17.639332,2.000000,0.736468,0.426458,0.173944
60,0.051872,18.158703,2.000000,0.636929,0.460446,0.224633
60,0.049595,17.984272,2.000000,0.681536,0.405065,0.208447
60,0.057400,8.776107,0.000000,0.493643,0.589540,0.383111
1,0.056000,46.516296,8.000000,0.480000,0.480000,0.000000
1,0.056000,46.516258,8.000000,0.480000,0.480000,0.000000
1,0.056000,41.516411,7.000000,0.480000,0.480000,0.000000
1,0.056000,36.516281,6.000000,0.480000,0.480000,0.000000
1,0.056000,36.516289,6.000000,0.480000,0.480000,0.000000
1,0.056000,31.516340,5.000000,0.480000,0.480000,0.000000
1,0.056000,21.516420,3.000000,0.480000,0.480000,0.000000
1,0.056000,21.516424,3.000000,0.480000,0.480000,0.000000
1,0.056000,16.516420,2.000000,0.480000,0.480000,0.000000
1,0.056000,16.516436,2.000000,0.480000,0.480000,0.000000
2,0.056000,43.032368,7.000000,0.480000,0.480000,0.000000
2,0.056000,43.032356,7.000000,0.480000,0.480000,0.000000
2,0.056000,38.032372,6.000000,0.480000,0.480000,0.000000
2,0.061486,32.343060,5.000000,0.532316,0.439805,0.090945
2,0.056000,28.032429,4.000000,0.480000,0.480000,0.000000
2,0.056000,28.032427,4.000000,0.480000,0.480000,0.000000
2,0.056000,23.032415,3.000000,0.480000,0.480000,0.000000
2,0.056000,23.032421,3.000000,0.480000,0.480000,0.000000
2,0.051454,23.009052,3.000000,0.503712,0.524736,0.075867
2,0.056000,18.032408,2.000000,0.480000,0.480000,0.000000
2,0.053015,18.251884,2.000000,0.464993,0.525519,0.065982
2,0.062292,17.803228,2.000000,0.480888,0.459581,0.067907
2,0.056000,13.032376,1.000000,0.480000,0.480000,0.000000
2,0.056000,13.032376,1.000000,0.480000,0.480000,0.000000
2,0.057713,8.373509,0.000000,0.429885,0.490519,0.054570
2,0.054191,8.190726,0.000000,0.467901,0.504059,0.037124
3,0.056000,53.064610,9.000000,0.480000,0.480000,0.000000
3,0.061486,47.386616,8.000000,0.532316,0.439805,0.090945
3,0.056000,38.064621,6.000000,0.480000,0.480000,0.000000
3,0.056000,38.064606,6.000000,0.480000,0.480000,0.000000
3,0.056000,28.064688,4.000000,0.480000,0.480000,0.000000
3,0.056000,28.064667,4.000000,0.480000,0.480000,0.000000
3,0.056000,23.064669,3.000000,0.480000,0.480000,0.000000
3,0.056000,23.064669,3.000000,0.480000,0.480000,0.000000
3,0.062292,22.839241,3.000000,0.480888,0.459581,0.067907
3,0.056000,18.064674,2.000000,0.480000,0.480000,0.000000
3,0.056000,13.064632,1.000000,0.480000,0.480000,0.000000
3,0.056000,13.064632,1.000000,0.480000,0.480000,0.000000
3,0.051454,8.041744,0.000000,0.503712,0.524736,0.075867
3,0.053015,8.280582,0.000000,0.464993,0.525519,0.065982
4,0.056000,41.129257,7.000000,0.480000,0.480000,0.000000
4,0.056000,36.129204,6.000000,0.480000,0.480000,0.000000
4,0.061486,34.773224,6.000000,0.532316,0.439805,0.090945
4,0.056000,36.129208,6.000000,0.480000,0.480000,0.000000
4,0.056000,36.129211,6.000000,0.480000,0.480000,0.000000
4,0.062292,35.678421,6.000000,0.480888,0.459581,0.067907
4,0.056000,31.129232,5.000000,0.480000,0.480000,0.000000
4,0.056000,21.129360,3.000000,0.480000,0.480000,0.000000
4,0.056000,16.129374,2.000000,0.480000,0.480000,0.000000
4,0.056000,16.129364,2.000000,0.480000,0.480000,0.000000
4,0.056000,11.129265,1.000000,0.480000,0.480000,0.000000
4,0.056000,6.129265,0.000000,0.480000,0.480000,0.000000
5,0.061486,45.208809,8.000000,0.532316,0.439805,0.000000
5,0.056000,46.451748,8.000000,0.480000,0.480000,0.090945
5,0.056000,41.451775,7.000000,0.480000,0.480000,0.090945
5,0.056000,36.451771,6.000000,0.480000,0.480000,0.090945
5,0.056000,36.451805,6.000000,0.480000,0.480000,0.090945
5,0.056000,26.451908,4.000000,0.480000,0.480000,0.090945
5,0.062292,26.038609,4.000000,0.480888,0.459581,0.057628
5,0.056000,21.451921,3.000000,0.480000,0.480000,0.090945
5,0.056000,21.451923,3.000000,0.480000,0.480000,0.090945
5,0.056000,11.451826,1.000000,0.480000,0.480000,0.090945
5,0.056000,6.451826,0.000000,0.480000,0.480000,0.090945
6,0.061486,46.646164,8.000000,0.532316,0.439805,0.000000
6,0.056000,42.516266,7.000000,0.480000,0.480000,0.090945
6,0.056000,42.516258,7.000000,0.480000,0.480000,0.090945
6,0.056000,37.516239,6.000000,0.480000,0.480000,0.090945
6,0.056000,37.516232,6.000000,0.480000,0.480000,0.090945
6,0.056000,37.516243,6.000000,0.480000,0.480000,0.090945
6,0.056000,22.516329,3.000000,0.480000,0.480000,0.090945
6,0.062292,22.227026,3.000000,0.480888,0.459581,0.057628
6,0.056000,22.516346,3.000000,0.480000,0.480000,0.090945
6,0.056000,12.516278,1.000000,0.480000,0.480000,0.090945
7,0.061486,40.731472,7.000000,0.532316,0.439805,0.000000
7,0.056000,41.838848,7.000000,0.480000,0.480000,0.090945
7,0.056000,36.838947,6.000000,0.480000,0.480000,0.090945
7,0.058612,30.992323,5.000000,0.528288,0.507324,0.089248
7,0.051323,31.427113,5.000000,0.533060,0.470515,0.108642
7,0.056000,26.838985,4.000000,0.480000,0.480000,0.090945
7,0.062292,21.470760,3.000000,0.480888,0.459581,0.057628
7,0.056000,21.838964,3.000000,0.480000,0.480000,0.090945
7,0.056000,16.838972,2.000000,0.480000,0.480000,0.090945
7,0.056000,16.838972,2.000000,0.480000,0.480000,0.090945
7,0.054902,15.790745,2.000000,0.559404,0.401775,0.085609
7,0.056000,11.838900,1.000000,0.480000,0.480000,0.090945
7,0.059046,11.756561,1.000000,0.473505,0.446825,0.064273
7,0.059256,11.750860,1.000000,0.473083,0.506033,0.104208
7,0.059404,12.252741,1.000000,0.434470,0.478503,0.111117
7,0.056000,6.838900,0.000000,0.480000,0.480000,0.090945
8,0.061486,36.471924,6.000000,0.532316,0.439805,0.000000
8,0.051323,37.046875,6.000000,0.533060,0.470515,0.108642
8,0.056000,37.387207,6.000000,0.480000,0.480000,0.090945
8,0.056000,37.387238,6.000000,0.480000,0.480000,0.090945
8,0.062292,32.082886,5.000000,0.480888,0.459581,0.057628
8,0.056000,27.387323,4.000000,0.480000,0.480000,0.090945
8,0.059256,27.314423,4.000000,0.473083,0.506033,0.104208
8,0.056000,22.387318,3.000000,0.480000,0.480000,0.090945
8,0.054902,21.520922,3.000000,0.559404,0.401775,0.085609
8,0.058612,16.687468,2.000000,0.528288,0.507324,0.089248
8,0.056000,17.387314,2.000000,0.480000,0.480000,0.090945
8,0.059046,17.319199,2.000000,0.473505,0.446825,0.064273
8,0.059404,12.729306,1.000000,0.434470,0.478503,0.111117
8,0.056000,7.387254,0.000000,0.480000,0.480000,0.090945
8,0.056000,7.387254,0.000000,0.480000,0.480000,0.090945
9,0.062292,57.262928,10.000000,0.480888,0.459581,0.000000
9,0.061486,51.689720,9.000000,0.532316,0.439805,0.057628
9,0.051323,42.229176,7.000000,0.533060,0.470515,0.122235
9,0.056000,32.548527,5.000000,0.480000,0.480000,0.067907
9,0.056000,27.548601,4.000000,0.480000,0.480000,0.067907
9,0.054902,21.735680,3.000000,0.559404,0.401775,0.129799
9,0.058612,21.891945,3.000000,0.528288,0.507324,0.084631
9,0.056000,17.548597,2.000000,0.480000,0.480000,0.067907
9,0.059256,17.480204,2.000000,0.473083,0.506033,0.065988
9,0.056000,17.548586,2.000000,0.480000,0.480000,0.067907
9,0.059404,17.869415,2.000000,0.434470,0.478503,0.059565
9,0.056000,12.548534,1.000000,0.480000,0.480000,0.067907
9,0.059046,7.484680,0.000000,0.473505,0.446825,0.036911
10,0.056000,58.032364,10.000000,0.480000,0.480000,0.000000
10,0.054902,52.380013,9.000000,0.559404,0.401775,0.126439
10,0.062292,37.803173,6.000000,0.480888,0.459581,0.067907
10,0.056000,38.032352,6.000000,0.480000,0.480000,0.000000
10,0.061486,32.343063,5.000000,0.532316,0.439805,0.090945
10,0.059256,32.977589,5.000000,0.473083,0.506033,0.046548
10,0.056000,28.032423,4.000000,0.480000,0.480000,0.000000
10,0.051323,22.776003,3.000000,0.533060,0.470515,0.071719
10,0.056000,18.032421,2.000000,0.480000,0.480000,0.000000
10,0.058612,7.505383,0.000000,0.528288,0.507324,0.064659
10,0.059404,8.289971,0.000000,0.434470,0.478503,0.056880
10,0.056000,8.032376,0.000000,0.480000,0.480000,0.000000
11,0.051323,52.848980,9.000000,0.533060,0.470515,0.000000
11,0.061486,47.430176,8.000000,0.532316,0.439805,0.108642
11,0.056000,38.096882,6.000000,0.480000,0.480000,0.071719
11,0.056000,38.096909,6.000000,0.480000,0.480000,0.071719
11,0.056000,33.096855,5.000000,0.480000,0.480000,0.071719
11,0.056000,33.096909,5.000000,0.480000,0.480000,0.071719
11,0.062292,27.875254,4.000000,0.480888,0.459581,0.122235
11,0.059256,28.043842,4.000000,0.473083,0.506033,0.108911
11,0.054902,22.465857,3.000000,0.559404,0.401775,0.096736
12,0.051323,72.083321,13.000000,0.533060,0.470515,0.000000
12,0.054902,46.563976,8.000000,0.559404,0.401775,0.096736
12,0.056000,42.419472,7.000000,0.480000,0.480000,0.071719
12,0.059256,37.347672,6.000000,0.473083,0.506033,0.108911
12,0.056000,32.419495,5.000000,0.480000,0.480000,0.071719
12,0.060179,26.212616,4.000000,0.560961,0.400000,0.128027
12,0.056000,17.419561,2.000000,0.480000,0.480000,0.071719
12,0.062292,17.118988,2.000000,0.480888,0.459581,0.122235
12,0.054034,17.720490,2.000000,0.459273,0.444933,0.084866
12,0.056000,12.419510,1.000000,0.480000,0.480000,0.071719
12,0.061486,6.515443,0.000000,0.532316,0.439805,0.108642
12,0.051048,7.638632,0.000000,0.480924,0.466566,0.052442
12,0.050487,7.727046,0.000000,0.474454,0.477887,0.059912
13,0.060179,52.254082,9.000000,0.560961,0.400000,0.000000
13,0.062292,52.911205,9.000000,0.480888,0.459581,0.111378
13,0.056000,43.129131,7.000000,0.480000,0.480000,0.135282
13,0.059256,38.077053,6.000000,0.473083,0.506033,0.159295
13,0.056000,38.129150,6.000000,0.480000,0.480000,0.135282
13,0.054902,27.508808,4.000000,0.559404,0.401775,0.052842
13,0.051323,22.885380,3.000000,0.533060,0.470515,0.128027
13,0.056000,18.129187,2.000000,0.480000,0.480000,0.135282
13,0.056000,18.129187,2.000000,0.480000,0.480000,0.135282
13,0.054034,18.347355,2.000000,0.459273,0.444933,0.131419
14,0.055768,46.462280,8.000000,0.522341,0.465120,0.000000
14,0.054171,42.594727,7.000000,0.437001,0.539172,0.126911
14,0.054902,36.005646,6.000000,0.559404,0.401775,0.087854
14,0.054034,37.350197,6.000000,0.459273,0.444933,0.070108
14,0.051323,31.609400,5.000000,0.533060,0.470515,0.046222
14,0.059256,26.916553,4.000000,0.473083,0.506033,0.079108
14,0.056000,27.000263,4.000000,0.480000,0.480000,0.046305
14,0.053698,22.501732,3.000000,0.447331,0.442434,0.082821
14,0.060179,15.597166,2.000000,0.560961,0.400000,0.100314
14,0.056000,17.000252,2.000000,0.480000,0.480000,0.046305
14,0.060437,15.432003,2.000000,0.570165,0.400000,0.105324
14,0.056000,12.000180,1.000000,0.480000,0.480000,0.046305
14,0.062292,6.650805,0.000000,0.480888,0.459581,0.077605
14,0.056000,7.000180,0.000000,0.480000,0.480000,0.046305
14,0.058755,6.317766,0.000000,0.519186,0.418291,0.065792
15,0.051323,56.354259,10.000000,0.533060,0.470515,0.000000
15,0.055768,46.196011,8.000000,0.522341,0.465120,0.046222
15,0.054902,40.704975,7.000000,0.559404,0.401775,0.096736
15,0.056000,31.774435,5.000000,0.480000,0.480000,0.071719
15,0.053698,27.313690,4.000000,0.447331,0.442434,0.095633
15,0.054171,22.413811,3.000000,0.437001,0.539172,0.131923
15,0.059256,21.684464,3.000000,0.473083,0.506033,0.108911
15,0.060179,20.265770,3.000000,0.560961,0.400000,0.128027
15,0.056000,21.774481,3.000000,0.480000,0.480000,0.071719
15,0.054034,17.150612,2.000000,0.459273,0.444933,0.084866
15,0.060437,15.088134,2.000000,0.570165,0.400000,0.132112
15,0.056000,6.774387,0.000000,0.480000,0.480000,0.071719
16,0.060179,67.064705,12.000000,0.560961,0.400000,0.000000
16,0.056000,48.000118,8.000000,0.480000,0.480000,0.135282
16,0.059256,32.944370,5.000000,0.473083,0.506033,0.159295
16,0.060437,31.954666,5.000000,0.570165,0.400000,0.009560
16,0.051323,27.739544,4.000000,0.533060,0.470515,0.128027
16,0.054902,27.337002,4.000000,0.559404,0.401775,0.052842
16,0.056000,28.000166,4.000000,0.480000,0.480000,0.135282
16,0.054034,28.233379,4.000000,0.459273,0.444933,0.131419
16,0.055768,17.641544,2.000000,0.522341,0.465120,0.100314
16,0.054171,18.396559,2.000000,0.437001,0.539172,0.221900
16,0.053698,8.334488,0.000000,0.447331,0.442434,0.141158
17,0.060179,51.259872,9.000000,0.560961,0.400000,0.000000
17,0.060437,51.119659,9.000000,0.570165,0.400000,0.009560
17,0.054902,41.606880,7.000000,0.559404,0.401775,0.052842
17,0.056000,32.451744,5.000000,0.480000,0.480000,0.135282
17,0.051323,32.119843,5.000000,0.533060,0.470515,0.128027
17,0.056000,27.451832,4.000000,0.480000,0.480000,0.135282
17,0.054171,27.956917,4.000000,0.437001,0.539172,0.221900
17,0.054034,22.748983,3.000000,0.459273,0.444933,0.131419
17,0.059256,17.380724,2.000000,0.473083,0.506033,0.159295
17,0.055768,16.994850,2.000000,0.522341,0.465120,0.100314
18,0.056000,58.096878,10.000000,0.480000,0.480000,0.000000
18,0.055768,37.755634,6.000000,0.522341,0.465120,0.046305
18,0.060179,32.206802,5.000000,0.560961,0.400000,0.135282
18,0.060437,32.101997,5.000000,0.570165,0.400000,0.141770
18,0.051323,27.848921,4.000000,0.533060,0.470515,0.071719
18,0.054034,28.318861,4.000000,0.459273,0.444933,0.052321
18,0.060122,28.132730,4.000000,0.458874,0.531722,0.079531
18,0.054171,23.474144,3.000000,0.437001,0.539172,0.087489
18,0.054120,22.347218,3.000000,0.576470,0.400000,0.140214
18,0.059256,18.043831,2.000000,0.473083,0.506033,0.046548
18,0.063591,17.498266,2.000000,0.516451,0.400000,0.130730
18,0.056000,13.096889,1.000000,0.480000,0.480000,0.000000
18,0.065166,11.600586,1.000000,0.594694,0.400000,0.177643
18,0.054902,7.465863,0.000000,0.559404,0.401775,0.126439
18,0.055601,7.930732,0.000000,0.502310,0.485879,0.023825
19,0.054120,57.796795,10.000000,0.576470,0.400000,0.000000
19,0.065166,47.176758,8.000000,0.594694,0.400000,0.111958
19,0.060122,38.449150,6.000000,0.458874,0.531722,0.211049
19,0.060179,27.680227,4.000000,0.560961,0.400000,0.062544
19,0.054034,28.603800,4.000000,0.459273,0.444933,0.129963
19,0.059256,28.375389,4.000000,0.473083,0.506033,0.175766
19,0.056000,23.419485,3.000000,0.480000,0.480000,0.140214
19,0.051323,23.213511,3.000000,0.533060,0.470515,0.102157
19,0.054171,23.732754,3.000000,0.437001,0.539172,0.222970
19,0.063591,22.922289,3.000000,0.516451,0.400000,0.112124
19,0.060437,12.593169,1.000000,0.570165,0.400000,0.063488
19,0.056000,13.419450,1.000000,0.480000,0.480000,0.140214
19,0.055768,8.136079,0.000000,0.522341,0.465120,0.099134
20,0.054120,56.582779,10.000000,0.576470,0.400000,0.000000
20,0.060122,47.594601,8.000000,0.458874,0.531722,0.211049
20,0.054034,37.834549,6.000000,0.459273,0.444933,0.129963
20,0.056000,37.548553,6.000000,0.480000,0.480000,0.140214
20,0.051323,27.229118,4.000000,0.533060,0.470515,0.102157
20,0.063591,26.777428,4.000000,0.516451,0.400000,0.112124
20,0.059256,22.480196,3.000000,0.473083,0.506033,0.175766
20,0.054171,23.034500,3.000000,0.437001,0.539172,0.222970
20,0.060437,21.267023,3.000000,0.570165,0.400000,0.063488
20,0.065166,15.621094,2.000000,0.594694,0.400000,0.111958
20,0.056000,12.548534,1.000000,0.480000,0.480000,0.140214
20,0.060179,6.401985,0.000000,0.560961,0.400000,0.062544
21,0.060437,50.333771,9.000000,0.570165,0.400000,0.000000
21,0.054120,35.728485,6.000000,0.576470,0.400000,0.063488
21,0.056000,36.935638,6.000000,0.480000,0.480000,0.141770
21,0.054171,37.543037,6.000000,0.437001,0.539172,0.227867
21,0.051323,31.536528,5.000000,0.533060,0.470515,0.132112
21,0.063591,30.971724,5.000000,0.516451,0.400000,0.062286
21,0.059256,26.850241,4.000000,0.473083,0.506033,0.164717
21,0.065166,24.526367,4.000000,0.594694,0.400000,0.053273
21,0.054034,22.293081,3.000000,0.459273,0.444933,0.139828
21,0.060122,11.993380,1.000000,0.458874,0.531722,0.198762
21,0.056000,11.935668,1.000000,0.480000,0.480000,0.141770
22,0.056898,51.531342,9.000000,0.581962,0.498745,0.000000
22,0.060437,31.463493,5.000000,0.570165,0.400000,0.128946
22,0.054171,33.137848,5.000000,0.437001,0.539172,0.155920
22,0.060122,32.721195,5.000000,0.458874,0.531722,0.133750
22,0.063591,26.947037,4.000000,0.516451,0.400000,0.154938
22,0.060767,26.861893,4.000000,0.535628,0.510961,0.062266
22,0.059256,22.612810,3.000000,0.473083,0.506033,0.111774
22,0.065166,20.851562,3.000000,0.594694,0.400000,0.149110
22,0.056000,22.677622,3.000000,0.480000,0.480000,0.105004
22,0.056000,17.677605,2.000000,0.480000,0.480000,0.105004
22,0.054034,17.948441,2.000000,0.459273,0.444933,0.142819
22,0.053063,17.024647,2.000000,0.558129,0.400000,0.131431
22,0.054120,11.762672,1.000000,0.576470,0.400000,0.126638
22,0.059261,13.119003,1.000000,0.419924,0.518782,0.165657
22,0.066705,11.650200,1.000000,0.528194,0.433374,0.138514
22,0.051323,7.374954,0.000000,0.533060,0.470515,0.082127
22,0.063263,7.086288,0.000000,0.505837,0.400000,0.158372
23,0.063591,48.049454,8.000000,0.516451,0.400000,0.000000
23,0.060122,38.544128,6.000000,0.458874,0.531722,0.177845
23,0.060767,37.995121,6.000000,0.535628,0.510961,0.142839
23,0.056898,32.783913,5.000000,0.581962,0.498745,0.154938
23,0.065166,32.349609,5.000000,0.594694,0.400000,0.079814
23,0.059256,28.474857,4.000000,0.473083,0.506033,0.146038
23,0.059261,28.798252,4.000000,0.419924,0.518782,0.182311
23,0.054120,22.931742,3.000000,0.576470,0.400000,0.112124
23,0.056000,18.516247,2.000000,0.480000,0.480000,0.130730
23,0.056000,18.516253,2.000000,0.480000,0.480000,0.130730
23,0.054034,18.689281,2.000000,0.459273,0.444933,0.124726
23,0.066705,17.859869,2.000000,0.528194,0.433374,0.053369
23,0.054171,13.810316,1.000000,0.437001,0.539172,0.213189
23,0.060437,7.740529,0.000000,0.570165,0.400000,0.062286
23,0.053063,8.099112,0.000000,0.558129,0.400000,0.113227
24,0.054120,77.527023,14.000000,0.576470,0.400000,0.000000
24,0.059261,53.563217,9.000000,0.419924,0.518782,0.221801
24,0.056000,33.225925,5.000000,0.480000,0.480000,0.140214
24,0.056898,27.350330,4.000000,0.581962,0.498745,0.126638
24,0.054034,28.432837,4.000000,0.459273,0.444933,0.129963
24,0.060767,22.602835,3.000000,0.535628,0.510961,0.159137
24,0.065166,21.831055,3.000000,0.594694,0.400000,0.111958
24,0.059256,23.176458,3.000000,0.473083,0.506033,0.175766
24,0.063591,17.667875,2.000000,0.516451,0.400000,0.112124
24,0.056000,18.225941,2.000000,0.480000,0.480000,0.140214
24,0.054171,13.577552,1.000000,0.437001,0.539172,0.222970
24,0.060122,8.259325,0.000000,0.458874,0.531722,0.211049
24,0.066705,7.441125,0.000000,0.528194,0.433374,0.141102
25,0.054120,51.492886,9.000000,0.576470,0.400000,0.000000
25,0.059256,52.414005,9.000000,0.473083,0.506033,0.175766
25,0.056898,46.242287,8.000000,0.581962,0.498745,0.126638
25,0.063591,36.692612,6.000000,0.516451,0.400000,0.112124
25,0.054034,32.777534,5.000000,0.459273,0.444933,0.129963
25,0.065166,30.505859,5.000000,0.594694,0.400000,0.111958
25,0.056000,22.484089,3.000000,0.480000,0.480000,0.140214
25,0.059261,17.962254,2.000000,0.419924,0.518782,0.221801
25,0.060767,16.600384,2.000000,0.535628,0.510961,0.159137
25,0.056000,12.484022,1.000000,0.480000,0.480000,0.140214
25,0.054171,7.982710,0.000000,0.437001,0.539172,0.222970
26,0.056898,51.338638,9.000000,0.581962,0.498745,0.000000
26,0.063591,41.777309,7.000000,0.516451,0.400000,0.154938
26,0.056000,42.548492,7.000000,0.480000,0.480000,0.105004
26,0.059256,37.480274,6.000000,0.473083,0.506033,0.111774
26,0.059261,33.014549,5.000000,0.419924,0.518782,0.165657
26,0.060767,31.687641,5.000000,0.535628,0.510961,0.062266
26,0.056000,32.548515,5.000000,0.480000,0.480000,0.105004
26,0.054120,26.582880,4.000000,0.576470,0.400000,0.126638
26,0.054034,12.834465,1.000000,0.459273,0.444933,0.142819
26,0.065166,10.621094,1.000000,0.594694,0.400000,0.149110
27,0.056898,52.061275,9.000000,0.581962,0.498745,0.000000
27,0.054034,43.261932,7.000000,0.459273,0.444933,0.142819
27,0.059256,32.977619,5.000000,0.473083,0.506033,0.111774
27,0.065166,31.485352,5.000000,0.594694,0.400000,0.149110
27,0.054120,27.257317,4.000000,0.576470,0.400000,0.126638
27,0.062061,23.168911,3.000000,0.439856,0.420821,0.179855
27,0.050794,21.992979,3.000000,0.623056,0.456339,0.090687
27,0.060767,22.341326,3.000000,0.535628,0.510961,0.062266
27,0.056000,18.032425,2.000000,0.480000,0.480000,0.105004
27,0.056000,18.032421,2.000000,0.480000,0.480000,0.105004
27,0.061013,18.194508,2.000000,0.440509,0.538593,0.155510
27,0.065670,17.726868,2.000000,0.476423,0.504122,0.137401
27,0.059261,13.406378,1.000000,0.419924,0.518782,0.165657
27,0.059763,12.554243,1.000000,0.518027,0.408081,0.133237
27,0.062612,13.616270,1.000000,0.380684,0.545664,0.217296
27,0.060652,7.878913,0.000000,0.478872,0.454517,0.122856
27,0.063591,7.413462,0.000000,0.516451,0.400000,0.154938
28,0.056000,48.419449,8.000000,0.480000,0.480000,0.000000
28,0.065166,42.176758,7.000000,0.594694,0.400000,0.177643
28,0.054120,42.796825,7.000000,0.576470,0.400000,0.140214
28,0.056898,37.639385,6.000000,0.581962,0.498745,0.105004
28,0.062061,33.529125,5.000000,0.439856,0.420821,0.103720
28,0.050794,32.584480,5.000000,0.623056,0.456339,0.155080
28,0.059256,23.375393,3.000000,0.473083,0.506033,0.046548
28,0.061013,23.549686,3.000000,0.440509,0.538593,0.097144
28,0.060767,17.864344,2.000000,0.535628,0.510961,0.082854
28,0.059763,18.035376,2.000000,0.518027,0.408081,0.104614
28,0.056000,13.419450,1.000000,0.480000,0.480000,0.000000
28,0.062612,13.888479,1.000000,0.380684,0.545664,0.144820
28,0.054034,8.603800,0.000000,0.459273,0.444933,0.052321
28,0.065670,8.174024,0.000000,0.476423,0.504122,0.101358
28,0.059261,8.719877,0.000000,0.419924,0.518782,0.083803
29,0.056898,52.109451,9.000000,0.581962,0.498745,0.000000
29,0.065166,46.542969,8.000000,0.594694,0.400000,0.149110
29,0.050794,42.042255,7.000000,0.623056,0.456339,0.090687
29,0.060767,42.384949,7.000000,0.535628,0.510961,0.062266
29,0.056000,33.064667,5.000000,0.480000,0.480000,0.105004
29,0.062061,23.198929,3.000000,0.439856,0.420821,0.179855
29,0.059256,23.010679,3.000000,0.473083,0.506033,0.111774
29,0.054120,17.302267,2.000000,0.576470,0.400000,0.126638
29,0.061013,18.224106,2.000000,0.440509,0.538593,0.155510
29,0.059763,17.594337,2.000000,0.518027,0.408081,0.133237
29,0.056000,13.064632,1.000000,0.480000,0.480000,0.105004
29,0.062612,13.638954,1.000000,0.380684,0.545664,0.217296
30,0.065166,37.868164,6.000000,0.594694,0.400000,0.000000
30,0.050065,38.513176,6.000000,0.566619,0.454704,0.168131
30,0.062987,33.524117,5.000000,0.503303,0.500347,0.156719
30,0.056000,33.806519,5.000000,0.480000,0.480000,0.177643
30,0.064629,27.657578,4.000000,0.625963,0.413010,0.035653
30,0.059256,23.773251,3.000000,0.473083,0.506033,0.189341
30,0.059763,23.516508,3.000000,0.518027,0.408081,0.094336
30,0.053738,23.497171,3.000000,0.549844,0.487416,0.164352
30,0.056898,23.217495,3.000000,0.581962,0.498745,0.149110
30,0.060767,18.387362,2.000000,0.535628,0.510961,0.157042
30,0.054120,18.336399,2.000000,0.576470,0.400000,0.111958
30,0.056000,18.806545,2.000000,0.480000,0.480000,0.177643
30,0.050794,18.176069,2.000000,0.623056,0.456339,0.162540
30,0.062061,13.889339,1.000000,0.439856,0.420821,0.160050
30,0.061013,13.904865,1.000000,0.440509,0.538593,0.235607
30,0.062612,14.160688,1.000000,0.380684,0.545664,0.282145
30,0.062761,13.644102,1.000000,0.483282,0.570866,0.242093
31,0.064629,34.618759,6.000000,0.625963,0.413010,0.000000
31,0.060644,31.272516,5.000000,0.537814,0.540496,0.186421
31,0.063633,30.201958,5.000000,0.595681,0.466986,0.074623
31,0.062851,26.591663,4.000000,0.505164,0.551016,0.211347
31,0.059256,27.181787,4.000000,0.473083,0.506033,0.199450
31,0.062103,24.745216,4.000000,0.631020,0.455677,0.059229
31,0.053082,20.621014,3.000000,0.623064,0.499031,0.157808
31,0.060767,21.295290,3.000000,0.535628,0.510961,0.156981
31,0.050794,20.809889,3.000000,0.623056,0.456339,0.148598
31,0.050065,16.584337,2.000000,0.566619,0.454704,0.165674
31,0.062381,16.514645,2.000000,0.512764,0.441344,0.120721
31,0.062896,16.382189,2.000000,0.520275,0.511053,0.162757
31,0.056898,15.905056,2.000000,0.581962,0.498745,0.139277
31,0.065166,15.102539,2.000000,0.594694,0.400000,0.035653
31,0.062612,13.071852,1.000000,0.380684,0.545664,0.296756
31,0.062761,11.885099,1.000000,0.483282,0.570866,0.244218
31,0.049017,12.329969,1.000000,0.506303,0.518496,0.236811
31,0.056000,7.258229,0.000000,0.480000,0.480000,0.189112
31,0.062061,7.448473,0.000000,0.439856,0.420821,0.188123
31,0.061013,7.484141,0.000000,0.440509,0.538593,0.245649
31,0.054120,6.178174,0.000000,0.576470,0.400000,0.117295
31,0.053738,6.547573,0.000000,0.549844,0.487416,0.162189
31,0.057548,6.954637,0.000000,0.499029,0.432237,0.147322
31,0.059763,6.591995,0.000000,0.518027,0.408081,0.118557
31,0.056000,7.258229,0.000000,0.480000,0.480000,0.189112
31,0.062987,6.609471,0.000000,0.503303,0.500347,0.165026
32,0.059256,31.386133,5.000000,0.473083,0.506033,0.000000
32,0.062103,28.261513,5.000000,0.631020,0.455677,0.172386
32,0.053082,29.384594,5.000000,0.623064,0.499031,0.162427
32,0.050794,29.626757,5.000000,0.623056,0.456339,0.183058
32,0.050065,30.619938,5.000000,0.566619,0.454704,0.145986
32,0.064629,23.099350,4.000000,0.625963,0.413010,0.199450
32,0.062761,26.005598,4.000000,0.483282,0.570866,0.088884
32,0.056898,24.748837,4.000000,0.581962,0.498745,0.111774
32,0.062851,20.629311,3.000000,0.505164,0.551016,0.074051
32,0.062381,20.530544,3.000000,0.512764,0.441344,0.095342
32,0.060767,15.249254,2.000000,0.535628,0.510961,0.064640
32,0.062896,15.360689,2.000000,0.520275,0.511053,0.059928
32,0.065166,13.719727,2.000000,0.594694,0.400000,0.189341
32,0.049017,11.576078,1.000000,0.506303,0.518496,0.108767
32,0.062612,7.527423,0.000000,0.380684,0.545664,0.110083
32,0.063633,3.847204,0.000000,0.595681,0.466986,0.139026
32,0.060644,5.220044,0.000000,0.537814,0.540496,0.078987
33,0.056898,47.109451,8.000000,0.581962,0.498745,0.000000
33,0.062381,47.539749,8.000000,0.512764,0.441344,0.113768
33,0.049017,43.115227,7.000000,0.506303,0.518496,0.112007
33,0.053082,36.908951,6.000000,0.623064,0.499031,0.056087
33,0.062103,31.290741,5.000000,0.631020,0.455677,0.089521
33,0.062761,27.801247,4.000000,0.483282,0.570866,0.145953
33,0.062851,27.594110,4.000000,0.505164,0.551016,0.117093
33,0.050065,17.588949,2.000000,0.566619,0.454704,0.089077
33,0.064629,16.201477,2.000000,0.625963,0.413010,0.139277
33,0.059256,13.010731,1.000000,0.473083,0.506033,0.111774
33,0.050794,12.042274,1.000000,0.623056,0.456339,0.090687
33,0.060767,12.384911,1.000000,0.535628,0.510961,0.062266
33,0.062896,12.446251,1.000000,0.520275,0.511053,0.087402
33,0.065166,6.542981,0.000000,0.594694,0.400000,0.149110
34,0.062103,46.414383,8.000000,0.631020,0.455677,0.000000
34,0.050065,42.669323,7.000000,0.566619,0.454704,0.136527
34,0.064629,41.328094,7.000000,0.625963,0.413010,0.059229
34,0.050794,37.140804,6.000000,0.623056,0.456339,0.113370
34,0.056898,27.205803,4.000000,0.581962,0.498745,0.089521
34,0.062761,27.874538,4.000000,0.483282,0.570866,0.206402
34,0.062851,27.674309,4.000000,0.505164,0.551016,0.173488
34,0.060767,27.472080,4.000000,0.535628,0.510961,0.118548
34,0.062896,17.531376,2.000000,0.520275,0.511053,0.130838
34,0.062381,12.621758,1.000000,0.512764,0.441344,0.119638
34,0.049017,13.178097,1.000000,0.506303,0.518496,0.197093
34,0.053082,12.011986,1.000000,0.623064,0.499031,0.105536
34,0.059256,13.077040,1.000000,0.473083,0.506033,0.172386
35,0.046031,43.817131,7.000000,0.575827,0.407004,0.000000
35,0.050794,33.471825,5.000000,0.623056,0.456339,0.091120
35,0.058048,28.436024,4.000000,0.589618,0.470228,0.144489
35,0.067422,27.592247,4.000000,0.678821,0.453758,0.244503
35,0.062103,28.083549,4.000000,0.631020,0.455677,0.180499
35,0.049017,24.026224,3.000000,0.506303,0.518496,0.158580
35,0.069584,23.370960,3.000000,0.549617,0.587477,0.327194
35,0.065219,23.806736,3.000000,0.485885,0.585282,0.307523
35,0.061502,23.352049,3.000000,0.587999,0.544214,0.231302
35,0.048067,23.625233,3.000000,0.607488,0.482407,0.101494
35,0.064629,23.037430,3.000000,0.625963,0.413010,0.192768
35,0.062896,18.680563,2.000000,0.520275,0.511053,0.220101
35,0.062851,18.756962,2.000000,0.505164,0.551016,0.256302
35,0.059256,13.972211,1.000000,0.473083,0.506033,0.208253
35,0.060767,13.648870,1.000000,0.535628,0.510961,0.200545
35,0.062761,13.863977,1.000000,0.483282,0.570866,0.280194
35,0.056898,13.506550,1.000000,0.581962,0.498745,0.158108
35,0.062381,8.728870,0.000000,0.512764,0.441344,0.180425
35,0.053082,8.402958,0.000000,0.623064,0.499031,0.142956
35,0.068022,7.912493,0.000000,0.629273,0.400000,0.226482
35,0.050065,8.754266,0.000000,0.566619,0.454704,0.072579
36,0.061502,50.694176,9.000000,0.587999,0.544214,0.000000
36,0.067422,33.708683,6.000000,0.678821,0.453758,0.156647
36,0.046031,31.909243,5.000000,0.575827,0.407004,0.231302
36,0.059256,27.314425,4.000000,0.473083,0.506033,0.126444
36,0.069584,25.743496,4.000000,0.549617,0.587477,0.104549
36,0.056898,21.097759,3.000000,0.581962,0.498745,0.073391
36,0.060767,21.469629,3.000000,0.535628,0.510961,0.067265
36,0.048067,21.407845,3.000000,0.607488,0.482407,0.156199
36,0.065219,16.882118,2.000000,0.485885,0.585282,0.120185
36,0.064629,14.871994,2.000000,0.625963,0.413010,0.171222
36,0.062851,16.752054,2.000000,0.505164,0.551016,0.084356
36,0.062103,14.992500,2.000000,0.631020,0.455677,0.118891
36,0.058048,15.913481,2.000000,0.589618,0.470228,0.098735
36,0.049017,12.455618,1.000000,0.506303,0.518496,0.152630
36,0.062761,12.031683,1.000000,0.483282,0.570866,0.110607
36,0.050794,11.007071,1.000000,0.623056,0.456339,0.157352
36,0.062896,6.552439,0.000000,0.520275,0.511053,0.080617
37,0.048067,45.875801,8.000000,0.607488,0.482407,0.000000
37,0.056898,40.519650,7.000000,0.581962,0.498745,0.094167
37,0.061502,35.056267,6.000000,0.587999,0.544214,0.156199
37,0.067422,27.776735,5.000000,0.678821,0.453758,0.209361
37,0.046031,26.451445,4.000000,0.575827,0.407004,0.101494
37,0.062851,26.270880,4.000000,0.505164,0.551016,0.199202
37,0.059256,21.916565,3.000000,0.473083,0.506033,0.177357
37,0.060767,20.946611,3.000000,0.535628,0.510961,0.150224
37,0.065219,16.420198,2.000000,0.485885,0.585282,0.246462
37,0.064629,14.112289,2.000000,0.625963,0.413010,0.187872
37,0.058048,15.308054,2.000000,0.589618,0.470228,0.102531
37,0.069584,10.112821,1.000000,0.549617,0.587477,0.258647
37,0.062103,9.250648,1.000000,0.631020,0.455677,0.146188
37,0.049017,12.078672,1.000000,0.506303,0.518496,0.111192
37,0.062761,11.591932,1.000000,0.483282,0.570866,0.221911
37,0.050794,5.415500,0.000000,0.623056,0.456339,0.045255
38,0.046031,48.092136,8.000000,0.575827,0.407004,0.000000
38,0.062851,47.995155,8.000000,0.505164,0.551016,0.256302
38,0.067422,41.116482,7.000000,0.678821,0.453758,0.244503
38,0.048067,27.782614,4.000000,0.607488,0.482407,0.101494
38,0.069584,27.372519,4.000000,0.549617,0.587477,0.327194
38,0.049017,28.429394,4.000000,0.506303,0.518496,0.158580
38,0.059256,23.342234,3.000000,0.473083,0.506033,0.208253
38,0.060767,22.820759,3.000000,0.535628,0.510961,0.200545
38,0.064629,21.834564,3.000000,0.625963,0.413010,0.192768
38,0.056898,17.591209,2.000000,0.581962,0.498745,0.158108
38,0.065219,18.075371,2.000000,0.485885,0.585282,0.307523
38,0.061502,12.342014,1.000000,0.587999,0.544214,0.231302
38,0.058048,12.477484,1.000000,0.589618,0.470228,0.144489
38,0.062103,6.908942,0.000000,0.631020,0.455677,0.180499
38,0.062761,8.167706,0.000000,0.483282,0.570866,0.280194
39,0.064629,41.644638,7.000000,0.625963,0.413010,0.000000
39,0.067422,35.883499,6.000000,0.678821,0.453758,0.078539
39,0.069584,32.214859,5.000000,0.549617,0.587477,0.236316
39,0.049017,33.335129,5.000000,0.506303,0.518496,0.236811
39,0.060767,32.690025,5.000000,0.535628,0.510961,0.156981
39,0.062851,27.874805,4.000000,0.505164,0.551016,0.211347
39,0.061502,27.182535,4.000000,0.587999,0.544214,0.171222
39,0.048067,22.649576,3.000000,0.607488,0.482407,0.187872
39,0.059256,23.242767,3.000000,0.473083,0.506033,0.199450
39,0.056898,22.446682,3.000000,0.581962,0.498745,0.139277
39,0.065219,17.959904,2.000000,0.485885,0.585282,0.256959
39,0.058048,17.326117,2.000000,0.589618,0.470228,0.103767
39,0.046031,12.977705,1.000000,0.575827,0.407004,0.192768
40,0.067422,44.330055,8.000000,0.678821,0.453758,0.000000
40,0.060530,44.383247,8.000000,0.713055,0.494858,0.092528
40,0.065742,32.050636,5.000000,0.495812,0.543196,0.215112
40,0.064629,25.378464,4.000000,0.625963,0.413010,0.078539
40,0.068490,26.704134,4.000000,0.513498,0.550408,0.205041
40,0.064298,25.617386,4.000000,0.611137,0.467282,0.076438
40,0.069584,21.163845,3.000000,0.549617,0.587477,0.212368
40,0.062851,22.072834,3.000000,0.505164,0.551016,0.216856
40,0.060767,16.818308,2.000000,0.535628,0.510961,0.173337
40,0.056898,16.483166,2.000000,0.581962,0.498745,0.153685
40,0.061303,10.934087,1.000000,0.602850,0.504849,0.116596
40,0.047337,12.714086,1.000000,0.514392,0.467046,0.260099
40,0.046031,12.214575,1.000000,0.575827,0.407004,0.244503
40,0.059256,12.579722,1.000000,0.473083,0.506033,0.230796
40,0.048067,11.762683,1.000000,0.607488,0.482407,0.209361
40,0.061502,11.119341,1.000000,0.587999,0.544214,0.156647
40,0.049017,12.706915,1.000000,0.506303,0.518496,0.264928
40,0.058048,6.317110,0.000000,0.589618,0.470228,0.131029
40,0.065219,7.190000,0.000000,0.485885,0.585282,0.254438
40,0.063628,6.895641,0.000000,0.517048,0.506052,0.178557
41,0.060767,38.169483,6.000000,0.535628,0.510961,0.000000
41,0.064298,37.478500,6.000000,0.611137,0.467282,0.099646
41,0.048067,33.137413,5.000000,0.607488,0.482407,0.150224
41,0.064629,32.341034,5.000000,0.625963,0.413010,0.156981
41,0.060530,26.768497,4.000000,0.713055,0.494858,0.178581
41,0.062851,28.315882,4.000000,0.505164,0.551016,0.062203
41,0.069584,22.792921,3.000000,0.549617,0.587477,0.130836
41,0.056898,22.976616,3.000000,0.581962,0.498745,0.062266
41,0.067422,21.737885,3.000000,0.678821,0.453758,0.173337
41,0.068490,18.103748,2.000000,0.513498,0.550408,0.094266
41,0.065742,18.303059,2.000000,0.495812,0.543196,0.075390
41,0.061303,17.660671,2.000000,0.602850,0.504849,0.067867
41,0.059256,18.607477,2.000000,0.473083,0.506033,0.064640
41,0.061502,17.767292,2.000000,0.587999,0.544214,0.067265
41,0.049017,13.680691,1.000000,0.506303,0.518496,0.121475
41,0.047337,8.684816,0.000000,0.514392,0.467046,0.146629
41,0.046031,8.397427,0.000000,0.575827,0.407004,0.200545
42,0.060530,63.767700,12.000000,0.713055,0.494858,0.000000
42,0.062851,36.752163,6.000000,0.505164,0.551016,0.220647
42,0.069584,30.743454,5.000000,0.549617,0.587477,0.219804
42,0.067422,28.708761,5.000000,0.678821,0.453758,0.092528
42,0.061303,30.488434,5.000000,0.602850,0.504849,0.111179
42,0.068490,26.342943,4.000000,0.513498,0.550408,0.225791
42,0.061502,25.694063,4.000000,0.587999,0.544214,0.139784
42,0.064298,20.137085,3.000000,0.611137,0.467282,0.113997
42,0.064629,19.871994,3.000000,0.625963,0.413010,0.140473
42,0.060767,11.469629,1.000000,0.535628,0.510961,0.178581
42,0.056898,11.097759,1.000000,0.581962,0.498745,0.136118
42,0.059256,12.314487,1.000000,0.473083,0.506033,0.240716
42,0.048067,6.407908,0.000000,0.607488,0.482407,0.164069
42,0.065742,6.727327,0.000000,0.495812,0.543196,0.231433
42,0.049017,7.455609,0.000000,0.506303,0.518496,0.238485
43,0.067422,55.029072,10.000000,0.678821,0.453758,0.000000
43,0.062851,42.433773,7.000000,0.505164,0.551016,0.216856
43,0.069584,36.636776,6.000000,0.549617,0.587477,0.212368
43,0.068490,32.110413,5.000000,0.513498,0.550408,0.205041
43,0.061502,31.597836,5.000000,0.587999,0.544214,0.156647
43,0.064298,31.157711,5.000000,0.611137,0.467282,0.076438
43,0.064629,25.948242,4.000000,0.625963,0.413010,0.078539
43,0.061303,21.435314,3.000000,0.602850,0.504849,0.116596
43,0.056898,21.916748,3.000000,0.581962,0.498745,0.153685
43,0.060530,10.075806,1.000000,0.713055,0.494858,0.092528
43,0.060767,12.210571,1.000000,0.535628,0.510961,0.173337
43,0.059256,7.878113,0.000000,0.473083,0.506033,0.230796
44,0.067422,53.786350,10.000000,0.678821,0.453758,0.000000
44,0.061502,40.747345,7.000000,0.587999,0.544214,0.156647
44,0.064298,35.197132,6.000000,0.611137,0.467282,0.076438
44,0.064629,34.935303,6.000000,0.625963,0.413010,0.078539
44,0.056898,36.145935,6.000000,0.581962,0.498745,0.153685
44,0.068490,31.388027,5.000000,0.513498,0.550408,0.205041
44,0.061303,30.544132,5.000000,0.602850,0.504849,0.116596
44,0.060530,23.844757,4.000000,0.713055,0.494858,0.092528
44,0.060767,11.513214,1.000000,0.535628,0.510961,0.173337
44,0.062851,6.792221,0.000000,0.505164,0.551016,0.216856
44,0.069584,5.795995,0.000000,0.549617,0.587477,0.212368
45,0.068490,61.794365,11.000000,0.513498,0.550408,0.000000
45,0.061303,51.045414,9.000000,0.602850,0.504849,0.128036
45,0.060530,44.537140,8.000000,0.713055,0.494858,0.225791
45,0.060767,46.905563,8.000000,0.535628,0.510961,0.094266
45,0.056898,31.579517,5.000000,0.581962,0.498745,0.149319
45,0.061502,26.225660,4.000000,0.587999,0.544214,0.102442
45,0.064629,20.505081,3.000000,0.625963,0.413010,0.208894
45,0.064298,15.737430,2.000000,0.611137,0.467282,0.148620
45,0.067422,4.485445,0.000000,0.678821,0.453758,0.205041
46,0.061502,52.557865,10.000000,0.587999,0.544214,0.000000
46,0.068490,43.678955,8.000000,0.513498,0.550408,0.102442
46,0.061303,37.202232,7.000000,0.602850,0.504849,0.051437
46,0.060530,34.228149,7.000000,0.713055,0.494858,0.139784
46,0.056898,28.255386,5.000000,0.581962,0.498745,0.073391
46,0.064298,26.594986,5.000000,0.611137,0.467282,0.102786
46,0.060767,23.898125,4.000000,0.535628,0.510961,0.067265
46,0.064629,21.136780,4.000000,0.625963,0.413010,0.171222
47,0.064298,40.857529,7.000000,0.611137,0.467282,0.000000
47,0.060530,34.691013,6.000000,0.713055,0.494858,0.113997
47,0.064629,35.631699,6.000000,0.625963,0.413010,0.069520
47,0.056424,37.040157,6.000000,0.551455,0.510047,0.112336
47,0.056898,31.675869,5.000000,0.581962,0.498745,0.088735
47,0.067768,31.896582,5.000000,0.515239,0.524234,0.124373
47,0.061502,26.331980,4.000000,0.587999,0.544214,0.102786
47,0.060767,21.992647,3.000000,0.535628,0.510961,0.099646
47,0.060630,20.405729,3.000000,0.662780,0.485869,0.067471
47,0.061303,16.156830,2.000000,0.602850,0.504849,0.056311
47,0.059555,16.127857,2.000000,0.613931,0.470850,0.047718
47,0.068490,11.884729,1.000000,0.513498,0.550408,0.148620
48,0.059758,41.377922,7.000000,0.663943,0.544743,0.000000
48,0.056898,37.350330,6.000000,0.581962,0.498745,0.104137
48,0.061502,32.076218,5.000000,0.587999,0.544214,0.077924
48,0.061303,26.936615,4.000000,0.602850,0.504849,0.080361
48,0.057878,21.922409,3.000000,0.621868,0.508575,0.064556
48,0.064629,21.518021,3.000000,0.625963,0.413010,0.175871
48,0.060630,21.337900,3.000000,0.662780,0.485869,0.074117
48,0.059555,21.913509,3.000000,0.613931,0.470850,0.105057
48,0.060530,15.768270,2.000000,0.713055,0.494858,0.079749
48,0.070242,16.421194,2.000000,0.608722,0.463418,0.156127
48,0.070165,15.738041,2.000000,0.664651,0.526060,0.106666
48,0.060767,17.602835,2.000000,0.535628,0.510961,0.135462
48,0.067768,17.526260,2.000000,0.515239,0.524234,0.170843
48,0.056424,17.640705,2.000000,0.551455,0.510047,0.125083
48,0.064298,16.698011,2.000000,0.611137,0.467282,0.119271
48,0.053629,12.866826,1.000000,0.537849,0.567937,0.143165
48,0.073307,12.683349,1.000000,0.479407,0.479912,0.242859
48,0.068490,7.516813,0.000000,0.513498,0.550408,0.174098
49,0.059758,46.838898,8.000000,0.663943,0.544743,0.000000
49,0.061303,32.326481,5.000000,0.602850,0.504849,0.080361
49,0.056424,32.940979,5.000000,0.551455,0.510047,0.125083
49,0.060630,31.804033,5.000000,0.662780,0.485869,0.074117
49,0.064629,26.961182,4.000000,0.625963,0.413010,0.175871
49,0.060530,21.306854,3.000000,0.713055,0.494858,0.079749
49,0.073307,22.978235,3.000000,0.479407,0.479912,0.242859
49,0.064298,22.118277,3.000000,0.611137,0.467282,0.119271
49,0.070165,21.280478,3.000000,0.664651,0.526060,0.106666
49,0.059555,22.306335,3.000000,0.613931,0.470850,0.105057
49,0.070242,16.876678,2.000000,0.608722,0.463418,0.156127
49,0.057878,17.314104,2.000000,0.621868,0.508575,0.064556
49,0.056898,17.687561,2.000000,0.581962,0.498745,0.104137
49,0.060767,12.907928,1.000000,0.535628,0.510961,0.135462
49,0.067768,12.841141,1.000000,0.515239,0.524234,0.170843
49,0.061502,7.448334,0.000000,0.587999,0.544214,0.077924
49,0.053629,8.138321,0.000000,0.537849,0.567937,0.143165
50,0.059758,52.234047,9.000000,0.663943,0.544743,0.000000
50,0.064629,42.341034,7.000000,0.625963,0.413010,0.175871
50,0.060530,36.768433,6.000000,0.713055,0.494858,0.079749
50,0.070242,37.267117,6.000000,0.608722,0.463418,0.156127
50,0.056424,23.198357,3.000000,0.551455,0.510047,0.125083
50,0.073307,23.230957,3.000000,0.479407,0.479912,0.242859
50,0.064298,22.478477,3.000000,0.611137,0.467282,0.119271
50,0.070165,21.745417,3.000000,0.664651,0.526060,0.106666
50,0.059555,22.643044,3.000000,0.613931,0.470850,0.105057
50,0.060767,23.169437,3.000000,0.535628,0.510961,0.135462
50,0.061303,12.660707,1.000000,0.602850,0.504849,0.080361
50,0.060630,12.203487,1.000000,0.662780,0.485869,0.074117
50,0.056898,12.976616,1.000000,0.581962,0.498745,0.104137
50,0.067768,13.110998,1.000000,0.515239,0.524234,0.170843
50,0.057878,7.649816,0.000000,0.621868,0.508575,0.064556
51,0.059758,47.234039,8.000000,0.663943,0.544743,0.000000
51,0.056424,48.198357,8.000000,0.551455,0.510047,0.125083
51,0.070242,37.267109,6.000000,0.608722,0.463418,0.156127
51,0.070165,31.745388,5.000000,0.664651,0.526060,0.106666
51,0.073307,28.230949,4.000000,0.479407,0.479912,0.242859
51,0.064298,27.478489,4.000000,0.611137,0.467282,0.119271
51,0.059555,27.643044,4.000000,0.613931,0.470850,0.105057
51,0.060530,21.768497,3.000000,0.713055,0.494858,0.079749
51,0.060767,18.169437,2.000000,0.535628,0.510961,0.135462
51,0.061303,17.660673,2.000000,0.602850,0.504849,0.080361
51,0.060630,17.203487,2.000000,0.662780,0.485869,0.074117
51,0.064629,12.341034,1.000000,0.625963,0.413010,0.175871
51,0.056898,12.976616,1.000000,0.581962,0.498745,0.104137
51,0.067768,8.110998,0.000000,0.515239,0.524234,0.170843
52,0.070165,51.745361,9.000000,0.664651,0.526060,0.000000
52,0.060767,48.169468,8.000000,0.535628,0.510961,0.160734
52,0.073307,43.230942,7.000000,0.479407,0.479912,0.196546
52,0.061303,42.660675,7.000000,0.602850,0.504849,0.111250
52,0.064298,32.478497,5.000000,0.611137,0.467282,0.108186
52,0.059555,32.643044,5.000000,0.613931,0.470850,0.136352
52,0.060530,31.768482,5.000000,0.713055,0.494858,0.114663
52,0.056424,18.198357,2.000000,0.551455,0.510047,0.179153
52,0.059758,12.234049,1.000000,0.663943,0.544743,0.106666
52,0.060630,12.203487,1.000000,0.662780,0.485869,0.107793
52,0.070242,7.267099,0.000000,0.608722,0.463418,0.096229
52,0.064629,7.341034,0.000000,0.625963,0.413010,0.156623
52,0.056898,7.976616,0.000000,0.581962,0.498745,0.160015
53,0.059758,71.443756,13.000000,0.663943,0.544743,0.000000
53,0.056424,52.683601,9.000000,0.551455,0.510047,0.125083
53,0.060530,40.845181,7.000000,0.713055,0.494858,0.079749
53,0.064298,26.758057,4.000000,0.611137,0.467282,0.119271
53,0.070165,20.815533,3.000000,0.664651,0.526060,0.106666
53,0.073307,22.725477,3.000000,0.479407,0.479912,0.242859
53,0.061303,21.992298,3.000000,0.602850,0.504849,0.080361
53,0.059555,21.969627,3.000000,0.613931,0.470850,0.105057
53,0.060630,21.404484,3.000000,0.662780,0.485869,0.074117
53,0.060767,17.646420,2.000000,0.535628,0.510961,0.135462
54,0.060630,49.673416,9.000000,0.662780,0.485869,0.000000
54,0.064298,35.197140,6.000000,0.611137,0.467282,0.067471
54,0.059758,29.731573,5.000000,0.663943,0.544743,0.074117
54,0.060530,28.844753,5.000000,0.713055,0.494858,0.051525
54,0.063814,28.254242,5.000000,0.727010,0.457574,0.079941
54,0.073307,26.630394,4.000000,0.479407,0.479912,0.223054
54,0.061303,25.544130,4.000000,0.602850,0.504849,0.064805
54,0.059555,25.510559,4.000000,0.613931,0.470850,0.053424
54,0.056015,21.385656,3.000000,0.567997,0.554122,0.135620
54,0.070165,13.800775,2.000000,0.664651,0.526060,0.107793
54,0.060767,16.513214,2.000000,0.535628,0.510961,0.130971
54,0.063374,9.690475,1.000000,0.647228,0.556172,0.093368
54,0.056424,6.568282,0.000000,0.551455,0.510047,0.122783
55,0.060530,60.460434,11.000000,0.713055,0.494858,0.000000
55,0.059555,46.689037,8.000000,0.613931,0.470850,0.104025
55,0.060630,36.071590,6.000000,0.662780,0.485869,0.051525
55,0.056015,37.334476,6.000000,0.567997,0.554122,0.169022
55,0.059758,31.114513,5.000000,0.663943,0.544743,0.079749
55,0.063814,20.025003,3.000000,0.727010,0.457574,0.058699
55,0.073307,22.514910,3.000000,0.479407,0.479912,0.266958
55,0.061303,21.713797,3.000000,0.602850,0.504849,0.111179
55,0.070165,15.428091,2.000000,0.664651,0.526060,0.114663
55,0.060767,17.428495,2.000000,0.535628,0.510961,0.178581
55,0.064298,11.457837,1.000000,0.611137,0.467282,0.113997
55,0.063374,6.084226,0.000000,0.647228,0.556172,0.104958
56,0.059555,54.949379,10.000000,0.613931,0.470850,0.000000
56,0.070165,43.025764,8.000000,0.664651,0.526060,0.136352
56,0.059758,39.072922,7.000000,0.663943,0.544743,0.105057
56,0.060530,28.075317,5.000000,0.713055,0.494858,0.104025
56,0.063814,27.411022,5.000000,0.727010,0.457574,0.121968
56,0.060630,19.007473,3.000000,0.662780,0.485869,0.053424
56,0.073307,21.209192,3.000000,0.479407,0.479912,0.192710
56,0.061303,19.987148,3.000000,0.602850,0.504849,0.047268
56,0.060767,21.077366,3.000000,0.535628,0.510961,0.093767
56,0.064298,14.596745,2.000000,0.611137,0.467282,0.047718
56,0.056015,10.933943,1.000000,0.567997,0.554122,0.119157
57,0.061303,38.050560,6.000000,0.602850,0.504849,0.000000
57,0.055006,38.064522,6.000000,0.634141,0.488095,0.073367
57,0.068598,36.572365,6.000000,0.755681,0.451188,0.182148
57,0.060530,27.307081,4.000000,0.713055,0.494858,0.111179
57,0.060767,28.474531,4.000000,0.535628,0.510961,0.067867
57,0.056015,28.418747,4.000000,0.567997,0.554122,0.088344
57,0.073920,27.008461,4.000000,0.680085,0.524029,0.149866
57,0.057665,27.266693,4.000000,0.736008,0.534176,0.142823
57,0.060630,22.669573,3.000000,0.662780,0.485869,0.064805
57,0.070165,17.287838,2.000000,0.664651,0.526060,0.111250
57,0.059758,17.695065,2.000000,0.663943,0.544743,0.080361
57,0.063814,17.048731,2.000000,0.727010,0.457574,0.139781
57,0.073307,18.525793,2.000000,0.479407,0.479912,0.174989
57,0.064298,12.898717,1.000000,0.611137,0.467282,0.056311
57,0.059555,8.035870,0.000000,0.613931,0.470850,0.047268
57,0.062170,7.870146,0.000000,0.625719,0.506308,0.024526
58,0.060530,41.922340,7.000000,0.713055,0.494858,0.000000
58,0.060767,43.256645,7.000000,0.535628,0.510961,0.178581
58,0.056015,38.192860,6.000000,0.567997,0.554122,0.169022
58,0.073920,31.581116,5.000000,0.680085,0.524029,0.142640
58,0.060630,32.336685,5.000000,0.662780,0.485869,0.051525
58,0.059758,32.365753,5.000000,0.663943,0.544743,0.079749
58,0.070165,26.900400,4.000000,0.664651,0.526060,0.114663
58,0.064298,22.598560,3.000000,0.611137,0.467282,0.113997
58,0.068598,16.082687,2.000000,0.755681,0.451188,0.106328
58,0.057665,16.876221,2.000000,0.736008,0.534176,0.061344
58,0.063814,16.627121,2.000000,0.727010,0.457574,0.058699
58,0.055006,12.788010,1.000000,0.634141,0.488095,0.096697
58,0.073307,13.315163,1.000000,0.479407,0.479912,0.266958
58,0.061303,7.772100,0.000000,0.602850,0.504849,0.111179
59,0.063814,56.458519,10.000000,0.727010,0.457574,0.000000
59,0.070165,41.745392,7.000000,0.664651,0.526060,0.123493
59,0.060630,37.203526,6.000000,0.662780,0.485869,0.079941
59,0.068598,35.886841,6.000000,0.755681,0.451188,0.056335
59,0.057665,36.720032,6.000000,0.736008,0.534176,0.114153
59,0.059758,27.234083,4.000000,0.663943,0.544743,0.132272
59,0.060530,21.768497,3.000000,0.713055,0.494858,0.058699
59,0.073920,21.410164,3.000000,0.680085,0.524029,0.138979
59,0.064298,17.478497,2.000000,0.611137,0.467282,0.116607
59,0.060767,13.169437,1.000000,0.535628,0.510961,0.204962
59,0.056015,13.102507,1.000000,0.567997,0.554122,0.214322
59,0.073307,13.230921,1.000000,0.479407,0.479912,0.266644
59,0.055006,7.677413,0.000000,0.634141,0.488095,0.133564
60,0.068598,46.376518,8.000000,0.755681,0.451188,0.000000
60,0.059758,47.563324,8.000000,0.663943,0.544743,0.172935
60,0.060767,43.387383,7.000000,0.535628,0.510961,0.245230
60,0.063814,31.880089,5.000000,0.727010,0.457574,0.056335
60,0.070165,27.132866,4.000000,0.664651,0.526060,0.131495
60,0.057665,27.110504,4.000000,0.736008,0.534176,0.151987
60,0.060530,27.153200,4.000000,0.713055,0.494858,0.106328
60,0.064298,27.778675,4.000000,0.611137,0.467282,0.152139
60,0.060630,17.536406,2.000000,0.662780,0.485869,0.129839
60,0.073920,16.837517,2.000000,0.680085,0.524029,0.129761
60,0.056015,18.328379,2.000000,0.567997,0.554122,0.260027
60,0.073307,8.441525,0.000000,0.479407,0.479912,0.282550
61,0.060630,54.606842,10.000000,0.662780,0.485869,0.000000
61,0.070165,43.723202,8.000000,0.664651,0.526060,0.107793
61,0.057665,38.674347,7.000000,0.736008,0.534176,0.099437
61,0.064298,30.137100,5.000000,0.611137,0.467282,0.067471
61,0.068598,22.067442,4.000000,0.755681,0.451188,0.129839
61,0.063814,23.169920,4.000000,0.727010,0.457574,0.079941
61,0.060530,23.767817,4.000000,0.713055,0.494858,0.051525
61,0.059758,19.665733,3.000000,0.663943,0.544743,0.074117
61,0.060767,16.469629,2.000000,0.535628,0.510961,0.130971
61,0.073920,13.076695,2.000000,0.680085,0.524029,0.142259
61,0.056015,11.340549,1.000000,0.567997,0.554122,0.135620
62,0.073920,50.555443,9.000000,0.680085,0.524029,0.000000
62,0.068598,29.907524,5.000000,0.755681,0.451188,0.129761
62,0.054566,32.191753,5.000000,0.629198,0.512958,0.200598
62,0.067689,31.012283,5.000000,0.673183,0.524947,0.062704
62,0.064298,26.878143,4.000000,0.611137,0.467282,0.138000
62,0.062231,25.412838,4.000000,0.753005,0.491728,0.143570
62,0.063949,26.641396,4.000000,0.635608,0.442447,0.149396
62,0.063814,20.615257,3.000000,0.727010,0.457574,0.138979
62,0.060530,20.999092,3.000000,0.713055,0.494858,0.142640
62,0.060767,22.733589,3.000000,0.535628,0.510961,0.196048
62,0.059758,16.575531,2.000000,0.663943,0.544743,0.144875
62,0.060630,11.537651,1.000000,0.662780,0.485869,0.142259
62,0.057665,10.939087,1.000000,0.736008,0.534176,0.172369
62,0.056015,12.650723,1.000000,0.567997,0.554122,0.214568
62,0.070165,5.970478,0.000000,0.664651,0.526060,0.040677
63,0.068598,38.536526,7.000000,0.755681,0.451188,0.000000
63,0.056015,42.018261,7.000000,0.567997,0.554122,0.260027
63,0.063814,34.434753,6.000000,0.727010,0.457574,0.056335
63,0.064298,31.037632,5.000000,0.611137,0.467282,0.152139
63,0.063949,30.737106,5.000000,0.635608,0.442447,0.129219
63,0.060530,24.921925,4.000000,0.713055,0.494858,0.106328
63,0.073920,19.358822,3.000000,0.680085,0.524029,0.129761
63,0.060767,22.123402,3.000000,0.535628,0.510961,0.245230
63,0.059758,20.653563,3.000000,0.663943,0.544743,0.172935
63,0.057665,19.845764,3.000000,0.736008,0.534176,0.151987
63,0.062231,14.177857,2.000000,0.753005,0.491728,0.081420
63,0.060630,15.605480,2.000000,0.662780,0.485869,0.129839
63,0.054566,6.435643,0.000000,0.629198,0.512958,0.204080
63,0.067689,4.938648,0.000000,0.673183,0.524947,0.124053
64,0.059758,47.892601,8.000000,0.663943,0.544743,0.000000
64,0.064298,38.078854,6.000000,0.611137,0.467282,0.119271
64,0.063949,37.933159,6.000000,0.635608,0.442447,0.137517
64,0.062231,37.177128,6.000000,0.753005,0.491728,0.113733
64,0.056015,28.554270,4.000000,0.567997,0.554122,0.103653
64,0.063814,27.301697,4.000000,0.727010,0.457574,0.132272
64,0.073920,27.264887,4.000000,0.680085,0.524029,0.144875
64,0.060767,28.605286,4.000000,0.535628,0.510961,0.135462
64,0.068598,21.866150,3.000000,0.755681,0.451188,0.172935
64,0.057665,22.500977,3.000000,0.736008,0.534176,0.076196
64,0.060530,12.537903,1.000000,0.713055,0.494858,0.079749
64,0.060630,12.869324,1.000000,0.662780,0.485869,0.074117
65,0.063814,36.374168,6.000000,0.727010,0.457574,0.000000
65,0.059758,32.168198,5.000000,0.663943,0.544743,0.132272
65,0.068598,30.788908,5.000000,0.755681,0.451188,0.056335
65,0.073920,26.324692,4.000000,0.680085,0.524029,0.138979
65,0.057665,26.641937,4.000000,0.736008,0.534176,0.114153
65,0.063503,26.504971,4.000000,0.715523,0.508040,0.064195
65,0.067717,27.622766,4.000000,0.571456,0.503982,0.170545
65,0.058951,26.142296,4.000000,0.780215,0.504753,0.093133
65,0.062231,21.206764,3.000000,0.753005,0.491728,0.052433
65,0.057122,22.053165,3.000000,0.692745,0.430498,0.082454
65,0.064298,17.418465,2.000000,0.611137,0.467282,0.116607
65,0.060767,18.125853,2.000000,0.535628,0.510961,0.204962
65,0.060530,16.691557,2.000000,0.713055,0.494858,0.058699
65,0.063949,12.222692,1.000000,0.635608,0.442447,0.093347
65,0.056015,13.057328,1.000000,0.567997,0.554122,0.214322
65,0.060630,7.136904,0.000000,0.662780,0.485869,0.079941
66,0.058951,37.308578,6.000000,0.780215,0.504753,0.000000
66,0.056015,38.644646,6.000000,0.567997,0.554122,0.222951
66,0.068598,32.062019,5.000000,0.755681,0.451188,0.119961
66,0.073920,32.435837,5.000000,0.680085,0.524029,0.181697
66,0.063503,32.561607,5.000000,0.715523,0.508040,0.079211
66,0.062231,27.353556,4.000000,0.753005,0.491728,0.045617
66,0.060530,27.691784,4.000000,0.713055,0.494858,0.070091
66,0.063814,22.470341,3.000000,0.727010,0.457574,0.093133
66,0.060767,23.692455,3.000000,0.535628,0.510961,0.245384
66,0.057665,17.657166,2.000000,0.736008,0.534176,0.058926
66,0.064298,18.198908,2.000000,0.611137,0.467282,0.183413
66,0.063949,18.062344,2.000000,0.635608,0.442447,0.171683
66,0.059758,13.024321,1.000000,0.663943,0.544743,0.126819
66,0.067717,13.341465,1.000000,0.571456,0.503982,0.226420
66,0.057122,12.944069,1.000000,0.692745,0.430498,0.128844
67,0.057665,47.657166,8.000000,0.736008,0.534176,0.000000
67,0.060681,42.053291,7.000000,0.804660,0.551279,0.077972
67,0.057122,37.944069,6.000000,0.692745,0.430498,0.136736
67,0.073920,32.435825,5.000000,0.680085,0.524029,0.172369
67,0.060494,22.848953,3.000000,0.688555,0.551758,0.059458
67,0.065177,22.109566,3.000000,0.768958,0.485052,0.102466
67,0.057907,17.894691,2.000000,0.696244,0.512687,0.048048
67,0.063503,17.561607,2.000000,0.715523,0.508040,0.069969
67,0.060530,17.691784,2.000000,0.713055,0.494858,0.061344
67,0.063814,17.470341,2.000000,0.727010,0.457574,0.114153
67,0.060767,18.692455,2.000000,0.535628,0.510961,0.204834
67,0.072729,17.840319,2.000000,0.629234,0.478850,0.197167
67,0.063949,13.062344,1.000000,0.635608,0.442447,0.164854
67,0.059555,12.830744,1.000000,0.696889,0.443806,0.121029
67,0.067717,13.341465,1.000000,0.571456,0.503982,0.196486
67,0.059758,13.024321,1.000000,0.663943,0.544743,0.076196
67,0.064298,13.198900,1.000000,0.611137,0.467282,0.164269
67,0.062231,12.353582,1.000000,0.753005,0.491728,0.072032
67,0.056388,8.543911,0.000000,0.586771,0.522473,0.150496
67,0.058951,7.308578,0.000000,0.780215,0.504753,0.058926
67,0.068598,7.062020,0.000000,0.755681,0.451188,0.151987
67,0.056015,8.644648,0.000000,0.567997,0.554122,0.170651
68,0.060681,46.758614,8.000000,0.804660,0.551279,0.000000
68,0.060494,42.633850,7.000000,0.688555,0.551758,0.116122
68,0.065177,36.820522,6.000000,0.768958,0.485052,0.100745
68,0.063814,32.217407,5.000000,0.727010,0.457574,0.143983
68,0.057907,32.684174,5.000000,0.696244,0.512687,0.121863
68,0.067717,28.175611,4.000000,0.571456,0.503982,0.250660
68,0.063503,22.317768,3.000000,0.715523,0.508040,0.107997
68,0.060530,17.460962,2.000000,0.713055,0.494858,0.115619
68,0.057665,17.422882,2.000000,0.736008,0.534176,0.077972
68,0.072729,17.624352,2.000000,0.629234,0.478850,0.231271
68,0.059758,17.826778,2.000000,0.663943,0.544743,0.141257
68,0.073920,12.179389,1.000000,0.680085,0.524029,0.184952
68,0.057122,12.738476,1.000000,0.692745,0.430498,0.191273
68,0.060767,13.561701,1.000000,0.535628,0.510961,0.273714
68,0.062231,12.088939,1.000000,0.753005,0.491728,0.091921
68,0.063949,7.868578,0.000000,0.635608,0.442447,0.219440
68,0.059555,7.613821,0.000000,0.696889,0.443806,0.172594
68,0.064298,8.018790,0.000000,0.611137,0.467282,0.223123
69,0.072729,44.528713,8.000000,0.629234,0.478850,0.000000
69,0.057122,39.791641,7.000000,0.692745,0.430498,0.179008
69,0.065177,32.677567,6.000000,0.768958,0.485052,0.159014
69,0.060681,27.535038,5.000000,0.804660,0.551279,0.231271
69,0.063503,28.822739,5.000000,0.715523,0.508040,0.131482
69,0.062231,28.295679,5.000000,0.753005,0.491728,0.163093
69,0.057907,24.666544,4.000000,0.696244,0.512687,0.168073
69,0.060494,19.550705,3.000000,0.688555,0.551758,0.163685
69,0.067717,15.798378,2.000000,0.571456,0.503982,0.082683
69,0.060530,14.152519,2.000000,0.713055,0.494858,0.149356
69,0.073920,13.504087,2.000000,0.680085,0.524029,0.076922
69,0.057665,9.064819,1.000000,0.736008,0.534176,0.197167
69,0.063814,3.591531,0.000000,0.727010,0.457574,0.134959
69,0.059758,4.994946,0.000000,0.663943,0.544743,0.157524
69,0.060767,6.687553,0.000000,0.535628,0.510961,0.157102
70,0.060681,41.169296,7.000000,0.804660,0.551279,0.000000
70,0.065177,36.242435,6.000000,0.768958,0.485052,0.100745
70,0.060530,36.999283,6.000000,0.713055,0.494858,0.115619
70,0.072729,32.192390,5.000000,0.629234,0.478850,0.231271
70,0.062231,31.559624,5.000000,0.753005,0.491728,0.091921
70,0.057122,27.327290,4.000000,0.692745,0.430498,0.191273
70,0.063503,26.830090,4.000000,0.715523,0.508040,0.107997
70,0.067717,27.843904,4.000000,0.571456,0.503982,0.250660
70,0.060494,22.203655,3.000000,0.688555,0.551758,0.116122
70,0.073920,21.666569,3.000000,0.680085,0.524029,0.184952
70,0.057665,16.954315,2.000000,0.736008,0.534176,0.077972
70,0.057907,12.263131,1.000000,0.696244,0.512687,0.121863
71,0.060530,31.691534,5.000000,0.713055,0.494858,0.000000
71,0.073920,31.324692,5.000000,0.680085,0.524029,0.142640
71,0.065180,31.231272,5.000000,0.733392,0.534482,0.070915
71,0.072729,26.904465,4.000000,0.629234,0.478850,0.149356
71,0.060494,26.916853,4.000000,0.688555,0.551758,0.075227
71,0.057665,26.641937,4.000000,0.736008,0.534176,0.061344
71,0.057907,26.982391,4.000000,0.696244,0.512687,0.038307
71,0.054837,27.409033,4.000000,0.662961,0.544131,0.097691
71,0.062231,21.206764,3.000000,0.753005,0.491728,0.043595
71,0.067717,22.622766,3.000000,0.571456,0.503982,0.159204
71,0.060681,15.776414,2.000000,0.804660,0.551279,0.115619
71,0.057122,17.053165,2.000000,0.692745,0.430498,0.089701
71,0.068972,16.659166,2.000000,0.671253,0.462498,0.102517
71,0.056810,11.237188,1.000000,0.784949,0.521033,0.087312
71,0.054039,10.824935,1.000000,0.847764,0.550105,0.164709
71,0.063503,11.504971,1.000000,0.715523,0.508040,0.034084
71,0.065177,5.857055,0.000000,0.768958,0.485052,0.073722
72,0.054039,36.116184,6.000000,0.847764,0.550105,0.000000
72,0.062231,31.471409,5.000000,0.753005,0.491728,0.144964
72,0.060681,31.071072,5.000000,0.804660,0.551279,0.079195
72,0.056810,31.499706,5.000000,0.784949,0.521033,0.077680
72,0.057122,27.258759,4.000000,0.692745,0.430498,0.217564
72,0.068972,26.892256,4.000000,0.671253,0.462498,0.255827
72,0.060530,21.922379,3.000000,0.713055,0.494858,0.164709
72,0.065180,21.494217,3.000000,0.733392,0.534482,0.160856
72,0.072729,22.120428,3.000000,0.629234,0.478850,0.301031
72,0.060494,22.131954,3.000000,0.688555,0.551758,0.171811
72,0.067717,22.788620,3.000000,0.571456,0.503982,0.313657
72,0.057665,16.876221,2.000000,0.736008,0.534176,0.119167
72,0.057907,17.192926,2.000000,0.696244,0.512687,0.163224
72,0.054837,17.589798,2.000000,0.662961,0.544131,0.185126
72,0.073920,6.581078,0.000000,0.680085,0.524029,0.262118
72,0.063503,6.748802,0.000000,0.715523,0.508040,0.170911
73,0.060681,49.499454,9.000000,0.804660,0.551279,0.000000
73,0.060494,40.984734,7.000000,0.688555,0.551758,0.116122
73,0.056810,30.099567,5.000000,0.784949,0.521033,0.057589
73,0.057122,31.162262,5.000000,0.692745,0.430498,0.191273
73,0.057665,30.626709,5.000000,0.736008,0.534176,0.077972
73,0.054039,24.562660,4.000000,0.847764,0.550105,0.079195
73,0.072729,25.968611,4.000000,0.629234,0.478850,0.231271
73,0.060530,20.691330,3.000000,0.713055,0.494858,0.115619
73,0.065180,20.091904,3.000000,0.733392,0.534482,0.086857
73,0.068972,15.649175,2.000000,0.671253,0.462498,0.192320
73,0.062231,10.060018,1.000000,0.753005,0.491728,0.091921
73,0.067717,11.904068,1.000000,0.571456,0.503982,0.250660
73,0.057907,11.070137,1.000000,0.696244,0.512687,0.121863
73,0.054837,6.625728,0.000000,0.662961,0.544131,0.153535
74,0.065180,41.406548,7.000000,0.733392,0.534482,0.000000
74,0.060681,35.972828,6.000000,0.804660,0.551279,0.086857
74,0.056810,36.412197,6.000000,0.784949,0.521033,0.099733
74,0.062231,36.383205,6.000000,0.753005,0.491728,0.064114
74,0.054039,31.019089,5.000000,0.847764,0.550105,0.160856
74,0.057665,26.798126,4.000000,0.736008,0.534176,0.075195
74,0.072729,27.048449,4.000000,0.629234,0.478850,0.146230
74,0.057122,22.190228,3.000000,0.692745,0.430498,0.158241
74,0.068972,21.814554,3.000000,0.671253,0.462498,0.115738
74,0.067717,22.733335,3.000000,0.571456,0.503982,0.168287
74,0.060494,12.060218,1.000000,0.688555,0.551758,0.068355
74,0.060530,11.845438,1.000000,0.713055,0.494858,0.070915
74,0.057907,12.122779,1.000000,0.696244,0.512687,0.086094
75,0.065180,32.545925,5.000000,0.733392,0.534482,0.000000
75,0.057706,32.517849,5.000000,0.783887,0.538760,0.090353
75,0.066234,31.994869,5.000000,0.805087,0.586941,0.097729
75,0.060681,27.249756,4.000000,0.804660,0.551279,0.086857
75,0.062231,27.529987,4.000000,0.753005,0.491728,0.064114
75,0.066060,27.188072,4.000000,0.779802,0.516376,0.052379
75,0.077994,23.021049,3.000000,0.602055,0.496004,0.189694
75,0.056145,22.171736,3.000000,0.848315,0.558505,0.149238
75,0.063492,22.860205,3.000000,0.693869,0.523597,0.045080
75,0.060530,22.845665,3.000000,0.713055,0.494858,0.070915
75,0.057665,22.813354,3.000000,0.736008,0.534176,0.075195
75,0.057122,18.081131,2.000000,0.692745,0.430498,0.158241
75,0.072729,17.984299,2.000000,0.629234,0.478850,0.146230
75,0.067717,13.452034,1.000000,0.571456,0.503982,0.168287
75,0.054039,12.281353,1.000000,0.847764,0.550105,0.160856
75,0.052420,13.231228,1.000000,0.694288,0.509261,0.137133
75,0.056810,12.549797,1.000000,0.784949,0.521033,0.099733
75,0.060494,7.992344,0.000000,0.688555,0.551758,0.068355
75,0.057907,8.035069,0.000000,0.696244,0.512687,0.086094
75,0.068972,7.824595,0.000000,0.671253,0.462498,0.115738
76,0.060681,49.401215,9.000000,0.804660,0.551279,0.000000
76,0.065180,30.004236,5.000000,0.733392,0.534482,0.086857
76,0.062231,29.971752,5.000000,0.753005,0.491728,0.091921
76,0.066060,29.275730,5.000000,0.779802,0.516376,0.073588
76,0.054039,29.465561,5.000000,0.847764,0.550105,0.079195
76,0.066234,23.882404,4.000000,0.805087,0.586941,0.071209
76,0.057706,14.947041,2.000000,0.783887,0.538760,0.039510
76,0.056810,15.012087,2.000000,0.784949,0.521033,0.057589
76,0.057665,15.548615,2.000000,0.736008,0.534176,0.077972
76,0.060530,15.614389,2.000000,0.713055,0.494858,0.115619
76,0.056145,14.242441,2.000000,0.848315,0.558505,0.063599
76,0.077994,15.971422,2.000000,0.602055,0.496004,0.275316
76,0.063492,10.644015,1.000000,0.693869,0.523597,0.119424
76,0.057122,11.093731,1.000000,0.692745,0.430498,0.191273
76,0.072729,10.896569,1.000000,0.629234,0.478850,0.231271
76,0.067717,11.848783,1.000000,0.571456,0.503982,0.250660
76,0.052420,11.399285,1.000000,0.694288,0.509261,0.147531
77,0.060681,46.955063,8.000000,0.804660,0.551279,0.000000
77,0.057706,32.251911,5.000000,0.783887,0.538760,0.039510
77,0.057665,32.579071,5.000000,0.736008,0.534176,0.077972
77,0.069968,26.655376,4.000000,0.785368,0.509600,0.108219
77,0.066234,26.672890,4.000000,0.805087,0.586941,0.071209
77,0.072729,27.768333,4.000000,0.629234,0.478850,0.231271
77,0.056145,21.868690,3.000000,0.848315,0.558505,0.063599
77,0.065180,17.283018,2.000000,0.733392,0.534482,0.086857
77,0.047617,17.391104,2.000000,0.840808,0.551890,0.135548
77,0.061993,17.218624,2.000000,0.760869,0.563437,0.048175
77,0.077994,17.809019,2.000000,0.602055,0.496004,0.275316
77,0.060530,17.614843,2.000000,0.713055,0.494858,0.115619
77,0.054039,16.990051,2.000000,0.847764,0.550105,0.079195
77,0.057122,12.875538,1.000000,0.692745,0.430498,0.191273
77,0.056810,12.287275,1.000000,0.784949,0.521033,0.057589
77,0.052420,13.041717,1.000000,0.694288,0.509261,0.147531
77,0.072891,11.817268,1.000000,0.750606,0.474011,0.164799
77,0.062231,12.265368,1.000000,0.753005,0.491728,0.091921
77,0.063492,7.630956,0.000000,0.693869,0.523597,0.119424
77,0.067717,8.286180,0.000000,0.571456,0.503982,0.250660
77,0.066060,6.886773,0.000000,0.779802,0.516376,0.073588
77,0.057789,7.766685,0.000000,0.706154,0.524860,0.107843
77,0.060050,7.027882,0.000000,0.799143,0.543611,0.012729
78,0.057122,38.355255,6.000000,0.692745,0.430498,0.000000
78,0.057706,27.872442,4.000000,0.783887,0.538760,0.163263
78,0.072891,27.535950,4.000000,0.750606,0.474011,0.176557
78,0.056810,27.899826,4.000000,0.784949,0.521033,0.146008
78,0.061993,27.846676,4.000000,0.760869,0.563437,0.186084
78,0.056145,27.575775,4.000000,0.848315,0.558505,0.223384
78,0.072729,28.272257,4.000000,0.629234,0.478850,0.179008
78,0.065180,22.896530,3.000000,0.733392,0.534482,0.158241
78,0.060681,22.642635,3.000000,0.804660,0.551279,0.191273
78,0.062231,22.882847,3.000000,0.753005,0.491728,0.109996
78,0.047617,17.980209,2.000000,0.840808,0.551890,0.232340
78,0.054039,17.669727,2.000000,0.847764,0.550105,0.217564
78,0.069968,17.410614,2.000000,0.785368,0.509600,0.186701
78,0.052420,18.483929,2.000000,0.694288,0.509261,0.109117
78,0.066234,12.424187,1.000000,0.805087,0.586941,0.243237
78,0.077994,13.303757,1.000000,0.602055,0.496004,0.241859
78,0.060530,13.153427,1.000000,0.713055,0.494858,0.089701
78,0.057665,8.125732,0.000000,0.736008,0.534176,0.136736
79,0.066234,42.916454,8.000000,0.805087,0.586941,0.000000
79,0.060681,33.517204,6.000000,0.804660,0.551279,0.071209
79,0.061993,34.078369,6.000000,0.760869,0.563437,0.067947
79,0.060530,29.921898,5.000000,0.713055,0.494858,0.158024
79,0.054039,28.591705,5.000000,0.847764,0.550105,0.137160
79,0.062231,24.177822,4.000000,0.753005,0.491728,0.135940
79,0.056145,18.333370,3.000000,0.848315,0.558505,0.115370
79,0.072729,20.248716,3.000000,0.629234,0.478850,0.231081
79,0.056810,19.224522,3.000000,0.784949,0.521033,0.126783
79,0.065180,14.215458,2.000000,0.733392,0.534482,0.097729
79,0.057706,14.149198,2.000000,0.783887,0.538760,0.106526
79,0.047617,9.445576,1.000000,0.840808,0.551890,0.194558
79,0.072891,8.223882,1.000000,0.750606,0.474011,0.165308
79,0.069968,7.879189,1.000000,0.785368,0.509600,0.105497
79,0.052420,5.830751,0.000000,0.694288,0.509261,0.201959
79,0.077994,5.335349,0.000000,0.602055,0.496004,0.260719
79,0.057122,5.476952,0.000000,0.692745,0.430498,0.243237
80,0.054039,39.659760,7.000000,0.847764,0.550105,0.000000
80,0.066234,34.097057,6.000000,0.805087,0.586941,0.137160
80,0.060681,34.597683,6.000000,0.804660,0.551279,0.079195
80,0.072729,36.040524,6.000000,0.629234,0.478850,0.301031
80,0.072891,29.353218,5.000000,0.750606,0.474011,0.232437
80,0.060530,25.768270,4.000000,0.713055,0.494858,0.164709
80,0.069968,24.065990,4.000000,0.785368,0.509600,0.178410
80,0.061993,20.065296,3.000000,0.760869,0.563437,0.118976
80,0.056145,14.444464,2.000000,0.848315,0.558505,0.023540
80,0.056810,15.187101,2.000000,0.784949,0.521033,0.077680
80,0.065180,15.179548,2.000000,0.733392,0.534482,0.160856
80,0.047617,15.371313,2.000000,0.840808,0.551890,0.064631
80,0.057706,10.124316,1.000000,0.783887,0.538760,0.075010
80,0.062231,5.148219,0.000000,0.753005,0.491728,0.144964
81,0.072891,43.531868,8.000000,0.750606,0.474011,0.000000
81,0.056145,38.636402,7.000000,0.848315,0.558505,0.220782
81,0.054039,33.882992,6.000000,0.847764,0.550105,0.232437
81,0.060681,33.811874,6.000000,0.804660,0.551279,0.164799
81,0.060530,25.152746,4.000000,0.713055,0.494858,0.131789
81,0.047617,24.698050,4.000000,0.840808,0.551890,0.285463
81,0.066234,18.238445,3.000000,0.805087,0.586941,0.165308
81,0.061993,19.347530,3.000000,0.760869,0.563437,0.156452
81,0.056810,19.487043,3.000000,0.784949,0.521033,0.174627
81,0.072729,15.464659,2.000000,0.629234,0.478850,0.121534
81,0.065180,14.478392,2.000000,0.733392,0.534482,0.109342
81,0.057706,14.415163,2.000000,0.783887,0.538760,0.175256
81,0.069968,3.202883,0.000000,0.785368,0.509600,0.063574
82,0.047617,50.118755,9.000000,0.840808,0.551890,0.000000
82,0.056810,39.924492,7.000000,0.784949,0.521033,0.114273
82,0.060681,34.303036,6.000000,0.804660,0.551279,0.135548
82,0.056145,29.141449,5.000000,0.848315,0.558505,0.086006
82,0.060530,30.537422,5.000000,0.713055,0.494858,0.195135
82,0.072891,24.045212,4.000000,0.750606,0.474011,0.285463
82,0.066234,23.775066,4.000000,0.805087,0.586941,0.194558
82,0.061993,19.796141,3.000000,0.760869,0.563437,0.165120
82,0.072729,20.824610,3.000000,0.629234,0.478850,0.340821
82,0.057706,14.858403,2.000000,0.783887,0.538760,0.116999
82,0.054039,9.368517,1.000000,0.847764,0.550105,0.064631
82,0.065180,9.916615,1.000000,0.733392,0.534482,0.207019
83,0.060681,32.151524,5.000000,0.804660,0.551279,0.000000
83,0.056145,32.070724,5.000000,0.848315,0.558505,0.063599
83,0.066234,31.887539,5.000000,0.805087,0.586941,0.071209
83,0.047617,32.559410,5.000000,0.840808,0.551890,0.135548
83,0.072891,27.022606,4.000000,0.750606,0.474011,0.164799
83,0.065180,27.458307,4.000000,0.733392,0.534482,0.086857
83,0.054777,22.951275,3.000000,0.718246,0.534958,0.106627
83,0.059793,22.386089,3.000000,0.776519,0.571111,0.038540
83,0.061993,22.398069,3.000000,0.760869,0.563437,0.048175
83,0.057706,22.429211,3.000000,0.783887,0.538760,0.039510
83,0.072729,17.912315,2.000000,0.629234,0.478850,0.231271
83,0.047976,17.751633,2.000000,0.803992,0.542721,0.127494
83,0.054039,17.184235,2.000000,0.847764,0.550105,0.079195
83,0.060530,17.768724,2.000000,0.713055,0.494858,0.115619
83,0.061033,11.936788,1.000000,0.832027,0.513637,0.054546
83,0.056810,12.462290,1.000000,0.784949,0.521033,0.057589
83,0.062578,7.610448,0.000000,0.725737,0.484685,0.116267
84,0.047976,37.751633,6.000000,0.803992,0.542721,0.000000
84,0.061033,36.936783,6.000000,0.832027,0.513637,0.138400
84,0.060681,32.151524,5.000000,0.804660,0.551279,0.127494
84,0.066234,31.887543,5.000000,0.805087,0.586941,0.190758
84,0.054777,27.951263,4.000000,0.718246,0.534958,0.109868
84,0.056145,22.070707,3.000000,0.848315,0.558505,0.095006
84,0.047617,22.559420,3.000000,0.840808,0.551890,0.038727
84,0.072891,22.022606,3.000000,0.750606,0.474011,0.268885
84,0.065180,22.458307,3.000000,0.733392,0.534482,0.186242
84,0.061993,22.398058,3.000000,0.760869,0.563437,0.148915
84,0.059793,17.386087,2.000000,0.776519,0.571111,0.126397
84,0.072729,17.912313,2.000000,0.629234,0.478850,0.313339
84,0.054039,17.184254,2.000000,0.847764,0.550105,0.075341
84,0.060530,17.768724,2.000000,0.713055,0.494858,0.166156
84,0.057706,12.429185,1.000000,0.783887,0.538760,0.099478
84,0.056810,7.462290,0.000000,0.784949,0.521033,0.094340
1,0.074195,64.563019,93.000000,0.878276,0.558848,0.000000
1,0.083123,33.682175,87.000000,0.894460,0.759901,0.267194
1,0.083115,32.301109,71.000000,0.584643,0.434311,0.344110
1,0.060108,43.316555,61.000000,0.542967,0.694230,0.401142
1,0.093812,32.628914,50.000000,0.515803,0.574558,0.412618
1,0.099223,33.543098,45.000000,0.393140,0.454442,0.561274
1,0.083332,28.047047,31.000000,0.496683,0.634870,0.403723
1,0.062370,19.342886,25.000000,0.333022,0.794297,0.630797
1,0.092867,17.373793,24.000000,0.545594,0.786877,0.476224
1,0.073678,19.697577,13.000000,0.207862,0.760327,0.716178
2,0.074195,29.698257,73.000000,0.878276,0.558848,0.000000
2,0.071577,38.335144,69.000000,0.719237,0.726724,0.264602
2,0.067082,23.905890,66.000000,0.710420,0.626148,0.200780
2,0.083968,67.659676,58.000000,0.696888,0.566808,0.206281
2,0.067148,33.895477,57.000000,0.710674,0.626107,0.200313
2,0.067078,28.892591,46.000000,0.711219,0.626336,0.200226
2,0.078725,17.417809,42.000000,0.731482,0.497044,0.171956
2,0.073946,26.070328,37.000000,0.543355,0.659644,0.357845
2,0.083290,10.609039,33.000000,0.541188,0.535152,0.350396
2,0.076956,11.111115,19.000000,0.529851,0.634786,0.362178
3,0.072863,8.952766,70.000000,0.799012,0.641676,0.000000
3,0.069340,45.406498,67.000000,0.713849,0.676039,0.101682
3,0.074195,42.559910,60.000000,0.878276,0.558848,0.131072
3,0.075668,20.136902,58.000000,0.703118,0.596250,0.114923
3,0.075455,35.153172,51.000000,0.702931,0.597797,0.113630
3,0.070434,51.397308,46.000000,0.627263,0.643010,0.173466
3,0.070555,24.200518,46.000000,0.795167,0.591949,0.066415
3,0.067212,25.596909,44.000000,0.709880,0.626767,0.107172
3,0.070649,21.381542,33.000000,0.627677,0.643044,0.172769
3,0.072043,26.395920,25.000000,0.620338,0.630628,0.179395
4,0.074142,27.118444,70.000000,0.879273,0.558693,0.000000
4,0.072863,53.603851,61.000000,0.799012,0.641676,0.131776
4,0.071144,39.408150,53.000000,0.756063,0.661017,0.180107
4,0.072699,24.303389,52.000000,0.754907,0.600860,0.135842
4,0.071613,33.743244,52.000000,0.797127,0.617805,0.113344
4,0.069167,20.755997,50.000000,0.668014,0.633747,0.236445
4,0.073896,24.288282,49.000000,0.749757,0.622156,0.151899
4,0.070915,34.407803,43.000000,0.757298,0.659194,0.178046
4,0.072306,30.027958,41.000000,0.707183,0.635482,0.197902
4,0.073379,4.300364,29.000000,0.751596,0.594505,0.135511
5,0.074142,39.395798,65.000000,0.879273,0.558693,0.000000
5,0.072653,30.987114,64.000000,0.818877,0.611517,0.090714
5,0.073723,50.372326,62.000000,0.840179,0.600334,0.065232
5,0.074030,25.914997,51.000000,0.814465,0.591604,0.076771
5,0.071640,17.101452,50.000000,0.771988,0.595073,0.119179
5,0.074324,19.395449,44.000000,0.878201,0.560540,0.003133
5,0.072050,21.984585,43.000000,0.775462,0.608386,0.122770
5,0.073102,11.464893,42.000000,0.794427,0.597359,0.098198
5,0.073273,15.913868,41.000000,0.818712,0.578996,0.066235
5,0.070878,27.960304,38.000000,0.732719,0.636132,0.178643
6,0.072695,21.295254,62.000000,0.827194,0.583530,0.000000
6,0.072381,26.509289,61.000000,0.818727,0.611235,0.035790
6,0.074142,34.969013,59.000000,0.879273,0.558693,0.062332
6,0.073340,25.689640,56.000000,0.851715,0.586010,0.025543
6,0.073984,50.725822,48.000000,0.846348,0.579371,0.023666
6,0.073246,16.691532,48.000000,0.805099,0.606691,0.036834
6,0.073215,36.247597,48.000000,0.826503,0.606401,0.029065
6,0.073416,16.897421,45.000000,0.794137,0.599116,0.039042
6,0.072958,16.671104,39.000000,0.807680,0.602841,0.031151
6,0.073237,15.823021,34.000000,0.846185,0.584628,0.019797
7,0.072695,19.031023,62.000000,0.827194,0.583530,0.000000
7,0.073800,29.143555,61.000000,0.813203,0.603531,0.030707
7,0.073833,33.324196,60.000000,0.868029,0.565461,0.048033
7,0.072633,54.031883,58.000000,0.827483,0.601524,0.022503
7,0.074420,38.188660,57.000000,0.873337,0.566436,0.053695
7,0.073185,24.363554,49.000000,0.801130,0.613135,0.045528
7,0.072651,34.114262,48.000000,0.821650,0.589272,0.009080
7,0.074157,13.395111,42.000000,0.861518,0.579238,0.037693
7,0.072083,19.000175,32.000000,0.832844,0.594397,0.015936
7,0.072614,24.112984,31.000000,0.821950,0.589811,0.009476
8,0.073686,22.706818,61.000000,0.819160,0.593150,0.000000
8,0.073002,27.485008,57.000000,0.835414,0.571923,0.031860
8,0.075080,31.505600,57.000000,0.875806,0.570175,0.065022
8,0.073479,37.332623,53.000000,0.841102,0.580914,0.026827
8,0.073592,32.371304,50.000000,0.838329,0.571490,0.033187
8,0.072695,42.663059,48.000000,0.827194,0.583530,0.017531
8,0.073686,22.213690,48.000000,0.846404,0.573000,0.037103
8,0.072541,27.570984,46.000000,0.833252,0.599608,0.019869
8,0.073762,12.850517,45.000000,0.810635,0.597950,0.010453
8,0.074622,17.162937,35.000000,0.843816,0.578724,0.031947
9,0.072862,20.084377,60.000000,0.821369,0.590426,0.000000
9,0.073243,15.002594,57.000000,0.826019,0.580692,0.013569
9,0.074110,19.787750,57.000000,0.838634,0.575911,0.027982
9,0.072683,64.881752,56.000000,0.839159,0.593548,0.018301
9,0.073034,39.845406,55.000000,0.840106,0.586957,0.019309
9,0.073155,49.601269,54.000000,0.859065,0.578089,0.040833
9,0.073686,15.055479,50.000000,0.819160,0.593150,0.009182
9,0.072937,34.873936,40.000000,0.838338,0.583154,0.019264
9,0.074272,29.458389,36.000000,0.863782,0.571567,0.050530
9,0.074038,9.588242,35.000000,0.854951,0.590784,0.035584
10,0.074346,24.814901,64.000000,0.854781,0.574200,0.000000
10,0.072633,45.919403,63.000000,0.816559,0.582152,0.043045
10,0.072862,20.783205,61.000000,0.821369,0.590426,0.041805
10,0.071773,35.897060,59.000000,0.822456,0.583425,0.042894
10,0.073953,30.235329,58.000000,0.839174,0.588438,0.023995
10,0.073492,15.469247,58.000000,0.831652,0.575340,0.024694
10,0.072837,35.184231,40.000000,0.847786,0.589186,0.025050
10,0.074157,20.049362,34.000000,0.845960,0.595155,0.027703
10,0.073766,9.784384,32.000000,0.859419,0.588904,0.019824
10,0.072721,15.578911,31.000000,0.831229,0.569118,0.029308
11,0.074346,45.790131,66.000000,0.854781,0.574200,0.000000
11,0.071728,36.055546,62.000000,0.842364,0.580173,0.029921
11,0.056306,26.485443,57.000000,0.897445,0.550550,0.187719
11,0.074690,40.958626,56.000000,0.835569,0.576933,0.019814
11,0.073496,41.168991,53.000000,0.820116,0.584225,0.037827
11,0.072873,46.257233,50.000000,0.814068,0.596279,0.051342
11,0.072833,25.942768,49.000000,0.847812,0.585700,0.021997
11,0.073143,16.014490,47.000000,0.838502,0.578571,0.020962
11,0.076072,21.914120,32.000000,0.723481,0.577980,0.132514
11,0.089566,12.946757,28.000000,0.543872,0.634606,0.354305
12,0.074346,29.839546,61.000000,0.854781,0.574200,0.000000
12,0.072673,40.033108,59.000000,0.848195,0.576195,0.018150
12,0.072637,40.038795,59.000000,0.847915,0.580172,0.019867
12,0.072927,34.988640,56.000000,0.850495,0.586818,0.021642
12,0.065011,25.371765,56.000000,0.865670,0.567801,0.094319
12,0.073528,30.164837,54.000000,0.831991,0.579969,0.025264
12,0.073432,50.114174,49.000000,0.836881,0.586721,0.025470
12,0.072975,20.025677,43.000000,0.847066,0.575634,0.015828
12,0.073348,15.351761,33.000000,0.816750,0.588321,0.043098
12,0.064813,15.292908,30.000000,0.874348,0.570608,0.097416
13,0.074040,30.103592,63.000000,0.834340,0.580154,0.000000
13,0.074346,44.839516,56.000000,0.854781,0.574200,0.021966
13,0.073577,50.079086,56.000000,0.839059,0.574792,0.009417
13,0.069426,40.112041,55.000000,0.860876,0.570418,0.054605
13,0.074348,25.038795,52.000000,0.838103,0.577157,0.006137
13,0.073583,30.072857,52.000000,0.839553,0.570087,0.014368
13,0.072924,14.967796,48.000000,0.852279,0.574526,0.022269
13,0.073562,20.134052,42.000000,0.834440,0.575880,0.007172
13,0.072329,25.184622,42.000000,0.837144,0.570732,0.020966
13,0.071857,20.129612,34.000000,0.844668,0.571586,0.026420
14,0.072643,52.399246,61.000000,0.856890,0.568151,0.000000
14,0.074027,27.270306,59.000000,0.856006,0.573025,0.015155
14,0.075371,37.421608,56.000000,0.840005,0.567770,0.032086
14,0.073269,17.721928,50.000000,0.834909,0.586413,0.032303
14,0.074971,27.473078,49.000000,0.839368,0.572059,0.029551
14,0.071953,32.611900,48.000000,0.848855,0.581569,0.019833
14,0.072563,12.549822,48.000000,0.848826,0.557545,0.015538
14,0.074825,22.821075,45.000000,0.820539,0.566557,0.042443
14,0.074040,22.655388,43.000000,0.834340,0.580154,0.030479
14,0.072279,22.618097,41.000000,0.846586,0.570371,0.011273
15,0.073719,14.116890,57.000000,0.851759,0.575345,0.000000
15,0.075996,34.119007,57.000000,0.838749,0.569181,0.027332
15,0.072643,44.132751,55.000000,0.856890,0.568151,0.014937
15,0.074272,34.040436,51.000000,0.854079,0.577795,0.006733
15,0.073649,24.389725,50.000000,0.832169,0.584203,0.022514
15,0.072942,24.372269,49.000000,0.837494,0.556675,0.028435
15,0.074655,9.091923,47.000000,0.848197,0.572112,0.010800
15,0.073136,39.179035,47.000000,0.850625,0.560746,0.019193
15,0.075112,19.059910,45.000000,0.847898,0.559455,0.024566
15,0.074119,48.900455,42.000000,0.864938,0.583328,0.017008
16,0.074179,53.106247,62.000000,0.845506,0.567191,0.000000
16,0.074046,37.875061,62.000000,0.860334,0.560685,0.016965
16,0.074032,23.186188,53.000000,0.841421,0.570129,0.005687
16,0.074397,12.911057,52.000000,0.856132,0.564057,0.011533
16,0.073719,23.047234,50.000000,0.851759,0.575345,0.012811
16,0.072647,48.609894,50.000000,0.822571,0.569347,0.027713
16,0.074778,47.636353,50.000000,0.870335,0.566199,0.025571
16,0.074960,13.118744,48.000000,0.840324,0.581939,0.020682
16,0.071989,8.046143,38.000000,0.862001,0.551733,0.033541
16,0.074705,13.198784,35.000000,0.836850,0.579511,0.018431
17,0.074179,44.829685,68.000000,0.845506,0.567191,0.000000
17,0.071809,24.970797,67.000000,0.847534,0.554732,0.028432
17,0.073087,39.888599,63.000000,0.846931,0.559820,0.014362
17,0.073986,34.787636,55.000000,0.850041,0.560838,0.009346
17,0.074845,44.851143,51.000000,0.839988,0.561915,0.010872
17,0.074056,19.935984,50.000000,0.837463,0.547731,0.025650
17,0.073868,34.821465,43.000000,0.847954,0.567061,0.003959
17,0.073920,15.155927,36.000000,0.819827,0.577440,0.028814
17,0.073056,19.805210,35.000000,0.853996,0.562509,0.015249
17,0.076307,19.304893,32.000000,0.874917,0.552841,0.040489
1,0.044502,43.894657,72.000000,0.823103,0.726878,0.000000
1,0.063108,52.981216,71.000000,0.969784,0.577496,0.301665
1,0.050904,51.787651,70.000000,0.892579,0.518195,0.277435
1,0.082953,23.305876,65.000000,0.631277,0.567720,0.473525
1,0.087037,29.449730,64.000000,0.773692,0.444970,0.554561
1,0.040083,31.226091,40.000000,0.681868,0.597161,0.219525
1,0.058319,14.122313,33.000000,0.272622,0.468074,0.653281
1,0.066907,14.171396,32.000000,0.655894,0.767914,0.284237
1,0.079880,12.134731,29.000000,0.420873,0.754355,0.536777
1,0.075874,16.112900,24.000000,0.502982,0.651812,0.457937
2,0.085018,36.327686,73.000000,0.702605,0.506420,0.000000
2,0.053810,51.219707,62.000000,0.896034,0.652611,0.410119
2,0.061473,32.677917,53.000000,0.657041,0.581798,0.257656
2,0.044502,27.361889,51.000000,0.823103,0.726878,0.504593
2,0.047765,31.925398,49.000000,0.857706,0.623121,0.429085
2,0.073062,35.897743,46.000000,0.801057,0.572258,0.175385
2,0.053843,26.216803,44.000000,0.896113,0.652614,0.409913
2,0.042308,27.905287,44.000000,0.752227,0.662216,0.472015
2,0.057077,25.675268,43.000000,0.930559,0.547734,0.364276
2,0.084922,21.337242,35.000000,0.702083,0.506929,0.001258
3,0.050848,30.706547,60.000000,0.876131,0.637809,0.000000
3,0.057695,36.166039,57.000000,0.777245,0.617052,0.123044
3,0.060510,25.422401,54.000000,0.829298,0.598179,0.118243
3,0.051827,42.168903,53.000000,0.704704,0.622263,0.172802
3,0.064777,25.848146,52.000000,0.763328,0.616979,0.181120
3,0.050740,20.701530,52.000000,0.877579,0.638158,0.001861
3,0.085018,40.383377,50.000000,0.702605,0.506420,0.416939
3,0.053737,30.262527,50.000000,0.895241,0.653215,0.039630
3,0.043327,22.045815,49.000000,0.787306,0.695404,0.136859
3,0.042325,37.371346,23.000000,0.751404,0.662666,0.154230
4,0.052293,43.641869,64.000000,0.885686,0.645512,0.000000
4,0.050848,38.950096,63.000000,0.876131,0.637809,0.019815
4,0.050794,28.946598,54.000000,0.876855,0.637983,0.019776
4,0.051337,25.028631,54.000000,0.790417,0.630036,0.097681
4,0.057123,38.416939,52.000000,0.862270,0.625697,0.059121
4,0.055625,28.720247,51.000000,0.853439,0.618169,0.057606
4,0.059103,24.088993,48.000000,0.803272,0.607615,0.116934
4,0.059257,13.683465,42.000000,0.829284,0.635097,0.090560
4,0.057695,24.597603,36.000000,0.777245,0.617052,0.126270
4,0.051918,24.742243,36.000000,0.808302,0.646792,0.077491
5,0.054948,41.413105,66.000000,0.840063,0.622799,0.000000
5,0.051543,41.297203,65.000000,0.881271,0.641748,0.058467
5,0.052293,31.205624,64.000000,0.885686,0.645512,0.059940
5,0.053959,36.225956,57.000000,0.869562,0.631840,0.033104
5,0.054230,31.574625,56.000000,0.826344,0.627867,0.016730
5,0.051093,36.718433,50.000000,0.833274,0.633922,0.041543
5,0.054994,51.483234,47.000000,0.831465,0.631282,0.013658
5,0.051093,6.718449,37.000000,0.833274,0.633922,0.041543
5,0.054948,21.413107,30.000000,0.840063,0.622799,0.000000
5,0.051815,16.633791,28.000000,0.838052,0.637774,0.036554
1,0.094558,63.753242,132.000000,0.938527,0.735660,0.000000
1,0.061989,56.192307,71.000000,0.904990,0.449583,0.484844
1,0.059043,22.328325,53.000000,0.776741,0.487161,0.498795
1,0.078378,23.047924,45.000000,0.576264,0.430075,0.550749
1,0.088788,34.455379,40.000000,0.285980,0.675890,0.659340
1,0.051801,34.129478,37.000000,0.473355,0.488618,0.703248
1,0.070104,13.392878,35.000000,0.552869,0.587130,0.492954
1,0.049316,34.750633,34.000000,0.259659,0.472175,0.879783
1,0.043402,24.696388,29.000000,0.305399,0.565132,0.841418
1,0.078536,24.720936,24.000000,0.217666,0.426881,0.833239
2,0.094558,44.377918,94.000000,0.938527,0.735660,0.000000
2,0.061940,41.576904,80.000000,0.904840,0.449410,0.485346
2,0.086463,51.649929,72.000000,0.757635,0.583139,0.274998
2,0.064564,23.074835,47.000000,0.664639,0.536783,0.476212
2,0.082388,31.906294,45.000000,0.745856,0.661255,0.246139
2,0.059076,52.594944,45.000000,0.776611,0.486915,0.498790
2,0.074223,13.400459,43.000000,0.565039,0.508768,0.511159
2,0.059660,14.333791,26.000000,0.406737,0.529949,0.686083
2,0.069036,34.653305,25.000000,0.272768,0.574098,0.741052
2,0.079412,19.056910,23.000000,0.419448,0.631513,0.556175
3,0.094558,55.210819,77.000000,0.938527,0.735660,0.000000
3,0.070768,32.641861,62.000000,0.761261,0.574339,0.358726
3,0.090489,26.261789,59.000000,0.847619,0.658963,0.138244
3,0.061901,27.087185,56.000000,0.904639,0.449964,0.485112
3,0.086411,17.151848,54.000000,0.757117,0.583464,0.275210
3,0.079578,32.061127,46.000000,0.801419,0.635746,0.238404
3,0.079548,42.061653,45.000000,0.801498,0.636429,0.238102
3,0.063194,42.760220,43.000000,0.785113,0.492646,0.462798
3,0.064533,13.361382,30.000000,0.664532,0.536931,0.476376
3,0.069447,33.490189,28.000000,0.614898,0.523183,0.488196
4,0.094558,55.419044,86.000000,0.938527,0.735660,0.000000
4,0.082706,36.719887,65.000000,0.849167,0.655249,0.179261
4,0.090480,51.416069,61.000000,0.848637,0.659893,0.136796
4,0.092487,25.940292,58.000000,0.893358,0.697667,0.068736
4,0.076232,26.785065,56.000000,0.875662,0.554716,0.297816
4,0.075199,47.479294,39.000000,0.780679,0.605111,0.298368
4,0.070763,17.167048,36.000000,0.853170,0.543397,0.348807
4,0.076252,16.775669,35.000000,0.876824,0.555136,0.297052
4,0.066234,7.471537,32.000000,0.833121,0.511935,0.411760
4,0.087029,31.384869,32.000000,0.869059,0.686205,0.119652
5,0.093640,54.696587,73.000000,0.916003,0.716651,0.000000
5,0.094558,19.377918,66.000000,0.938527,0.735660,0.034005
5,0.087606,20.519890,56.000000,0.870415,0.676053,0.091073
5,0.086685,30.770405,51.000000,0.850209,0.658846,0.119945
5,0.079078,41.462273,50.000000,0.814107,0.629690,0.208336
5,0.076341,26.031588,48.000000,0.877559,0.555212,0.268560
5,0.093623,19.689690,42.000000,0.916678,0.717540,0.001311
5,0.084485,35.536182,41.000000,0.884734,0.626310,0.148699
5,0.088884,25.565060,37.000000,0.859764,0.674232,0.090750
5,0.092492,30.005205,36.000000,0.894449,0.698142,0.033639
6,0.100000,39.750000,72.000000,1.000000,0.800000,0.000000
6,0.100000,54.750000,66.000000,1.000000,0.573173,0.283534
6,0.100000,24.750000,65.000000,1.000000,0.758744,0.051570
6,0.100000,29.750000,63.000000,1.000000,0.800000,0.000000
6,0.093640,35.875122,60.000000,0.916003,0.716651,0.148175
6,0.040000,27.899992,56.000000,1.000000,0.525596,0.691124
6,0.100000,29.898882,43.000000,0.985719,0.400000,0.500204
6,0.100000,7.231385,27.000000,0.726192,0.400000,0.570062
6,0.040000,39.327713,26.000000,0.565808,0.400000,0.893601
6,0.040000,22.899992,22.000000,1.000000,0.400000,0.781025
7,0.100000,28.500000,96.000000,1.000000,0.800000,0.000000
7,0.100000,68.500000,78.000000,1.000000,0.800000,0.000000
7,0.100000,28.500000,73.000000,1.000000,0.800000,0.000000
7,0.048533,21.845364,47.000000,1.000000,0.742915,0.519593
7,0.040000,47.400024,46.000000,1.000000,0.800000,0.600000
7,0.040000,22.399990,46.000000,1.000000,0.800000,0.600000
7,0.042733,37.222309,45.000000,1.000000,0.800000,0.572666
7,0.074920,25.130207,44.000000,1.000000,0.400000,0.559376
7,0.074765,18.143559,17.000000,0.618065,0.800000,0.457770
7,0.100000,14.739994,8.000000,0.200000,0.800000,0.800000
8,0.100000,36.750000,87.000000,1.000000,0.800000,0.000000
8,0.040000,36.700027,69.000000,1.000000,0.800000,0.600000
8,0.077293,28.623348,65.000000,1.000000,0.800000,0.227072
8,0.074811,48.828087,51.000000,1.000000,0.400000,0.559863
8,0.092597,41.086746,48.000000,0.715718,0.691927,0.323335
8,0.100000,20.721550,47.000000,0.720137,0.400000,0.572995
8,0.046378,16.173851,40.000000,1.000000,0.403592,0.730114
8,0.100000,41.817745,35.000000,0.621073,0.523026,0.513276
8,0.040000,19.122780,34.000000,0.515577,0.730171,0.776070
8,0.058293,18.321695,24.000000,0.590749,0.719273,0.592975
9,0.100000,40.250000,75.000000,1.000000,0.800000,0.000000
9,0.067863,42.481491,69.000000,0.883908,0.727138,0.353622
9,0.082207,36.095177,65.000000,1.000000,0.400000,0.530716
9,0.074260,32.332527,56.000000,0.869615,0.617044,0.368180
9,0.051839,33.277317,47.000000,0.836425,0.623408,0.554466
9,0.075296,48.346008,42.000000,0.680038,0.400000,0.642964
9,0.066646,22.599197,39.000000,0.870855,0.471643,0.544423
9,0.079810,27.891071,37.000000,0.745860,0.427296,0.567800
9,0.043623,27.927927,36.000000,1.000000,0.800000,0.563772
9,0.073828,13.048641,34.000000,0.745949,0.736340,0.373322
10,0.100000,56.250000,78.000000,1.000000,0.800000,0.000000
10,0.073911,35.706059,62.000000,0.814833,0.576653,0.424611
10,0.099943,26.255005,55.000000,1.000000,0.799968,0.000570
10,0.051901,41.820904,51.000000,0.836678,0.622861,0.554124
10,0.100000,26.260414,51.000000,0.999404,0.799408,0.000950
10,0.075053,44.180492,49.000000,0.941361,0.563173,0.391548
10,0.067226,20.468788,43.000000,0.877678,0.599168,0.430579
10,0.070433,10.335975,38.000000,0.869936,0.544734,0.454036
10,0.077590,26.547918,38.000000,0.713075,0.414117,0.604330
10,0.067816,5.370464,35.000000,0.883278,0.727736,0.354066
11,0.100000,50.250000,91.000000,1.000000,0.799799,0.000000
11,0.100000,50.250000,80.000000,1.000000,0.800000,0.000251
11,0.100000,35.256378,77.000000,0.999330,0.799522,0.000755
11,0.071236,42.198971,56.000000,0.909835,0.580780,0.407210
11,0.051899,28.274269,52.000000,0.836682,0.622585,0.554174
11,0.051950,53.276073,49.000000,0.835836,0.622665,0.553944
11,0.069726,19.716570,37.000000,0.292537,0.435646,0.894066
11,0.062944,22.959093,25.000000,0.826202,0.599393,0.479868
11,0.081578,6.340595,19.000000,0.971789,0.730313,0.205616
11,0.040025,14.799794,14.000000,0.324508,0.731303,0.907373
12,0.099915,54.504696,85.000000,1.000000,0.799547,0.000000
12,0.100000,64.500000,73.000000,1.000000,0.799799,0.000909
12,0.071203,36.753323,59.000000,0.910523,0.580649,0.406588
12,0.051866,23.006523,47.000000,0.835954,0.622410,0.553898
12,0.100000,24.500000,47.000000,1.000000,0.800000,0.001023
12,0.076029,16.470394,44.000000,0.918738,0.711046,0.275488
12,0.075916,51.478325,43.000000,0.918389,0.711231,0.276478
12,0.051895,18.002460,42.000000,0.836567,0.621969,0.553687
12,0.084814,8.055035,39.000000,0.645713,0.618063,0.446974
12,0.069736,19.673204,21.000000,0.291889,0.436090,0.893816
13,0.099915,58.755341,80.000000,1.000000,0.799547,0.000000
13,0.099946,38.754646,69.000000,0.999900,0.800000,0.000653
13,0.085626,30.122669,65.000000,0.954659,0.690423,0.202677
13,0.099989,28.750668,59.000000,1.000000,0.799019,0.000996
13,0.099914,33.755409,54.000000,1.000000,0.799442,0.000132
13,0.087968,44.947609,52.000000,0.958619,0.755539,0.137879
13,0.075874,20.997572,50.000000,0.918702,0.710874,0.276931
13,0.087923,9.933249,36.000000,0.960224,0.756098,0.137519
13,0.068242,17.660698,23.000000,0.740589,0.620999,0.466286
13,0.068261,17.662018,12.000000,0.740278,0.619762,0.467070
14,0.099915,49.754482,82.000000,1.000000,0.799547,0.000000
14,0.100000,19.750000,68.000000,1.000000,0.800000,0.001023
14,0.040000,37.900013,67.000000,1.000000,0.800000,0.599148
14,0.100000,39.750000,67.000000,1.000000,0.400000,0.499435
14,0.100000,29.750000,59.000000,1.000000,0.800000,0.001023
14,0.100000,42.203323,51.000000,0.729865,0.800000,0.270137
14,0.040000,24.412567,42.000000,0.528889,0.800000,0.762184
14,0.097864,29.862152,29.000000,1.000000,0.800000,0.020516
14,0.083412,27.594017,25.000000,0.741227,0.400000,0.586200
14,0.040000,14.916006,10.000000,0.200000,0.400000,1.117324
1,0.051889,46.565052,90.000000,0.924212,0.746032,0.000000
1,0.060654,32.006958,58.000000,0.797950,0.692112,0.167830
1,0.058517,26.133221,58.000000,0.923381,0.683370,0.102612
1,0.072591,47.772156,57.000000,0.629294,0.773113,0.361910
1,0.049691,23.212566,56.000000,0.681282,0.573601,0.325508
1,0.092436,47.070805,53.000000,0.639446,0.477324,0.598597
1,0.080115,38.782085,47.000000,0.442895,0.688647,0.562569
1,0.077717,39.301254,33.000000,0.340603,0.454256,0.735070
1,0.073755,14.523046,25.000000,0.288864,0.602523,0.695455
1,0.051792,14.622203,23.000000,0.306794,0.684813,0.622143
2,0.051889,26.565083,68.000000,0.924212,0.746032,0.000000
2,0.055152,47.664703,62.000000,0.739160,0.632257,0.235659
2,0.065571,26.940666,60.000000,0.775902,0.728267,0.203001
2,0.055246,51.347809,59.000000,0.923583,0.715382,0.050942
2,0.062163,32.091145,58.000000,0.777042,0.759840,0.180315
2,0.054112,27.303299,54.000000,0.801900,0.627866,0.193060
2,0.076347,48.298164,40.000000,0.536307,0.730347,0.458993
2,0.082587,27.419603,39.000000,0.634947,0.624911,0.448146
2,0.061698,18.872196,32.000000,0.485655,0.588402,0.490692
2,0.064945,18.410290,28.000000,0.562002,0.631762,0.410663
3,0.051889,42.340679,75.000000,0.924212,0.746032,0.000000
3,0.054714,47.553619,60.000000,0.863253,0.671674,0.114688
3,0.065345,33.240875,55.000000,0.669832,0.679780,0.299459
3,0.060319,37.927635,55.000000,0.756708,0.679246,0.205265
3,0.063750,32.693348,52.000000,0.776556,0.743196,0.189432
3,0.057980,38.553291,49.000000,0.644875,0.608127,0.333848
3,0.068820,33.049076,48.000000,0.687367,0.629308,0.325654
3,0.065465,22.634277,38.000000,0.776074,0.727457,0.202273
3,0.053623,22.774124,35.000000,0.831758,0.688391,0.118490
3,0.063755,18.474358,33.000000,0.631534,0.657481,0.334652
4,0.051889,62.119064,80.000000,0.924212,0.746032,0.000000
4,0.056422,27.907158,55.000000,0.755421,0.638680,0.220345
4,0.053189,32.244423,54.000000,0.892765,0.709884,0.056566
4,0.064682,27.802671,53.000000,0.722931,0.711288,0.242419
4,0.062067,37.633793,52.000000,0.765845,0.710067,0.193549
4,0.065357,43.101376,48.000000,0.668520,0.680027,0.300541
4,0.056923,22.667732,47.000000,0.793942,0.684281,0.159571
4,0.064582,32.798874,41.000000,0.724118,0.710626,0.241056
4,0.054966,27.804552,40.000000,0.783897,0.676596,0.167835
4,0.056011,12.435448,30.000000,0.839294,0.712248,0.103408
5,0.095270,8.331062,81.000000,1.000000,0.800000,0.000000
5,0.089090,53.763706,80.000000,1.000000,0.551943,0.316171
5,0.051889,56.897461,75.000000,0.924212,0.746032,0.445523
5,0.081122,44.321472,70.000000,1.000000,0.400000,0.519634
5,0.040000,32.200012,65.000000,1.000000,0.400000,0.745307
5,0.096606,46.990932,52.000000,0.667058,0.528982,0.475180
5,0.100000,24.719994,26.000000,0.200000,0.563491,0.854188
5,0.040000,22.199989,26.000000,1.000000,0.400000,0.745307
5,0.040000,19.888008,16.000000,0.200000,0.800000,0.972359
5,0.040000,7.199994,9.000000,1.000000,0.528432,0.648626
6,0.095270,72.616577,103.000000,1.000000,0.800000,0.000000
6,0.100000,42.250000,67.000000,1.000000,0.400000,0.502232
6,0.092721,32.847546,65.000000,0.997673,0.800000,0.025603
6,0.040000,48.005959,52.000000,0.802026,0.591283,0.642451
6,0.096153,23.260874,45.000000,0.483095,0.800000,0.516980
6,0.100000,12.993118,45.000000,0.950848,0.400000,0.504631
6,0.100000,17.817122,44.000000,0.530715,0.800000,0.471662
6,0.040000,26.899988,40.000000,1.000000,0.400000,0.745307
6,0.040000,22.296083,32.000000,0.933935,0.400000,0.748229
6,0.083815,9.719734,7.000000,0.207722,0.541847,0.863108
7,0.095270,34.283772,71.000000,1.000000,0.800000,0.000000
7,0.100000,49.000000,68.000000,1.000000,0.430949,0.463732
7,0.100000,24.000000,66.000000,1.000000,0.800000,0.047295
7,0.070125,15.792465,58.000000,1.000000,0.800000,0.251451
7,0.080496,65.170235,57.000000,1.000000,0.800000,0.147749
7,0.100000,44.496502,53.000000,0.957729,0.522384,0.352770
7,0.100000,24.000000,50.000000,1.000000,0.400000,0.502232
7,0.100000,19.474014,48.000000,0.959686,0.800000,0.062146
7,0.077345,11.458672,20.000000,0.873557,0.800000,0.219364
7,0.040000,12.599991,9.000000,1.000000,0.400000,0.745307
8,0.095270,38.569256,83.000000,1.000000,0.800000,0.000000
8,0.085483,44.229897,73.000000,1.000000,0.800000,0.097871
8,0.085691,34.215820,59.000000,1.000000,0.788674,0.096834
8,0.100000,25.154716,59.000000,0.847244,0.800000,0.159910
8,0.100000,38.250000,55.000000,1.000000,0.549725,0.316399
8,0.081340,41.070496,53.000000,0.845987,0.738454,0.221458
8,0.075260,21.623093,43.000000,0.815316,0.800000,0.272303
8,0.083010,29.396822,35.000000,1.000000,0.457580,0.445238
8,0.061523,22.954525,31.000000,0.701823,0.738460,0.456855
8,0.088823,4.004443,9.000000,1.000000,0.758476,0.082771
9,0.100000,58.395660,70.000000,0.923132,0.674567,0.000000
9,0.095270,42.616577,68.000000,1.000000,0.800000,0.180912
9,0.082078,29.594650,58.000000,0.921826,0.598015,0.203172
9,0.092774,18.853664,55.000000,0.924581,0.798956,0.171465
9,0.092727,23.852364,53.000000,0.924914,0.794896,0.167083
9,0.080214,19.887987,53.000000,0.906819,0.800000,0.252981
9,0.097542,27.455465,50.000000,0.999011,0.673799,0.079767
9,0.085188,44.560722,35.000000,0.907674,0.800000,0.216247
9,0.097568,13.544958,29.000000,0.923940,0.800000,0.158668
9,0.085389,9.540434,29.000000,0.908293,0.800000,0.214827
10,0.100000,32.250000,80.000000,1.000000,0.552837,0.000000
10,0.095774,42.577454,78.000000,1.000000,0.800000,0.311830
10,0.100000,28.395660,75.000000,0.923132,0.674567,0.170476
10,0.100000,32.250000,72.000000,1.000000,0.400000,0.191046
10,0.100000,52.250000,62.000000,1.000000,0.800000,0.308954
10,0.100000,32.250000,41.000000,1.000000,0.400000,0.191046
10,0.040000,14.280858,35.000000,0.481645,0.800000,0.850967
10,0.100000,42.250000,31.000000,1.000000,0.800000,0.308954
10,0.095332,9.704479,16.000000,0.200000,0.400000,0.823819
10,0.040000,6.899994,10.000000,1.000000,0.800000,0.674872
11,0.100000,47.500000,87.000000,1.000000,0.552837,0.000000
11,0.100000,27.500000,79.000000,1.000000,0.800000,0.308954
11,0.100000,37.500000,70.000000,1.000000,0.400000,0.191046
11,0.079216,41.222324,56.000000,0.797397,0.800000,0.423909
11,0.099858,57.510643,54.000000,1.000000,0.561097,0.010421
11,0.040000,21.999989,44.000000,1.000000,0.410622,0.625781
11,0.076368,31.465242,40.000000,0.785587,0.448803,0.344573
11,0.100000,14.312897,27.000000,0.302679,0.400000,0.723018
11,0.065909,8.280067,23.000000,0.589867,0.440660,0.551444
11,0.060375,19.320698,20.000000,0.387320,0.458962,0.739026
12,0.100000,43.750000,72.000000,1.000000,0.552837,0.000000
12,0.089976,21.070480,64.000000,0.835923,0.666257,0.238891
12,0.073057,40.433960,62.000000,1.000000,0.800000,0.409935
12,0.100000,13.750000,50.000000,1.000000,0.800000,0.308954
12,0.040000,33.440147,47.000000,0.789900,0.800000,0.706820
12,0.040000,37.500019,46.000000,1.000000,0.400000,0.629681
12,0.040000,47.877041,46.000000,0.921508,0.400000,0.634555
12,0.061662,21.146111,45.000000,1.000000,0.800000,0.492374
12,0.100000,36.980381,37.000000,0.695082,0.800000,0.434082
12,0.079092,16.537170,31.000000,0.836967,0.400000,0.326790
13,0.100000,44.250000,82.000000,1.000000,0.552837,0.000000
13,0.100000,44.250000,69.000000,1.000000,0.800000,0.308954
13,0.100000,34.250000,68.000000,1.000000,0.685346,0.165637
13,0.100000,34.781780,60.000000,0.952637,0.440083,0.148688
13,0.100000,39.250000,56.000000,1.000000,0.800000,0.308954
13,0.091166,26.115303,53.000000,0.860850,0.437085,0.219319
13,0.074676,21.561853,48.000000,0.894822,0.563102,0.274512
13,0.067037,31.145405,24.000000,1.000000,0.424940,0.366358
13,0.040000,14.169296,20.000000,0.600982,0.797543,0.782802
13,0.050530,18.125126,20.000000,0.803294,0.500996,0.536298
14,0.099897,43.756397,72.000000,1.000000,0.741748,0.000000
14,0.100000,53.750000,64.000000,1.000000,0.552837,0.236140
14,0.100000,43.750000,60.000000,1.000000,0.743253,0.002144
14,0.087353,20.095303,52.000000,0.947822,0.557370,0.267537
14,0.100000,18.756962,49.000000,0.999442,0.676633,0.081402
14,0.083572,49.776733,47.000000,1.000000,0.489468,0.355102
14,0.100000,18.758774,44.000000,0.999298,0.799222,0.071854
14,0.070015,27.198868,43.000000,0.800072,0.798672,0.366506
14,0.099942,8.753624,35.000000,1.000000,0.799569,0.072278
14,0.095684,9.827151,34.000000,0.930046,0.618012,0.174904
15,0.099897,40.005131,92.000000,1.000000,0.741748,0.000000
15,0.100000,30.000000,83.000000,1.000000,0.800000,0.072823
15,0.100000,45.000000,77.000000,1.000000,0.800000,0.072823
15,0.100000,45.000000,59.000000,1.000000,0.800000,0.072823
15,0.095018,40.589813,56.000000,0.963476,0.800000,0.094957
15,0.040000,27.999992,45.000000,1.000000,0.800000,0.603383
15,0.100000,19.799995,31.000000,0.200000,0.800000,0.803308
15,0.100000,33.016056,23.000000,0.629909,0.400000,0.565203
15,0.040000,19.920006,23.000000,0.200000,0.400000,1.086856
15,0.062293,18.665047,11.000000,0.654682,0.800000,0.515710
16,0.099897,33.506687,98.000000,1.000000,0.741748,0.000000
16,0.100000,53.500000,79.000000,1.000000,0.800000,0.072823
16,0.100000,38.500000,62.000000,1.000000,0.400000,0.427186
16,0.070091,40.999687,50.000000,0.937044,0.800000,0.313223
16,0.040000,27.399990,50.000000,1.000000,0.800000,0.603383
16,0.095783,23.774090,37.000000,1.000000,0.800000,0.083634
16,0.040000,29.246655,35.000000,0.538285,0.547290,0.794376
16,0.042731,27.222496,33.000000,1.000000,0.800000,0.576282
16,0.100000,24.167076,28.000000,0.357966,0.400000,0.771165
16,0.040000,12.399990,28.000000,1.000000,0.800000,0.603383
17,0.099897,52.507679,91.000000,1.000000,0.741748,0.000000
17,0.100000,27.500000,89.000000,1.000000,0.800000,0.072823
17,0.100000,31.498747,70.000000,0.683252,0.800000,0.325011
17,0.040387,72.880341,60.000000,0.836527,0.400000,0.750575
17,0.100000,17.932281,41.000000,0.525069,0.800000,0.480482
17,0.100000,28.594036,38.000000,0.432970,0.400000,0.709937
17,0.095298,12.648211,35.000000,0.573624,0.400000,0.605309
17,0.053648,29.184265,29.000000,0.450261,0.400000,0.835821
17,0.100000,24.699993,27.000000,0.200000,0.634298,0.811197
17,0.040000,24.507271,20.000000,0.405274,0.400000,0.946021
18,0.099897,34.755402,81.000000,1.000000,0.741748,0.000000
18,0.076297,50.994411,80.000000,1.000000,0.800000,0.246984
18,0.075045,42.414333,61.000000,0.810110,0.800000,0.321128
18,0.083512,23.644630,51.000000,0.556001,0.800000,0.478837
18,0.100000,35.236099,50.000000,0.952582,0.535277,0.262410
18,0.082503,26.881811,42.000000,0.848472,0.426089,0.457063
18,0.100000,44.750000,41.000000,1.000000,0.482542,0.324008
18,0.091196,23.621410,37.000000,0.536597,0.661448,0.482067
18,0.079224,21.925068,36.000000,0.859826,0.800000,0.260171
18,0.093769,13.068380,21.000000,0.626402,0.588684,0.424192
19,0.099897,67.507690,95.000000,1.000000,0.741748,0.000000
19,0.087444,39.626198,62.000000,0.905202,0.770334,0.160539
19,0.091700,15.828571,59.000000,0.778801,0.642025,0.266808
19,0.087521,29.620937,58.000000,0.905247,0.770814,0.160052
19,0.091736,35.839500,45.000000,0.777628,0.770083,0.239510
19,0.087472,14.913892,43.000000,0.880498,0.667476,0.195802
19,0.079252,37.228798,41.000000,0.682812,0.800000,0.385403
19,0.091725,35.830597,39.000000,0.778504,0.770053,0.238726
19,0.088056,21.400265,33.000000,0.738285,0.507507,0.410182
19,0.075693,5.348483,25.000000,0.905190,0.799958,0.269943
20,0.099897,38.256931,84.000000,1.000000,0.741748,0.000000
20,0.093724,39.244335,61.000000,0.953828,0.755873,0.079086
20,0.089607,20.704624,59.000000,0.842709,0.707093,0.192890
20,0.085445,31.927094,53.000000,0.729925,0.721103,0.307397
20,0.087810,41.128677,51.000000,0.808174,0.587339,0.297760
20,0.089747,25.694269,50.000000,0.843064,0.771557,0.190578
20,0.087458,30.162956,47.000000,0.905187,0.771376,0.160729
20,0.083240,36.559414,38.000000,0.782522,0.733354,0.274138
20,0.093655,14.415192,30.000000,0.939910,0.703379,0.099032
20,0.089674,25.703741,27.000000,0.842482,0.771306,0.191385
21,0.099897,72.257950,91.000000,1.000000,0.741748,0.000000
21,0.100000,37.250000,74.000000,1.000000,0.520798,0.276189
21,0.040000,31.900015,65.000000,1.000000,0.800000,0.603383
21,0.040000,16.899988,59.000000,1.000000,0.400000,0.735701
21,0.100000,27.048698,57.000000,0.617098,0.800000,0.389765
21,0.090879,35.558571,43.000000,0.794105,0.552265,0.326536
21,0.100000,22.327660,38.000000,0.587212,0.400000,0.594038
21,0.068576,38.400383,28.000000,0.548615,0.704144,0.551415
21,0.040000,18.294754,23.000000,0.741675,0.800000,0.656356
21,0.063699,13.037696,22.000000,0.630475,0.567909,0.561073
22,0.099897,57.257938,82.000000,1.000000,0.741748,0.000000
22,0.100000,27.250000,73.000000,1.000000,0.633480,0.135339
22,0.100000,40.521065,68.000000,0.760217,0.800000,0.250597
22,0.086201,33.319389,65.000000,1.000000,0.800000,0.155114
22,0.100000,22.250000,64.000000,1.000000,0.800000,0.072823
22,0.057961,35.508045,39.000000,1.000000,0.800000,0.425637
22,0.040000,37.319263,34.000000,0.929922,0.400000,0.739031
22,0.100000,14.093925,31.000000,0.341925,0.400000,0.784570
22,0.100000,23.858894,28.000000,0.383715,0.400000,0.749864
22,0.100000,14.689993,16.000000,0.200000,0.400000,0.906911
23,0.099897,61.009216,75.000000,1.000000,0.741748,0.000000
23,0.079191,27.872765,66.000000,1.000000,0.800000,0.219489
23,0.100000,31.000000,61.000000,1.000000,0.721190,0.025718
23,0.061248,29.487700,59.000000,1.000000,0.569432,0.442463
23,0.040000,46.400032,48.000000,1.000000,0.800000,0.603383
23,0.040000,16.399986,42.000000,1.000000,0.472069,0.687317
23,0.100000,6.000000,41.000000,1.000000,0.800000,0.072823
23,0.065194,16.965919,40.000000,0.719096,0.414720,0.605345
23,0.100000,26.069710,35.000000,0.660831,0.800000,0.346898
23,0.071066,32.343918,33.000000,0.644418,0.400000,0.626136
24,0.099897,47.757427,89.000000,1.000000,0.741748,0.000000
24,0.100000,43.358997,69.000000,0.957079,0.800000,0.084530
24,0.050616,46.330406,63.000000,1.000000,0.630387,0.512100
24,0.079489,44.237038,53.000000,1.000000,0.733637,0.204335
24,0.084442,8.877945,49.000000,1.000000,0.497225,0.342505
24,0.080488,26.192747,48.000000,0.807737,0.525154,0.384627
24,0.095921,23.045704,40.000000,1.000000,0.800000,0.082964
24,0.040000,13.132851,34.000000,0.802399,0.800000,0.634915
24,0.100000,17.750000,29.000000,1.000000,0.418618,0.403914
24,0.100000,23.967281,26.000000,0.912194,0.800000,0.114075
25,0.099897,44.505630,86.000000,1.000000,0.741748,0.000000
25,0.099901,34.986588,68.000000,0.955217,0.608491,0.172485
25,0.075278,35.859703,66.000000,1.000000,0.685355,0.256083
25,0.099866,24.507385,56.000000,1.000000,0.742368,0.000837
25,0.065498,22.050982,53.000000,0.904780,0.578633,0.411060
25,0.070059,31.870771,49.000000,0.901161,0.609550,0.355113
25,0.067450,46.290253,47.000000,1.000000,0.564427,0.392951
25,0.089736,20.272675,31.000000,0.978686,0.766648,0.108389
25,0.075289,20.860439,28.000000,0.999838,0.687076,0.255396
25,0.067861,26.962358,16.000000,0.902145,0.800000,0.342798
26,0.099897,37.757420,73.000000,1.000000,0.741748,0.000000
26,0.082789,34.564957,66.000000,0.951581,0.660230,0.204932
26,0.087514,38.663982,65.000000,0.999315,0.714629,0.128392
26,0.099892,53.066952,64.000000,0.978425,0.676359,0.084535
26,0.082591,24.565210,60.000000,0.952701,0.660560,0.206126
26,0.085000,29.702774,50.000000,0.927141,0.608051,0.235440
26,0.085050,44.430256,37.000000,0.950413,0.676180,0.176697
26,0.070357,10.371067,37.000000,0.952614,0.631844,0.329212
26,0.085082,9.425738,27.000000,0.950620,0.676053,0.176444
26,0.082638,9.816636,21.000000,0.930138,0.592537,0.263548
27,0.099897,37.507679,99.000000,1.000000,0.741748,0.000000
27,0.100000,27.500000,76.000000,1.000000,0.800000,0.072823
27,0.100000,27.500000,60.000000,1.000000,0.800000,0.072823
27,0.040000,47.000031,50.000000,1.000000,0.800000,0.603383
27,0.100000,47.500000,50.000000,1.000000,0.800000,0.072823
27,0.070753,14.693512,43.000000,1.000000,0.400000,0.517131
27,0.100000,15.515976,42.000000,0.773221,0.800000,0.238184
27,0.050893,27.968441,38.000000,0.729555,0.800000,0.564436
27,0.100000,19.642605,25.000000,0.218291,0.400000,0.890818
27,0.061631,35.377625,17.000000,1.000000,0.400000,0.573511
28,0.099897,29.006170,85.000000,1.000000,0.741748,0.000000
28,0.071543,40.707458,74.000000,1.000000,0.800000,0.292748
28,0.100000,29.000000,70.000000,1.000000,0.400000,0.427186
28,0.040000,52.600021,65.000000,1.000000,0.800000,0.603383
28,0.100000,32.438812,54.000000,0.653348,0.800000,0.354218
28,0.040000,42.600018,53.000000,1.000000,0.800000,0.603383
28,0.040000,12.599991,36.000000,1.000000,0.800000,0.603383
28,0.068882,29.731251,25.000000,0.254994,0.800000,0.810265
28,0.096746,34.767822,21.000000,0.200000,0.760182,0.800952
28,0.100000,19.714817,17.000000,0.218011,0.800000,0.785373
29,0.099897,30.759474,96.000000,1.000000,0.741748,0.000000
29,0.100000,50.750000,74.000000,1.000000,0.800000,0.072823
29,0.100000,50.750000,71.000000,1.000000,0.400000,0.427186
29,0.100000,47.795189,65.000000,0.882550,0.800000,0.138194
29,0.100000,29.810848,51.000000,0.748993,0.510160,0.383154
29,0.096165,14.684652,41.000000,0.773013,0.457240,0.423547
29,0.058275,26.406265,41.000000,0.816509,0.800000,0.460662
29,0.078953,16.865973,31.000000,0.655083,0.573451,0.455071
29,0.043588,19.130262,15.000000,0.464457,0.400000,0.886776
29,0.041522,6.159195,15.000000,1.000000,0.800000,0.588275
30,0.099897,33.256947,74.000000,1.000000,0.741748,0.000000
30,0.074586,45.783741,64.000000,0.915125,0.766447,0.268741
30,0.100000,23.250000,63.000000,1.000000,0.732533,0.011564
30,0.097295,33.432610,58.000000,1.000000,0.756726,0.032059
30,0.060846,25.892895,49.000000,1.000000,0.579547,0.440007
30,0.081607,31.650473,48.000000,0.779787,0.559976,0.365478
30,0.077850,40.983421,47.000000,0.874272,0.588728,0.317805
30,0.070892,28.748383,42.000000,0.511429,0.762283,0.568762
30,0.100000,8.250000,34.000000,1.000000,0.720186,0.026972
30,0.098113,28.822147,21.000000,0.965836,0.640657,0.132110
31,0.099897,64.255890,91.000000,1.000000,0.741748,0.000000
31,0.098693,34.327209,70.000000,0.999821,0.738870,0.012574
31,0.090909,30.857122,66.000000,0.890253,0.652223,0.180683
31,0.079017,30.456512,56.000000,1.000000,0.667176,0.228664
31,0.077981,26.779398,51.000000,0.847504,0.664509,0.283919
31,0.087422,15.398438,48.000000,0.956774,0.750010,0.132435
31,0.061435,57.381634,45.000000,0.860939,0.625744,0.433934
31,0.090655,20.884691,37.000000,0.888530,0.640535,0.192287
31,0.078372,19.291168,26.000000,0.396599,0.774564,0.641956
31,0.063223,14.473396,10.000000,0.380599,0.568377,0.751745
32,0.099897,49.255890,85.000000,1.000000,0.741748,0.000000
32,0.089514,29.852932,63.000000,1.000000,0.703993,0.114051
32,0.078412,36.151981,63.000000,0.923837,0.665463,0.247098
32,0.076274,26.631737,58.000000,0.876358,0.639032,0.295939
32,0.089122,30.624592,54.000000,0.924022,0.700667,0.141491
32,0.090825,25.861971,47.000000,0.890143,0.652847,0.180689
32,0.095396,30.100971,38.000000,0.945050,0.696762,0.090594
32,0.082900,27.818569,37.000000,0.676489,0.762128,0.366332
32,0.090692,30.882322,32.000000,0.888603,0.645546,0.187999
32,0.088987,20.632969,23.000000,0.923837,0.703784,0.141263
33,0.099897,34.255905,75.000000,1.000000,0.741748,0.000000
33,0.100000,39.250000,73.000000,1.000000,0.400000,0.427186
33,0.100000,34.250000,66.000000,1.000000,0.800000,0.072823
33,0.040000,27.699991,52.000000,1.000000,0.792548,0.602330
33,0.040000,47.700020,52.000000,1.000000,0.800000,0.603383
33,0.100000,41.866447,43.000000,0.738215,0.800000,0.271725
33,0.040000,37.700020,41.000000,1.000000,0.800000,0.603383
33,0.040000,12.699991,39.000000,1.000000,0.800000,0.603383
33,0.054323,24.823032,30.000000,0.238022,0.400000,0.985289
33,0.071555,15.885583,29.000000,1.000000,0.400000,0.512654
34,0.099897,38.007164,91.000000,1.000000,0.741748,0.000000
34,0.100000,33.562782,63.000000,0.958961,0.800000,0.083590
34,0.077584,30.923431,62.000000,0.866385,0.421739,0.477125
34,0.040000,27.199989,54.000000,1.000000,0.400000,0.735701
34,0.044377,56.893600,50.000000,1.000000,0.800000,0.559956
34,0.077999,29.540056,49.000000,1.000000,0.800000,0.230768
34,0.040000,32.200024,41.000000,1.000000,0.400000,0.735701
34,0.040203,18.885368,39.000000,0.629345,0.504644,0.762606
34,0.040000,19.355606,31.000000,0.479728,0.400000,0.901076
34,0.060572,29.161209,20.000000,0.444777,0.400000,0.803374
35,0.099897,30.504633,79.000000,1.000000,0.741748,0.000000
35,0.100000,30.500000,69.000000,1.000000,0.800000,0.072823
35,0.100000,55.500000,63.000000,1.000000,0.400000,0.427186
35,0.045383,33.176197,59.000000,0.945014,0.406041,0.690145
35,0.072562,21.734692,51.000000,1.000000,0.408243,0.498507
35,0.081269,31.620695,51.000000,0.961271,0.800000,0.203728
35,0.100000,47.216751,41.000000,0.786446,0.400000,0.477591
35,0.100000,38.989464,34.000000,0.473878,0.400933,0.676976
35,0.040000,13.539831,31.000000,0.900669,0.400000,0.742376
35,0.046839,17.892258,22.000000,1.000000,0.800000,0.535559
36,0.099897,42.757427,91.000000,1.000000,0.741748,0.000000
36,0.100000,24.999035,69.000000,0.830534,0.779751,0.176001
36,0.100000,27.750000,66.000000,1.000000,0.800000,0.072823
36,0.086956,38.695728,58.000000,1.000000,0.527273,0.297695
36,0.100000,22.750000,53.000000,1.000000,0.402572,0.423971
36,0.065341,37.319550,38.000000,0.752208,0.468918,0.545086
36,0.067611,28.647762,37.000000,0.525227,0.400000,0.715637
36,0.067139,25.132446,34.000000,1.000000,0.800000,0.335581
36,0.085874,23.774166,33.000000,1.000000,0.534151,0.294965
36,0.100000,24.681583,21.000000,0.856491,0.588163,0.239692
37,0.093374,54.637451,79.000000,0.999397,0.634436,0.000000
37,0.099913,34.255035,71.000000,1.000000,0.799102,0.215968
37,0.099897,34.255898,65.000000,1.000000,0.741748,0.149159
37,0.100000,30.184546,61.000000,0.915133,0.760863,0.190958
37,0.092958,20.521671,54.000000,0.915339,0.657208,0.088844
37,0.082768,46.350098,48.000000,0.875743,0.435144,0.297656
37,0.099996,35.191097,46.000000,0.914530,0.590612,0.120778
37,0.065352,32.873814,31.000000,0.752212,0.469336,0.426871
37,0.083624,10.975061,24.000000,0.914916,0.789358,0.232692
37,0.083827,7.789420,21.000000,0.677213,0.590588,0.340471
38,0.099847,36.312782,74.000000,0.957000,0.750620,0.000000
38,0.093374,41.140137,68.000000,0.999397,0.634436,0.164554
38,0.096671,0.845799,65.000000,0.998392,0.688012,0.094056
38,0.088643,52.296906,57.000000,0.956421,0.712086,0.121953
38,0.091262,38.040688,57.000000,0.895936,0.512907,0.315264
38,0.082694,38.968277,50.000000,0.876239,0.606824,0.261253
38,0.100000,26.268919,45.000000,0.958678,0.751567,0.002563
38,0.082807,23.947693,38.000000,0.877136,0.434631,0.437526
38,0.082468,13.971959,24.000000,0.877172,0.605254,0.263804
38,0.082461,3.974836,22.000000,0.876996,0.606511,0.262821
39,0.100000,19.250000,85.000000,1.000000,0.687283,0.000000
39,0.099847,59.741947,79.000000,0.957000,0.750620,0.090107
39,0.073316,45.784355,79.000000,1.000000,0.800000,0.301756
39,0.040000,47.700005,65.000000,1.000000,0.727385,0.602090
39,0.040000,47.700016,54.000000,1.000000,0.696617,0.600113
39,0.044522,14.088884,39.000000,0.596576,0.800000,0.700275
39,0.100000,13.803253,36.000000,0.456213,0.800000,0.561744
39,0.100000,29.769995,26.000000,0.200000,0.400000,0.876901
39,0.100000,23.362940,26.000000,0.533579,0.800000,0.487237
39,0.100000,24.769995,11.000000,0.200000,0.800000,0.812313
40,0.100000,33.500000,80.000000,1.000000,0.800000,0.000000
40,0.100000,53.500000,77.000000,1.000000,0.687283,0.140896
40,0.100000,28.500000,65.000000,1.000000,0.400000,0.500000
40,0.100000,38.500000,58.000000,1.000000,0.636656,0.204180
40,0.099600,28.525990,54.000000,1.000000,0.800000,0.004001
40,0.100000,58.500000,47.000000,1.000000,0.400000,0.500000
40,0.099970,3.501934,39.000000,1.000000,0.400000,0.500000
40,0.040000,22.399990,30.000000,1.000000,0.800000,0.600000
40,0.040000,12.399990,29.000000,1.000000,0.647431,0.629580
40,0.040000,17.399990,21.000000,1.000000,0.567948,0.666437
41,0.100000,52.000000,86.000000,1.000000,0.800000,0.000000
41,0.100000,42.000000,81.000000,1.000000,0.400000,0.500000
41,0.100000,37.000000,74.000000,1.000000,0.800000,0.000000
41,0.048174,36.146111,55.000000,1.000000,0.800000,0.518261
41,0.100000,31.239229,53.000000,0.685636,0.800000,0.314364
41,0.074811,24.015078,48.000000,1.000000,0.800000,0.251888
41,0.100000,7.000000,32.000000,1.000000,0.400000,0.500000
41,0.088615,28.997375,30.000000,0.376073,0.450873,0.769870
41,0.089902,23.275818,30.000000,0.489626,0.569996,0.594423
41,0.099139,19.398743,11.000000,0.275333,0.708381,0.733711
42,0.100000,34.500000,68.000000,1.000000,0.800000,0.000000
42,0.075921,15.961602,65.000000,0.983431,0.659215,0.298706
42,0.074931,46.123329,54.000000,0.969878,0.411017,0.547880
42,0.083744,15.394113,53.000000,1.000000,0.673322,0.226938
42,0.088119,35.153458,49.000000,1.000000,0.715492,0.158980
42,0.063012,31.534306,47.000000,1.000000,0.536687,0.495118
42,0.080739,40.559364,45.000000,1.000000,0.800000,0.192611
42,0.100000,15.500293,41.000000,0.904504,0.400000,0.509038
42,0.099233,42.037422,40.000000,0.736757,0.800000,0.263355
42,0.083523,31.851212,38.000000,0.827916,0.565826,0.377418
43,0.100000,49.250000,83.000000,1.000000,0.800000,0.000000
43,0.079733,65.491493,70.000000,0.991660,0.666388,0.262752
43,0.087558,40.110344,66.000000,0.985503,0.606269,0.272642
43,0.069484,41.068035,64.000000,0.992034,0.598692,0.395605
43,0.094125,15.092145,63.000000,0.952268,0.558168,0.311622
43,0.088012,20.025209,41.000000,0.991479,0.729083,0.149342
43,0.069400,31.079670,41.000000,0.991167,0.597631,0.397116
43,0.081595,15.456939,34.000000,0.984032,0.563858,0.348225
43,0.091942,15.201080,22.000000,0.952754,0.536811,0.341991
43,0.087859,10.500793,16.000000,0.943714,0.528791,0.364467
44,0.100000,40.000000,93.000000,1.000000,0.800000,0.000000
44,0.093815,40.368271,61.000000,0.993688,0.703531,0.135668
44,0.079660,26.081886,56.000000,0.991822,0.666794,0.262991
44,0.075458,31.312637,54.000000,0.988598,0.582249,0.366670
44,0.078784,41.135094,52.000000,0.990524,0.663129,0.272712
44,0.083572,30.914841,51.000000,0.988754,0.636906,0.262060
44,0.094021,25.342712,47.000000,0.995334,0.764820,0.074364
44,0.083915,35.881828,47.000000,0.990715,0.698450,0.205119
44,0.084728,25.793951,25.000000,0.996411,0.699491,0.197787
44,0.087804,10.703337,14.000000,0.989289,0.667909,0.205551
45,0.097041,54.700073,73.000000,0.996496,0.751773,0.000000
45,0.100000,14.500000,70.000000,1.000000,0.800000,0.067244
45,0.086802,30.303818,57.000000,0.991807,0.684773,0.132368
45,0.079762,20.698933,55.000000,0.990168,0.639082,0.223027
45,0.086898,40.302628,55.000000,0.991386,0.684605,0.131777
45,0.086779,50.291050,55.000000,0.993285,0.684298,0.132875
45,0.084569,20.420656,55.000000,0.992234,0.643648,0.183958
45,0.077476,35.817741,33.000000,0.990700,0.624313,0.252388
45,0.093798,19.897461,25.000000,0.994525,0.732872,0.040175
45,0.078707,15.756290,22.000000,0.990112,0.663064,0.214360
46,0.097041,58.736450,82.000000,0.996496,0.751773,0.000000
46,0.100000,43.500000,78.000000,1.000000,0.800000,0.067244
46,0.088257,34.263298,68.000000,1.000000,0.800000,0.106595
46,0.040000,47.400021,63.000000,1.000000,0.800000,0.573600
46,0.100000,28.500000,59.000000,1.000000,0.400000,0.440725
46,0.087965,14.282280,40.000000,1.000000,0.800000,0.109015
46,0.040000,22.399990,35.000000,1.000000,0.400000,0.720232
46,0.093255,19.779116,32.000000,0.928068,0.400000,0.446617
46,0.100000,19.739994,22.000000,0.200000,0.800000,0.799322
46,0.040000,17.880131,21.000000,0.902957,0.800000,0.581167
47,0.097041,38.013733,94.000000,0.996496,0.751773,0.000000
47,0.087657,43.644867,62.000000,1.000000,0.400000,0.449634
47,0.100000,27.750000,60.000000,1.000000,0.729873,0.040461
47,0.040000,28.736814,55.000000,0.659983,0.446203,0.764531
47,0.074724,54.829018,55.000000,0.976981,0.437896,0.451800
47,0.080465,29.166286,47.000000,1.000000,0.800000,0.176417
47,0.040000,17.099989,45.000000,1.000000,0.800000,0.573600
47,0.040000,29.080585,42.000000,0.563062,0.400000,0.840587
47,0.100000,33.548683,24.000000,0.447417,0.800000,0.553171
47,0.040000,9.884008,16.000000,0.200000,0.800000,0.981535
48,0.097041,38.254639,99.000000,0.996496,0.751773,0.000000
48,0.100000,33.000000,70.000000,1.000000,0.800000,0.067244
48,0.100000,39.428711,70.000000,0.892131,0.400000,0.452900
48,0.083112,22.257982,54.000000,0.686523,0.800000,0.345138
48,0.100000,38.310352,50.000000,0.491300,0.800000,0.509640
48,0.040000,38.666222,37.000000,0.690182,0.469015,0.737648
48,0.100000,30.360615,37.000000,0.814107,0.400000,0.476961
48,0.092194,32.514496,36.000000,0.620595,0.800000,0.383778
48,0.040000,24.203178,32.000000,0.533465,0.400000,0.856224
48,0.040000,19.803816,15.000000,0.264693,0.562356,0.957585
49,0.097041,28.977356,87.000000,0.996496,0.751773,0.000000
49,0.100000,24.758133,61.000000,0.915804,0.800000,0.104980
49,0.065808,31.047720,58.000000,0.980271,0.741698,0.313012
49,0.075937,30.877453,58.000000,0.932003,0.716916,0.224939
49,0.100000,37.741730,56.000000,0.601103,0.743785,0.396625
49,0.100000,31.305681,49.000000,0.768823,0.800000,0.237371
49,0.082953,43.410599,48.000000,0.553687,0.400000,0.639750
49,0.100000,31.506500,29.000000,0.747636,0.772994,0.252013
49,0.073678,15.404720,29.000000,0.998955,0.598643,0.302040
49,0.092326,37.170052,25.000000,0.700307,0.659285,0.321430
50,0.097041,42.772827,76.000000,0.996496,0.751773,0.000000
50,0.081428,49.033379,70.000000,0.988432,0.746794,0.156462
50,0.085481,18.607674,63.000000,0.998539,0.675398,0.149942
50,0.100000,28.704720,63.000000,0.916172,0.799551,0.104375
50,0.100000,30.683125,60.000000,0.758672,0.772663,0.241076
50,0.088030,29.362526,46.000000,0.924050,0.759154,0.115992
50,0.100000,28.708881,36.000000,0.915869,0.800000,0.104929
50,0.091586,12.717562,34.000000,0.576441,0.571730,0.479658
50,0.099923,30.564430,34.000000,0.769326,0.800000,0.236793
50,0.090091,25.931515,18.000000,0.775971,0.575448,0.319440
51,0.097041,69.459167,84.000000,0.996496,0.751773,0.000000
51,0.100000,34.250000,76.000000,1.000000,0.800000,0.067244
51,0.100000,34.250000,73.000000,1.000000,0.650398,0.130174
51,0.085372,45.091137,69.000000,1.000000,0.526790,0.304499
51,0.087301,44.980186,63.000000,1.000000,0.800000,0.114601
51,0.100000,21.883413,45.000000,0.736217,0.400000,0.511831
51,0.100000,22.299953,35.000000,0.685253,0.400000,0.539536
51,0.058275,14.318056,23.000000,0.451131,0.501743,0.738504
51,0.050180,14.792105,20.000000,0.268431,0.418209,0.961005
51,0.055148,14.217640,12.000000,0.496714,0.444558,0.756810
52,0.097041,68.013733,89.000000,0.996496,0.751773,0.000000
52,0.100000,62.750000,79.000000,1.000000,0.800000,0.067244
52,0.100000,42.750000,76.000000,1.000000,0.400000,0.440725
52,0.040000,32.099991,60.000000,1.000000,0.400000,0.720232
52,0.096282,28.019592,56.000000,1.000000,0.400000,0.439796
52,0.100000,12.750000,42.000000,1.000000,0.785486,0.051609
52,0.040000,14.259938,31.000000,0.505163,0.689259,0.756892
52,0.090375,8.447830,28.000000,1.000000,0.536192,0.277623
52,0.080714,13.967498,24.000000,0.420051,0.486630,0.684686
52,0.100000,19.709993,15.000000,0.200000,0.800000,0.799322
53,0.097041,45.845581,85.000000,0.996496,0.751773,0.000000
53,0.100000,60.500000,84.000000,1.000000,0.800000,0.067244
53,0.100000,20.976265,81.000000,0.974610,0.400000,0.441254
53,0.100000,40.244038,51.000000,0.707554,0.400000,0.526986
53,0.100000,39.243118,44.000000,0.778452,0.800000,0.228151
53,0.100000,25.705170,42.000000,0.672376,0.400000,0.547065
53,0.051657,15.092575,39.000000,1.000000,0.785275,0.455784
53,0.100000,20.798088,36.000000,0.665063,0.800000,0.338168
53,0.040000,14.311556,27.000000,0.425645,0.400000,0.919017
53,0.066531,14.707909,11.000000,0.214971,0.426306,0.932407
54,0.097041,45.181885,78.000000,0.996496,0.751773,0.000000
54,0.100000,35.444233,65.000000,0.954544,0.446648,0.384845
54,0.085377,50.731133,60.000000,1.000000,0.692354,0.138328
54,0.100000,20.000000,57.000000,1.000000,0.577030,0.220451
54,0.082869,35.856548,55.000000,1.000000,0.632236,0.205971
54,0.100000,35.000000,47.000000,1.000000,0.743754,0.031435
54,0.100000,20.331993,45.000000,0.966231,0.564342,0.238081
54,0.099872,21.155853,36.000000,0.877390,0.800000,0.136463
54,0.084352,21.895905,32.000000,0.857896,0.400000,0.478186
54,0.050367,24.308741,25.000000,0.523916,0.400000,0.796578
55,0.097041,32.291016,76.000000,0.996496,0.751773,0.000000
55,0.097085,17.299805,64.000000,0.995703,0.751749,0.000908
55,0.100000,32.625610,64.000000,0.960103,0.505613,0.311254
55,0.084222,43.262230,57.000000,1.000000,0.662262,0.170193
55,0.089886,27.834595,49.000000,0.998226,0.692613,0.102914
55,0.092691,28.462452,47.000000,0.938956,0.746820,0.072402
55,0.073764,41.592163,44.000000,0.759929,0.575387,0.398450
55,0.092675,22.913515,44.000000,0.977660,0.569308,0.232986
55,0.073684,26.596560,28.000000,0.759846,0.576831,0.397968
55,0.082996,13.369141,27.000000,0.999337,0.631761,0.205524
56,0.097041,46.086487,78.000000,0.996496,0.751773,0.000000
56,0.100000,35.750000,70.000000,1.000000,0.800000,0.067244
56,0.040000,31.299986,65.000000,1.000000,0.400000,0.720232
56,0.099344,25.810629,61.000000,1.000000,0.800000,0.064628
56,0.100000,20.750000,55.000000,1.000000,0.400000,0.440725
56,0.040000,16.299986,52.000000,1.000000,0.400000,0.720232
56,0.100000,45.750000,51.000000,1.000000,0.400000,0.440725
56,0.100000,24.629992,25.000000,0.200000,0.566814,0.829900
56,0.098887,10.852964,24.000000,1.000000,0.800000,0.063142
56,0.100000,29.629992,19.000000,0.200000,0.400000,0.910293
57,0.097041,44.159241,97.000000,0.996496,0.751773,0.000000
57,0.100000,51.677856,72.000000,0.860087,0.400000,0.461339
57,0.060753,38.165287,58.000000,1.000000,0.654457,0.382742
57,0.048652,39.526726,57.000000,1.000000,0.419662,0.637579
57,0.040000,25.499983,54.000000,1.000000,0.800000,0.573600
57,0.040000,25.499983,51.000000,1.000000,0.400000,0.720232
57,0.040000,17.290825,45.000000,0.775914,0.718390,0.613000
57,0.069289,7.204945,37.000000,1.000000,0.400000,0.519981
57,0.040000,20.499983,17.000000,1.000000,0.641418,0.586866
57,0.047745,24.785166,12.000000,0.200000,0.800000,0.938645
58,0.097041,44.459167,84.000000,0.996496,0.751773,0.000000
58,0.100000,39.250000,70.000000,1.000000,0.597045,0.195692
58,0.088235,39.926460,70.000000,1.000000,0.800000,0.106775
58,0.090454,24.798889,53.000000,1.000000,0.400000,0.444637
58,0.100000,19.250000,46.000000,1.000000,0.595585,0.197495
58,0.040000,38.551292,44.000000,0.793644,0.437043,0.722006
58,0.100000,29.250000,40.000000,1.000000,0.400000,0.440725
58,0.040000,47.700012,35.000000,1.000000,0.500921,0.650927
58,0.067195,13.297443,32.000000,0.663814,0.400000,0.626982
58,0.091121,13.244318,26.000000,0.578869,0.580775,0.472870
59,0.097041,38.495544,75.000000,0.996496,0.751773,0.000000
59,0.100000,28.250000,67.000000,1.000000,0.400000,0.440725
59,0.087290,44.107948,66.000000,1.000000,0.564631,0.253463
59,0.089621,26.462265,62.000000,0.764724,0.539293,0.360234
59,0.100000,38.250000,60.000000,1.000000,0.800000,0.067244
59,0.047797,37.684631,43.000000,0.847146,0.400000,0.676874
59,0.074811,46.403870,39.000000,0.843884,0.800000,0.276304
59,0.068702,15.572486,33.000000,0.977109,0.705244,0.289948
59,0.100000,13.328448,30.000000,0.994172,0.800000,0.067193
59,0.100000,8.250000,25.000000,1.000000,0.785579,0.051705
60,0.097041,43.736450,71.000000,0.996496,0.751773,0.000000
60,0.098600,58.618126,70.000000,0.997879,0.776628,0.034788
60,0.099867,33.519733,61.000000,0.999150,0.600270,0.191493
60,0.098388,38.667118,59.000000,0.995115,0.776224,0.033428
60,0.082935,19.748755,51.000000,0.986975,0.728233,0.144417
60,0.085863,25.272587,51.000000,0.920348,0.776672,0.138793
60,0.100000,13.500000,45.000000,1.000000,0.798955,0.066075
60,0.079209,31.088285,37.000000,0.871647,0.622846,0.270850
60,0.073835,10.901571,31.000000,0.924106,0.599865,0.308464
60,0.093646,18.913010,24.000000,1.000000,0.681491,0.094251
1,0.087863,3.680629,86.000000,0.906630,0.481172,0.000000
1,0.081769,3.279686,75.000000,0.969160,0.534991,0.110222
1,0.079830,3.695027,74.000000,0.950069,0.628594,0.205666
1,0.059734,7.318163,59.000000,0.716310,0.555640,0.352149
1,0.048119,6.817951,56.000000,0.869347,0.721012,0.499231
1,0.080340,8.187475,43.000000,0.507776,0.531888,0.410809
1,0.084683,8.376532,35.000000,0.468081,0.752185,0.555067
1,0.062238,8.338981,30.000000,0.552270,0.574515,0.452600
1,0.062523,9.362235,28.000000,0.341432,0.428005,0.622960
1,0.082426,9.611039,14.000000,0.232234,0.794335,0.781667
1,0.099353,-90.660553,11.000000,0.665764,0.663145,0.000000
1,0.062007,-190.475525,11.000000,0.715042,0.646268,0.377288
1,0.091318,-90.134583,11.000000,0.313456,0.480866,0.427190
1,0.095439,-90.518013,10.000000,0.601545,0.716960,0.100904
1,0.042344,-90.111374,10.000000,0.418713,0.534008,0.641945
1,0.050750,-90.464310,10.000000,0.780983,0.745520,0.510007
1,0.063154,-90.629242,10.000000,0.815017,0.688272,0.392809
1,0.062661,-90.220497,10.000000,0.484335,0.404843,0.521341
1,0.082579,-90.601624,10.000000,0.696916,0.657458,0.170752
1,0.040488,-90.328308,10.000000,0.735256,0.461997,0.643857
2,0.085991,-91.049744,12.000000,0.781260,0.590035,0.000000
2,0.099353,-90.880737,11.000000,0.665764,0.663145,0.198858
2,0.084023,-90.688705,11.000000,0.640179,0.436567,0.238939
2,0.047983,-90.726875,11.000000,0.870320,0.781892,0.458161
2,0.062538,-90.307373,11.000000,0.495748,0.480275,0.394138
2,0.060329,-90.712761,11.000000,0.768581,0.421275,0.332435
2,0.048422,-90.470825,10.000000,0.697259,0.767989,0.444611
2,0.095543,-91.266479,10.000000,0.814117,0.647268,0.123781
2,0.053820,-90.115234,10.000000,0.327191,0.776780,0.603462
2,0.061250,-90.185364,10.000000,0.388986,0.796981,0.531043
3,0.099574,-90.260773,13.000000,0.323648,0.458375,0.000000
3,0.066023,-90.601349,12.000000,0.603590,0.790001,0.602302
3,0.082343,-90.527809,12.000000,0.506366,0.599950,0.307234
3,0.057259,-190.778336,11.000000,0.737361,0.693691,0.660857
3,0.070012,-90.758141,11.000000,0.658152,0.458022,0.446411
3,0.085991,-91.312180,10.000000,0.781260,0.590035,0.504917
3,0.076395,-90.309280,10.000000,0.402399,0.461449,0.244828
3,0.070169,-90.354767,10.000000,0.449692,0.711318,0.449797
3,0.074944,-90.223824,10.000000,0.345630,0.629417,0.326888
3,0.055091,-91.321709,10.000000,0.979611,0.638451,0.823909
4,0.076434,-90.628204,11.000000,0.573372,0.607673,0.000000
4,0.083814,-91.263199,11.000000,0.776432,0.548793,0.228248
4,0.053934,-91.126404,11.000000,0.914008,0.665073,0.414492
4,0.083800,-91.085518,11.000000,0.719830,0.677124,0.185507
4,0.099574,-90.260757,10.000000,0.323648,0.458375,0.388245
4,0.041373,-90.209282,10.000000,0.449835,0.713306,0.394488
4,0.057983,-90.256577,10.000000,0.420687,0.785295,0.326578
4,0.049497,-91.135178,10.000000,0.957780,0.505896,0.486325
4,0.093186,-91.183777,10.000000,0.712840,0.623891,0.218921
4,0.060298,-91.212006,10.000000,0.896673,0.643164,0.364045
5,0.061942,-90.800858,12.000000,0.928410,0.525410,0.000000
5,0.092620,-90.621552,11.000000,0.668878,0.513257,0.402120
5,0.097933,-190.780212,11.000000,0.728772,0.693499,0.462098
5,0.055522,-90.622704,11.000000,0.864700,0.602280,0.131963
5,0.097954,-91.163956,11.000000,0.890042,0.737029,0.448471
5,0.076434,-90.376923,10.000000,0.573372,0.607673,0.397022
5,0.051982,-90.213142,10.000000,0.522843,0.666656,0.453407
5,0.041706,-90.242844,10.000000,0.623058,0.418689,0.389857
5,0.048583,-90.523270,10.000000,0.847387,0.415983,0.207657
5,0.081928,-90.258591,10.000000,0.458701,0.596119,0.518055
6,0.065105,-90.105606,12.000000,0.328854,0.498080,0.000000
6,0.099301,-90.132111,12.000000,0.297814,0.539429,0.347239
6,0.053615,-90.162094,11.000000,0.448972,0.615637,0.221864
6,0.061942,-90.800858,10.000000,0.928410,0.525410,0.601361
6,0.042401,-90.442200,10.000000,0.833830,0.448232,0.557164
6,0.056237,-90.276993,10.000000,0.573029,0.525760,0.262075
6,0.073394,-90.739044,10.000000,0.819330,0.454261,0.500437
6,0.078634,-90.801582,10.000000,0.824367,0.504571,0.513714
6,0.060652,-90.848785,10.000000,0.965907,0.590248,0.648917
6,0.040216,-90.494385,10.000000,0.905268,0.727703,0.690350
7,0.091742,-93.067413,13.000000,0.977395,0.738932,0.000000
7,0.063814,-90.481720,12.000000,0.464419,0.793078,0.587982
7,0.075724,-91.020279,11.000000,0.620465,0.633953,0.412648
7,0.082640,-90.934708,11.000000,0.568461,0.755704,0.419465
7,0.065105,-90.246429,10.000000,0.328854,0.498080,0.763021
7,0.052831,-90.641190,10.000000,0.588862,0.660535,0.558543
7,0.084156,-90.763283,10.000000,0.509068,0.446108,0.599219
7,0.091810,-90.896255,10.000000,0.528126,0.477622,0.555460
7,0.079708,-90.318733,10.000000,0.338020,0.578420,0.680838
7,0.073438,-90.407913,10.000000,0.398368,0.640292,0.619661
8,0.089767,-290.567017,14.000000,0.502678,0.734362,0.000000
8,0.096384,-190.705566,13.000000,0.541124,0.449135,0.364655
8,0.090813,-91.708679,12.000000,0.867537,0.658958,0.376982
8,0.091742,-92.191017,10.000000,0.977395,0.738932,0.475162
8,0.068780,-90.210419,10.000000,0.349811,0.624340,0.293820
8,0.041092,-90.059380,10.000000,0.240427,0.702314,0.554358
8,0.045051,-90.493332,10.000000,0.661848,0.491088,0.563705
8,0.059785,-90.156708,10.000000,0.323816,0.512858,0.445587
8,0.072842,-91.344223,10.000000,0.859167,0.464391,0.519243
8,0.048565,-90.737152,10.000000,0.779212,0.670411,0.502615
9,0.089327,-90.096405,12.000000,0.218997,0.687393,0.000000
9,0.088744,-91.468529,12.000000,0.857589,0.431158,0.714438
9,0.080239,-90.120834,11.000000,0.258704,0.480422,0.277071
9,0.095400,-90.673256,11.000000,0.560050,0.601411,0.362707
9,0.078783,-90.701889,11.000000,0.629247,0.757336,0.432511
9,0.089767,-90.510376,10.000000,0.502678,0.734362,0.289726
9,0.084787,-91.532799,10.000000,0.896374,0.745678,0.682794
9,0.067255,-90.140419,10.000000,0.304592,0.503041,0.330375
9,0.055538,-90.284187,10.000000,0.476881,0.749447,0.432078
9,0.057990,-90.648399,10.000000,0.704928,0.525980,0.612402
10,0.089571,-190.428192,13.000000,0.460931,0.729266,0.000000
10,0.087871,-91.925079,13.000000,0.986757,0.493399,0.603083
10,0.097855,-91.044044,12.000000,0.688626,0.694682,0.246120
10,0.053974,-90.484634,11.000000,0.631731,0.604007,0.424744
10,0.082743,-91.855453,11.000000,0.998311,0.738358,0.541821
10,0.098949,-90.121399,11.000000,0.233485,0.554475,0.329033
10,0.089327,-90.096405,10.000000,0.218997,0.687393,0.247542
10,0.084018,-90.399284,10.000000,0.459580,0.683938,0.079347
10,0.047661,-90.110207,10.000000,0.320601,0.710277,0.442614
10,0.089808,-91.118126,10.000000,0.743867,0.440642,0.458499
11,0.067392,-90.988831,11.000000,0.856521,0.786019,0.000000
11,0.095741,-90.911926,11.000000,0.690108,0.551939,0.440086
11,0.065780,-90.480835,11.000000,0.604543,0.541482,0.396469
11,0.058374,-90.483574,11.000000,0.643570,0.586556,0.340065
11,0.074119,-190.319580,11.000000,0.464343,0.604603,0.457990
11,0.072335,-91.421631,11.000000,0.991309,0.574413,0.300957
11,0.054289,-90.487122,10.000000,0.669799,0.759998,0.230416
11,0.049367,-90.200546,10.000000,0.450683,0.742342,0.447407
11,0.089571,-90.380615,10.000000,0.460931,0.729266,0.459041
11,0.065690,-91.024536,10.000000,0.883077,0.710567,0.099449
12,0.066461,-90.927124,11.000000,0.746986,0.406730,0.000000
12,0.085339,-90.612335,11.000000,0.535730,0.762280,0.527062
12,0.067392,-91.236038,10.000000,0.856521,0.786019,0.486689
12,0.041868,-90.554352,10.000000,0.727746,0.402450,0.246730
12,0.086221,-90.996788,10.000000,0.680032,0.755729,0.483572
12,0.044501,-91.105049,10.000000,0.996640,0.466666,0.340825
12,0.058404,-90.112251,10.000000,0.277287,0.645096,0.562037
12,0.080102,-91.947327,10.000000,0.986120,0.668470,0.427594
12,0.046172,-90.087616,10.000000,0.275519,0.659624,0.602806
12,0.041440,-90.255112,10.000000,0.496215,0.792409,0.598255
13,0.098947,-91.721245,13.000000,0.932617,0.509867,0.000000
13,0.094722,-90.384460,12.000000,0.450489,0.628491,0.506181
13,0.082930,-90.202042,11.000000,0.349029,0.550598,0.607307
13,0.099582,-91.061707,11.000000,0.730119,0.556787,0.210916
13,0.098649,-90.376770,11.000000,0.437003,0.735041,0.569970
13,0.084710,-90.319580,11.000000,0.434309,0.702059,0.571222
13,0.066461,-90.741699,10.000000,0.746986,0.406730,0.395749
13,0.091423,-90.617058,10.000000,0.580925,0.582082,0.370805
13,0.062564,-90.842468,10.000000,0.820532,0.609412,0.400520
13,0.082778,-90.653687,10.000000,0.628369,0.546866,0.347632
14,0.098484,-92.195892,11.000000,0.944395,0.698595,0.000000
14,0.098947,-92.151558,10.000000,0.932617,0.509867,0.236249
14,0.066587,-91.110535,10.000000,0.816764,0.600793,0.364661
14,0.073636,-90.538467,10.000000,0.540828,0.673517,0.474962
14,0.049228,-91.187386,10.000000,0.982250,0.607008,0.507103
14,0.067778,-90.069481,10.000000,0.202490,0.521425,0.832919
14,0.078111,-90.111389,10.000000,0.238830,0.699611,0.734389
14,0.072669,-90.188904,10.000000,0.322453,0.423631,0.756034
14,0.072790,-90.918121,10.000000,0.710308,0.715364,0.348216
14,0.066739,-90.939720,10.000000,0.750485,0.570975,0.404751
15,0.097106,-91.155128,13.000000,0.975519,0.528313,0.000000
15,0.091774,-190.216675,12.000000,0.434612,0.431703,0.556783
15,0.083608,-90.774948,11.000000,0.861107,0.662776,0.244054
15,0.094160,-90.233040,11.000000,0.444960,0.522623,0.531425
15,0.098484,-91.097946,10.000000,0.944395,0.698595,0.215557
15,0.077367,-90.085602,10.000000,0.297495,0.668356,0.727547
15,0.095803,-90.323753,10.000000,0.519939,0.602483,0.465101
15,0.050140,-90.051079,10.000000,0.285460,0.753031,0.880719
15,0.092310,-90.099220,10.000000,0.293242,0.615440,0.692578
15,0.050043,-90.164146,10.000000,0.512243,0.434159,0.670798
16,0.041782,-90.580002,11.000000,0.629797,0.734360,0.000000
16,0.079244,-91.475929,11.000000,0.729490,0.446043,0.529306
16,0.097106,-93.234360,10.000000,0.975519,0.528313,0.701383
16,0.051156,-90.258286,10.000000,0.379819,0.525109,0.373753
16,0.062865,-90.273422,10.000000,0.352502,0.504070,0.451892
16,0.051772,-90.105072,10.000000,0.240787,0.756866,0.402618
16,0.041196,-91.041214,10.000000,0.849794,0.783535,0.228498
16,0.040656,-90.091217,10.000000,0.253153,0.600282,0.412403
16,0.047983,-90.320541,10.000000,0.436891,0.407341,0.456238
16,0.062970,-91.016312,10.000000,0.679078,0.643746,0.245262
17,0.059333,-90.846863,13.000000,0.844777,0.587914,0.000000
17,0.041782,-90.331436,11.000000,0.629797,0.734360,0.332459
17,0.095911,-90.295532,11.000000,0.392504,0.452462,0.605817
17,0.059462,-90.737778,11.000000,0.787633,0.793746,0.263562
17,0.088549,-90.710930,10.000000,0.633580,0.468094,0.390383
17,0.043798,-90.228394,10.000000,0.510619,0.621592,0.370901
17,0.059112,-90.735107,10.000000,0.788534,0.463152,0.165799
17,0.054619,-90.069901,10.000000,0.252970,0.726327,0.618379
17,0.059197,-90.078552,10.000000,0.257587,0.681820,0.598810
17,0.090713,-90.393738,10.000000,0.465865,0.745512,0.529957
18,0.086547,-90.724060,12.000000,0.646769,0.516817,0.000000
18,0.059333,-90.846863,11.000000,0.844777,0.587914,0.348089
18,0.065285,-90.908325,11.000000,0.834050,0.511845,0.283405
18,0.056564,-91.054573,11.000000,0.965502,0.562492,0.441299
18,0.053804,-90.759644,11.000000,0.840208,0.553530,0.383057
18,0.073329,-90.443039,10.000000,0.549629,0.450929,0.183550
18,0.048947,-90.166992,10.000000,0.412979,0.430834,0.455609
18,0.073139,-91.414185,10.000000,0.983256,0.505595,0.362487
18,0.055912,-90.613655,10.000000,0.740797,0.543218,0.322147
18,0.069520,-90.595093,10.000000,0.654222,0.743478,0.330635
19,0.076477,-90.289604,12.000000,0.435118,0.738568,0.000000
19,0.055353,-90.388428,11.000000,0.592337,0.410360,0.487497
19,0.042868,-90.069824,11.000000,0.285344,0.526706,0.453348
19,0.080319,-90.080948,11.000000,0.224481,0.524374,0.342828
19,0.086547,-90.724060,10.000000,0.646769,0.516817,0.363002
19,0.072512,-90.063660,10.000000,0.209541,0.678425,0.241057
19,0.074752,-90.243347,10.000000,0.403449,0.698234,0.061988
19,0.043106,-90.088196,10.000000,0.319831,0.775703,0.356097
19,0.054921,-90.121147,10.000000,0.332094,0.602498,0.293273
19,0.081808,-90.286987,10.000000,0.418825,0.544559,0.248836
20,0.073089,-90.524994,12.000000,0.536026,0.528281,0.000000
20,0.090570,-90.202637,11.000000,0.299158,0.508755,0.295398
20,0.044685,-90.098869,11.000000,0.297493,0.664000,0.407872
20,0.076477,-90.362007,10.000000,0.435118,0.738568,0.283593
20,0.070835,-90.125435,10.000000,0.266144,0.675881,0.327696
20,0.049489,-90.323708,10.000000,0.511495,0.669654,0.295844
20,0.042587,-90.686722,10.000000,0.803128,0.521040,0.405542
20,0.067872,-90.425873,10.000000,0.500973,0.515583,0.064829
20,0.047209,-90.551147,10.000000,0.683373,0.404659,0.335513
20,0.048575,-90.136490,10.000000,0.335280,0.512491,0.317459
21,0.097136,-190.456116,14.000000,0.559482,0.638326,0.000000
21,0.073089,-90.315002,12.000000,0.536026,0.528281,0.278022
21,0.098426,-90.443985,12.000000,0.548391,0.604009,0.046147
21,0.097915,-91.228310,11.000000,0.914497,0.582518,0.361888
21,0.085144,-90.093979,11.000000,0.271285,0.491567,0.362066
21,0.044244,-90.421143,10.000000,0.796589,0.400698,0.651311
21,0.041396,-90.068161,10.000000,0.331323,0.581972,0.606391
21,0.069468,-90.074478,10.000000,0.267317,0.634458,0.402413
21,0.087484,-90.994949,10.000000,0.870746,0.676482,0.329358
21,0.053200,-90.391113,10.000000,0.700072,0.714020,0.470908
22,0.091002,-190.395630,13.000000,0.439571,0.779087,0.000000
22,0.068889,-90.728737,11.000000,0.685675,0.737799,0.334860
22,0.064657,-90.712120,11.000000,0.699649,0.746725,0.372405
22,0.097136,-90.684105,10.000000,0.559482,0.638326,0.221583
22,0.099446,-90.540871,10.000000,0.491650,0.734668,0.113687
22,0.053830,-90.327271,10.000000,0.519833,0.669554,0.404191
22,0.052335,-90.244232,10.000000,0.455396,0.728100,0.392207
22,0.067494,-90.419334,10.000000,0.525474,0.749710,0.252966
22,0.056099,-90.069809,10.000000,0.235169,0.507135,0.528358
22,0.064304,-90.174133,10.000000,0.346940,0.577782,0.378394
23,0.065907,-90.545998,13.000000,0.814096,0.718775,0.000000
23,0.053003,-90.090904,12.000000,0.370408,0.799793,0.473040
23,0.091295,-90.469398,12.000000,0.641333,0.436153,0.468090
23,0.073032,-90.742584,11.000000,0.901910,0.693200,0.117512
23,0.066551,-90.262718,11.000000,0.561974,0.623278,0.279027
23,0.091002,-90.219803,10.000000,0.439571,0.779087,0.457088
23,0.042511,-90.277138,10.000000,0.722190,0.565481,0.316071
23,0.068912,-90.746719,10.000000,0.931056,0.477506,0.324864
23,0.043062,-90.259361,10.000000,0.694135,0.441127,0.432471
23,0.058524,-90.074966,10.000000,0.320135,0.465553,0.591302
1,0.067102,21.804390,80.000000,0.945111,0.586164,0.000000
1,0.091071,20.904772,71.000000,0.696798,0.593668,0.345254
1,0.086945,30.163696,69.000000,0.549287,0.471339,0.465461
1,0.091244,18.296890,66.000000,0.516381,0.681838,0.506355
1,0.054610,14.247738,45.000000,0.990741,0.776472,0.272534
1,0.087851,15.491524,42.000000,0.287553,0.460718,0.707124
1,0.099793,17.026413,39.000000,0.373326,0.726749,0.681682
1,0.093133,16.843498,31.000000,0.421183,0.612167,0.585936
1,0.089557,15.401749,30.000000,0.308920,0.466068,0.691159
1,0.075618,11.650406,27.000000,0.256991,0.538140,0.695964
2,0.067102,21.504704,93.000000,0.945111,0.586164,0.000000
2,0.054594,25.983061,72.000000,0.990477,0.775990,0.272038
2,0.070796,14.856136,60.000000,0.769480,0.624163,0.185653
2,0.083408,13.279425,51.000000,0.659472,0.656028,0.340301
2,0.083439,19.279053,50.000000,0.659393,0.656471,0.340659
2,0.089076,13.402134,43.000000,0.623587,0.532387,0.395202
2,0.091278,20.178322,43.000000,0.515849,0.681365,0.506833
2,0.087887,13.452858,36.000000,0.288109,0.460319,0.706823
2,0.091173,13.480240,30.000000,0.607039,0.637183,0.419883
2,0.071427,18.067093,22.000000,0.600681,0.562031,0.348444
3,0.060864,22.431168,75.000000,0.968597,0.680714,0.000000
3,0.067102,22.253920,72.000000,0.945111,0.586164,0.135688
3,0.060854,18.431839,58.000000,0.968584,0.680593,0.000181
3,0.068970,14.837549,53.000000,0.856531,0.605624,0.167151
3,0.077080,13.545576,48.000000,0.713777,0.639273,0.306455
3,0.067035,20.251488,47.000000,0.945882,0.585353,0.136140
3,0.087252,12.120761,44.000000,0.587032,0.668600,0.464174
3,0.075335,20.973995,39.000000,0.801671,0.620647,0.233329
3,0.071853,13.070432,37.000000,0.807678,0.654228,0.197658
3,0.086289,11.785020,27.000000,0.640867,0.594822,0.428458
4,0.060864,20.716679,75.000000,0.968597,0.680714,0.000000
4,0.066277,20.991243,62.000000,0.888543,0.668734,0.097792
4,0.060858,16.715137,60.000000,0.968872,0.681066,0.000522
4,0.063880,8.624520,51.000000,0.958631,0.632575,0.068044
4,0.071811,23.306091,50.000000,0.807720,0.653564,0.197530
4,0.066919,24.561996,49.000000,0.945241,0.585798,0.135238
4,0.072082,15.143776,44.000000,0.830136,0.610919,0.198413
4,0.079092,17.608480,41.000000,0.725163,0.625005,0.311990
4,0.068209,10.922501,37.000000,0.885818,0.649660,0.117278
4,0.072199,11.155182,31.000000,0.827805,0.614120,0.198998
5,0.060864,18.289864,82.000000,0.968597,0.680714,0.000000
5,0.100000,10.000000,67.000000,1.000000,0.689343,0.392769
5,0.100000,16.000000,66.000000,1.000000,0.619381,0.400036
5,0.076865,13.837280,59.000000,0.895410,0.800000,0.230635
5,0.040000,15.999985,51.000000,1.000000,0.400000,0.409441
5,0.100000,10.000000,50.000000,1.000000,0.800000,0.419981
5,0.100000,21.088211,40.000000,0.301957,0.400000,0.848940
5,0.040000,17.985840,32.000000,0.709608,0.400000,0.483457
5,0.086763,13.117622,30.000000,0.318906,0.782813,0.710960
5,0.100000,13.599991,23.000000,0.200000,0.400000,0.931146
6,0.060864,26.716677,90.000000,0.968597,0.680714,0.000000
6,0.100000,24.457714,81.000000,0.981773,0.400000,0.525799
6,0.040000,17.699991,72.000000,1.000000,0.800000,0.258358
6,0.073535,14.286992,53.000000,0.937093,0.400000,0.374398
6,0.100000,14.611699,48.000000,0.491371,0.800000,0.634935
6,0.100000,16.250000,48.000000,1.000000,0.400000,0.526571
6,0.100000,11.448259,33.000000,0.309764,0.751484,0.771396
6,0.040000,21.699991,26.000000,1.000000,0.400000,0.409441
6,0.100000,15.769995,25.000000,0.200000,0.600717,0.868277
6,0.100000,11.769995,24.000000,0.200000,0.610356,0.866972
7,0.100000,15.250000,92.000000,1.000000,0.800000,0.000000
7,0.060864,14.145673,84.000000,0.968597,0.680714,0.419981
7,0.100000,6.736108,57.000000,0.695370,0.800000,0.304630
7,0.040000,25.299990,56.000000,1.000000,0.400000,0.781025
7,0.057417,16.124384,43.000000,1.000000,0.415091,0.642515
7,0.091875,23.009892,41.000000,0.399569,0.800000,0.605903
7,0.100000,22.584936,39.000000,0.457863,0.800000,0.542138
7,0.100000,24.596720,35.000000,0.455954,0.800000,0.544046
7,0.100000,17.729994,33.000000,0.200000,0.800000,0.800000
7,0.040000,9.892008,20.000000,0.200000,0.400000,1.118034
8,0.100000,10.250000,77.000000,1.000000,0.800000,0.000000
8,0.092584,8.824750,65.000000,1.000000,0.700874,0.144405
8,0.100000,22.718239,61.000000,0.969319,0.800000,0.030681
8,0.100000,14.250000,61.000000,1.000000,0.800000,0.000000
8,0.100000,17.625784,60.000000,0.751275,0.800000,0.248725
8,0.100000,21.110189,54.000000,0.794319,0.800000,0.205681
8,0.100000,14.558612,37.000000,0.431261,0.800000,0.568739
8,0.098745,17.951939,30.000000,0.517321,0.524609,0.592990
8,0.100000,13.405176,28.000000,0.578632,0.800000,0.421368
8,0.055596,12.531088,27.000000,0.583880,0.719687,0.616768
9,0.100000,26.000000,91.000000,1.000000,0.800000,0.000000
9,0.100000,18.778862,63.000000,0.897377,0.800000,0.102623
9,0.100000,14.001160,55.000000,0.999855,0.800000,0.000145
9,0.099488,18.393707,51.000000,0.635327,0.662643,0.403103
9,0.100000,17.946411,49.000000,0.716517,0.800000,0.283483
9,0.095588,17.796387,45.000000,0.759166,0.612663,0.338798
9,0.099979,10.494446,41.000000,0.613570,0.800000,0.386430
9,0.099892,14.116196,39.000000,0.686631,0.800000,0.313371
9,0.099937,19.950134,34.000000,0.716093,0.799056,0.283911
9,0.077898,18.610100,32.000000,0.667882,0.760594,0.401968
10,0.100000,20.000000,73.000000,1.000000,0.800000,0.000000
10,0.097766,14.637695,61.000000,0.828013,0.705359,0.209938
10,0.100000,20.053955,56.000000,0.702321,0.800000,0.297679
10,0.100000,6.779202,52.000000,0.807837,0.799432,0.192164
10,0.099661,20.511101,52.000000,0.661512,0.731664,0.349116
10,0.099899,20.127634,47.000000,0.857195,0.799417,0.142810
10,0.099906,2.007486,46.000000,1.000000,0.800000,0.000936
10,0.099991,12.295227,41.000000,0.844490,0.798908,0.155516
10,0.088868,21.072887,39.000000,0.641655,0.779136,0.376143
10,0.097672,9.735291,33.000000,0.738781,0.707206,0.286761
11,0.100000,22.500000,78.000000,1.000000,0.800000,0.000000
11,0.100000,18.233946,61.000000,0.827488,0.799588,0.172513
11,0.094531,17.655308,58.000000,0.671546,0.790931,0.333170
11,0.098767,14.874382,55.000000,0.971372,0.723002,0.101169
11,0.099842,14.251396,53.000000,0.826220,0.798133,0.173803
11,0.100000,20.415890,51.000000,0.807250,0.799487,0.192751
11,0.099736,15.047216,41.000000,0.733683,0.764447,0.270012
11,0.099007,18.813808,38.000000,0.764930,0.753616,0.242319
11,0.071631,10.942694,34.000000,0.880923,0.702016,0.331152
11,0.065112,13.093796,31.000000,0.503036,0.641555,0.638684
12,0.100000,21.500000,75.000000,1.000000,0.800000,0.000000
12,0.099397,10.465166,64.000000,0.888979,0.762051,0.120880
12,0.099949,16.244762,63.000000,0.913741,0.799797,0.086260
12,0.096698,23.059544,56.000000,0.822038,0.757394,0.188672
12,0.097215,15.837135,46.000000,0.703139,0.777153,0.299529
12,0.083149,17.752020,46.000000,0.775107,0.746636,0.288828
12,0.097150,19.540911,45.000000,0.749999,0.794975,0.251699
12,0.097191,13.615314,41.000000,0.738409,0.796362,0.263135
12,0.097145,17.602989,32.000000,0.740488,0.794824,0.261157
12,0.099585,14.509163,32.000000,0.882596,0.776864,0.120985
13,0.100000,24.000000,115.000000,1.000000,0.800000,0.000000
13,0.100000,22.000000,92.000000,1.000000,0.800000,0.000000
13,0.100000,18.000000,76.000000,1.000000,0.800000,0.000000
13,0.040000,27.843506,60.000000,0.820917,0.400000,0.801293
13,0.098315,10.714874,54.000000,0.646281,0.800000,0.354120
13,0.040000,14.799988,36.000000,1.000000,0.400000,0.781025
13,0.040000,13.559875,21.000000,0.370861,0.400000,1.002904
13,0.040000,13.872009,20.000000,0.200000,0.400000,1.118034
13,0.083928,8.553467,19.000000,0.464160,0.400000,0.750304
13,0.040000,11.872009,7.000000,0.200000,0.800000,1.000000
14,0.100000,25.500000,110.000000,1.000000,0.800000,0.000000
14,0.100000,19.500000,72.000000,1.000000,0.400000,0.500000
14,0.047406,20.918653,66.000000,1.000000,0.800000,0.525945
14,0.100000,15.500000,51.000000,1.000000,0.400000,0.500000
14,0.040000,23.399990,49.000000,1.000000,0.400000,0.781025
14,0.100000,9.500000,43.000000,1.000000,0.400000,0.500000
14,0.100000,13.970461,33.000000,0.558781,0.800000,0.441219
14,0.100000,8.520451,33.000000,0.477099,0.800000,0.522901
14,0.040000,17.803143,25.000000,0.275159,0.400000,1.065549
14,0.047961,9.613586,18.000000,0.352064,0.400000,0.969858
15,0.100000,21.000000,112.000000,1.000000,0.800000,0.000000
15,0.100000,25.000000,94.000000,1.000000,0.722585,0.096769
15,0.100000,17.065775,56.000000,0.570985,0.400000,0.658827
15,0.063487,12.415188,48.000000,0.526651,0.800000,0.597809
15,0.100000,20.930412,41.000000,0.344738,0.571371,0.714872
15,0.040000,17.857185,39.000000,0.771509,0.400000,0.813762
15,0.089476,16.988995,33.000000,0.354324,0.400000,0.823391
15,0.100000,19.505966,29.000000,0.234289,0.800000,0.765711
15,0.088599,11.681053,27.000000,0.200000,0.400000,0.950262
15,0.100000,9.446255,21.000000,0.248045,0.800000,0.751955
1,0.082817,23.403662,88.000000,0.874939,0.572403,0.000000
1,0.076137,28.834929,76.000000,0.757222,0.554226,0.137241
1,0.090772,17.335030,66.000000,0.636359,0.557089,0.252219
1,0.088745,13.988483,57.000000,0.559139,0.633656,0.330312
1,0.088357,19.140202,52.000000,0.668157,0.793777,0.349858
1,0.045813,16.840361,50.000000,0.590875,0.516940,0.471619
1,0.042545,17.395073,34.000000,0.442850,0.637588,0.596258
1,0.078760,15.525331,29.000000,0.288317,0.780668,0.643074
1,0.099566,12.463789,26.000000,0.461316,0.776576,0.514075
1,0.067343,15.439844,22.000000,0.338718,0.521217,0.561756
2,0.082817,19.818707,80.000000,0.874939,0.572403,0.000000
2,0.091258,22.037136,63.000000,0.667369,0.673823,0.257453
2,0.062664,23.343719,62.000000,0.659367,0.604687,0.297848
2,0.082400,12.523356,55.000000,0.657829,0.593897,0.218805
2,0.085607,19.031868,51.000000,0.771505,0.683155,0.175051
2,0.077416,19.941872,49.000000,0.522176,0.667044,0.375970
2,0.071002,16.587919,39.000000,0.451638,0.707681,0.470889
2,0.089560,10.281898,35.000000,0.652533,0.675086,0.265491
2,0.060888,9.301329,34.000000,0.674227,0.536185,0.300702
2,0.059327,13.919965,32.000000,0.599660,0.595570,0.363032
3,0.082817,22.196135,79.000000,0.874939,0.572403,0.000000
3,0.086241,16.981003,62.000000,0.763833,0.624310,0.133143
3,0.091337,15.555938,58.000000,0.667817,0.673100,0.256908
3,0.084197,14.580078,56.000000,0.822782,0.627767,0.087750
3,0.075996,16.043255,48.000000,0.655085,0.638897,0.244739
3,0.072408,11.951988,43.000000,0.686589,0.638419,0.230476
3,0.070962,17.689499,42.000000,0.736654,0.584117,0.182729
3,0.084304,18.211334,41.000000,0.594655,0.671125,0.306608
3,0.081438,23.955730,40.000000,0.646813,0.674773,0.261927
3,0.068412,18.707321,31.000000,0.561180,0.631792,0.353136
4,0.082817,10.196144,69.000000,0.874939,0.572403,0.000000
4,0.077602,21.163055,65.000000,0.780570,0.606493,0.115932
4,0.080039,21.370295,62.000000,0.739990,0.631973,0.156612
4,0.083634,21.810287,56.000000,0.660582,0.656202,0.238721
4,0.087866,13.078026,55.000000,0.744476,0.651488,0.171298
4,0.083491,24.397766,55.000000,0.847992,0.600311,0.044592
4,0.087709,13.902458,44.000000,0.631332,0.671620,0.277702
4,0.083703,19.284060,33.000000,0.735384,0.622459,0.153196
4,0.080192,9.371063,31.000000,0.739179,0.633606,0.158027
4,0.071665,17.814499,30.000000,0.712930,0.612588,0.202995
5,0.082674,16.023230,63.000000,0.763576,0.627574,0.000000
5,0.080098,19.484259,60.000000,0.826658,0.590834,0.082171
5,0.082817,14.769684,58.000000,0.874939,0.572403,0.130995
5,0.078858,22.240128,54.000000,0.760217,0.619699,0.039554
5,0.080536,12.545432,53.000000,0.721063,0.630209,0.047700
5,0.081737,16.701069,52.000000,0.699440,0.645272,0.068490
5,0.075651,18.708296,50.000000,0.726234,0.621827,0.079871
5,0.083409,14.085698,42.000000,0.754212,0.628358,0.011943
5,0.083466,6.986539,38.000000,0.661531,0.655371,0.108089
5,0.083145,18.913307,30.000000,0.861134,0.585655,0.110840
6,0.082217,23.765614,69.000000,0.790111,0.611224,0.000000
6,0.082674,18.023230,65.000000,0.763576,0.627574,0.033805
6,0.079041,23.878521,64.000000,0.795011,0.609007,0.032245
6,0.082434,18.853064,57.000000,0.680243,0.646059,0.118203
6,0.082443,19.869265,49.000000,0.779311,0.611966,0.011074
6,0.078851,10.719594,48.000000,0.710124,0.635964,0.092125
6,0.079650,12.422317,45.000000,0.737870,0.626546,0.061274
6,0.081045,12.630279,44.000000,0.709918,0.635754,0.086651
6,0.080869,6.120665,32.000000,0.762536,0.616158,0.031305
6,0.081849,15.826620,27.000000,0.786159,0.612366,0.005584
7,0.080122,22.429991,67.000000,0.783948,0.616513,0.000000
7,0.082217,16.278873,62.000000,0.790111,0.611224,0.022808
7,0.081191,26.710253,55.000000,0.747580,0.631614,0.042346
7,0.081844,12.429566,53.000000,0.775708,0.618463,0.019241
7,0.081366,10.786447,51.000000,0.738081,0.633021,0.051809
7,0.080022,16.416595,50.000000,0.785911,0.606495,0.012715
7,0.081793,16.640829,44.000000,0.752644,0.619816,0.035723
7,0.082470,17.140312,42.000000,0.691577,0.646676,0.102495
7,0.079905,17.081514,41.000000,0.709778,0.634941,0.077695
7,0.080217,10.442842,35.000000,0.782075,0.616823,0.002135
8,0.100000,19.028305,82.000000,0.891891,0.800000,0.000000
8,0.100000,11.750000,78.000000,1.000000,0.800000,0.108109
8,0.100000,13.750000,73.000000,1.000000,0.400000,0.511554
8,0.080122,20.922405,69.000000,0.783948,0.616513,0.322131
8,0.100000,16.984293,59.000000,0.895831,0.800000,0.003940
8,0.042855,17.043703,38.000000,0.597529,0.400000,0.814376
8,0.100000,17.749994,35.000000,0.200000,0.400000,0.853647
8,0.049403,18.912323,28.000000,1.000000,0.744399,0.522040
8,0.100000,15.749994,25.000000,0.200000,0.441852,0.824097
8,0.040441,17.898893,13.000000,0.200000,0.400000,1.040884
9,0.100000,19.426041,90.000000,0.891891,0.800000,0.000000
9,0.100000,8.250000,70.000000,1.000000,0.400000,0.511554
9,0.040000,15.699991,70.000000,1.000000,0.721633,0.617481
9,0.100000,24.250000,69.000000,1.000000,0.400000,0.511554
9,0.040000,19.699991,63.000000,1.000000,0.511654,0.708237
9,0.040000,17.699991,50.000000,1.000000,0.564504,0.677009
9,0.048854,17.473471,36.000000,0.432942,0.400000,0.849838
9,0.040000,29.419350,31.000000,0.502452,0.400000,0.872733
9,0.040000,13.908007,12.000000,0.200000,0.800000,0.915813
9,0.100000,9.769995,9.000000,0.200000,0.400000,0.853647
10,0.100000,22.431702,84.000000,0.891891,0.800000,0.000000
10,0.100000,21.000000,78.000000,1.000000,0.458321,0.440568
10,0.100000,23.120695,60.000000,0.834890,0.400000,0.503239
10,0.041121,17.121536,55.000000,1.000000,0.400000,0.779974
10,0.082624,15.560276,50.000000,0.649485,0.400000,0.582198
10,0.100000,14.722299,48.000000,0.868307,0.800000,0.023584
10,0.067456,9.474976,38.000000,0.731262,0.725994,0.374526
10,0.100000,16.874998,36.000000,0.400895,0.800000,0.490996
10,0.040000,13.199989,27.000000,1.000000,0.400000,0.788472
10,0.100000,10.076031,24.000000,0.524264,0.400000,0.620604
11,0.100000,22.500000,82.000000,1.000000,0.800000,0.000000
11,0.100000,30.033966,82.000000,0.891891,0.800000,0.108109
11,0.062738,26.220531,58.000000,0.896227,0.560067,0.489450
11,0.064776,13.141811,55.000000,1.000000,0.427658,0.583692
11,0.100000,11.985043,46.000000,0.895542,0.609888,0.259585
11,0.082158,13.424450,44.000000,0.646515,0.655637,0.435141
11,0.060047,9.992022,42.000000,0.943378,0.400000,0.642518
11,0.079310,8.502886,37.000000,0.766761,0.678814,0.346634
11,0.045607,14.127718,33.000000,0.739842,0.800000,0.602946
11,0.060473,7.150764,21.000000,0.792597,0.709101,0.460612
12,0.099971,16.378349,71.000000,0.896283,0.609211,0.000000
12,0.100000,17.000000,66.000000,1.000000,0.800000,0.260063
12,0.089740,13.092303,61.000000,0.883885,0.739635,0.192873
12,0.089736,23.676168,55.000000,0.829664,0.739190,0.203255
12,0.100000,13.000412,53.000000,0.999971,0.799484,0.259460
12,0.100000,8.410660,53.000000,0.893575,0.704506,0.119149
12,0.100000,15.729774,49.000000,0.946439,0.799582,0.243192
12,0.081373,17.450523,38.000000,0.893699,0.679488,0.205702
12,0.072425,8.981533,28.000000,0.771616,0.608105,0.302368
12,0.072805,14.603981,26.000000,0.816310,0.799286,0.369657
13,0.099971,21.582989,66.000000,0.896283,0.609211,0.000000
13,0.100000,17.594240,61.000000,0.895012,0.609046,0.001319
13,0.086361,22.712597,56.000000,0.831930,0.656414,0.161700
13,0.100000,15.568830,55.000000,0.897590,0.608461,0.001634
13,0.086160,18.495653,54.000000,0.859945,0.704400,0.185886
13,0.090824,15.989975,54.000000,0.895966,0.643829,0.101191
13,0.099950,15.343891,51.000000,0.920318,0.751383,0.179332
13,0.100000,10.500000,38.000000,1.000000,0.798398,0.258228
13,0.094970,12.100355,35.000000,0.864047,0.674954,0.101456
13,0.095008,7.856495,30.000000,0.890476,0.674859,0.096078
14,0.086355,22.192055,64.000000,0.857287,0.702306,0.000000
14,0.099692,23.205750,63.000000,0.895270,0.608494,0.181612
14,0.099971,21.181442,60.000000,0.896283,0.609211,0.183314
14,0.100000,12.628485,59.000000,0.946179,0.701714,0.162855
14,0.099760,13.039810,51.000000,0.910322,0.680854,0.146637
14,0.095435,15.277756,48.000000,0.908125,0.699197,0.104137
14,0.093093,13.712677,47.000000,0.876110,0.702439,0.069966
14,0.097429,15.325775,42.000000,0.894200,0.641785,0.139103
14,0.099735,5.207793,38.000000,0.894886,0.611141,0.179733
14,0.100000,11.195793,28.000000,0.894819,0.608939,0.183437
15,0.097779,18.017315,70.000000,0.903224,0.651981,0.000000
15,0.096400,13.989526,66.000000,0.911769,0.702437,0.065122
15,0.097853,16.015993,65.000000,0.902980,0.654152,0.002826
15,0.086355,15.240071,60.000000,0.857287,0.702306,0.138268
15,0.099659,13.932571,51.000000,0.900977,0.642543,0.022309
15,0.100000,17.548050,49.000000,0.927503,0.691108,0.058950
15,0.099624,13.690758,44.000000,0.918917,0.655423,0.024601
15,0.092956,14.643936,44.000000,0.876504,0.656449,0.055418
15,0.096218,8.352741,31.000000,0.884628,0.655614,0.024699
15,0.096648,10.106922,20.000000,0.901663,0.671638,0.027094
16,0.097779,18.621355,71.000000,0.903224,0.651981,0.000000
16,0.098297,16.382328,65.000000,0.915316,0.655671,0.013940
16,0.097954,16.444225,53.000000,0.913179,0.680461,0.037009
16,0.097887,12.718223,51.000000,0.896780,0.654225,0.007111
16,0.092278,17.308929,51.000000,0.885375,0.683290,0.069824
16,0.096621,8.881095,47.000000,0.892483,0.652724,0.015818
16,0.099967,8.038992,47.000000,0.927864,0.669587,0.039631
16,0.098108,12.518250,46.000000,0.907982,0.654204,0.006422
16,0.097511,10.514969,45.000000,0.910961,0.675942,0.031051
16,0.093754,5.137236,24.000000,0.889579,0.672957,0.049937
1,0.068542,25.270882,79.000000,0.900952,0.647226,0.000000
1,0.051036,24.325920,72.000000,0.920300,0.633498,0.176969
1,0.088021,18.665676,72.000000,0.990096,0.636200,0.214659
1,0.063032,13.591533,62.000000,0.907098,0.584860,0.095665
1,0.041273,19.593163,45.000000,0.828291,0.535028,0.315139
1,0.073979,18.230061,44.000000,0.530536,0.786952,0.413121
1,0.051863,11.476011,43.000000,0.756666,0.496833,0.289790
1,0.090550,17.168791,42.000000,0.606500,0.400232,0.480062
1,0.052209,9.412458,24.000000,0.763596,0.496573,0.284621
1,0.082581,8.188938,17.000000,0.507947,0.548085,0.435338
2,0.068542,26.383615,68.000000,0.900952,0.647226,0.000000
2,0.068624,20.375538,67.000000,0.901421,0.647033,0.000970
2,0.070047,16.531767,63.000000,0.872775,0.566503,0.105840
2,0.056929,16.907749,63.000000,0.914146,0.609671,0.125960
2,0.064559,18.522923,59.000000,0.910270,0.586656,0.086057
2,0.060215,11.305346,45.000000,0.829740,0.572563,0.143929
2,0.054912,15.327010,44.000000,0.865385,0.590256,0.157848
2,0.052248,23.439453,36.000000,0.868315,0.559027,0.199430
2,0.076726,11.147820,32.000000,0.756243,0.492018,0.255494
2,0.068528,8.382505,23.000000,0.901182,0.648154,0.001191
3,0.068542,17.966339,70.000000,0.900952,0.647226,0.000000
3,0.061968,22.477280,64.000000,0.885497,0.619349,0.076000
3,0.066723,28.641891,63.000000,0.833180,0.550341,0.139967
3,0.064466,10.503658,57.000000,0.864913,0.612492,0.069610
3,0.066865,10.633368,47.000000,0.833356,0.550224,0.139832
3,0.061050,18.311623,45.000000,0.912862,0.595744,0.099483
3,0.070907,10.453406,43.000000,0.830600,0.540607,0.152547
3,0.068681,16.879173,41.000000,0.791677,0.532043,0.180757
3,0.057862,10.975451,38.000000,0.849110,0.579462,0.145842
3,0.061288,18.634079,32.000000,0.870357,0.563211,0.131256
4,0.068542,21.218166,75.000000,0.900952,0.647226,0.000000
4,0.063791,21.574888,62.000000,0.871970,0.571636,0.109663
4,0.067380,19.469254,60.000000,0.866708,0.596924,0.072536
4,0.067782,17.456055,55.000000,0.866384,0.599236,0.069651
4,0.062699,15.513390,51.000000,0.890610,0.601594,0.082308
4,0.069683,17.393608,50.000000,0.864909,0.592071,0.078629
4,0.066280,15.603670,43.000000,0.850352,0.551306,0.132093
4,0.067001,13.665768,42.000000,0.834728,0.548808,0.140562
4,0.062896,15.621588,32.000000,0.869654,0.588274,0.097969
4,0.059778,17.750893,30.000000,0.867463,0.598066,0.112160
5,0.068542,21.218163,85.000000,0.900952,0.647226,0.000000
5,0.066209,23.519760,64.000000,0.865573,0.589668,0.083503
5,0.062666,27.519341,63.000000,0.889781,0.601304,0.082905
5,0.062520,19.513962,61.000000,0.891784,0.599503,0.085264
5,0.067833,19.469606,48.000000,0.863748,0.595498,0.074936
5,0.063959,17.587288,45.000000,0.868595,0.598250,0.083042
5,0.061320,13.687645,42.000000,0.868447,0.596103,0.101770
5,0.065879,9.528782,33.000000,0.866159,0.581218,0.093424
5,0.066049,11.451172,32.000000,0.878519,0.598137,0.069929
5,0.064536,11.615089,27.000000,0.859704,0.573973,0.108124
1,0.053056,26.100876,86.000000,0.989886,0.678205,0.000000
1,0.071096,23.223064,81.000000,0.946501,0.579709,0.222675
1,0.040314,21.576777,66.000000,0.895233,0.578152,0.202083
1,0.075852,17.075537,63.000000,0.716980,0.435298,0.467586
1,0.059312,16.061050,60.000000,0.941000,0.465927,0.276969
1,0.098287,13.788172,37.000000,0.547767,0.439823,0.699169
1,0.070282,14.441515,34.000000,0.543749,0.643624,0.480188
1,0.058228,19.402790,33.000000,0.369804,0.461128,0.678825
1,0.048047,12.741007,26.000000,0.591077,0.423659,0.512638
1,0.065922,11.470997,14.000000,0.327103,0.734043,0.678752
2,0.053056,24.620752,79.000000,0.989886,0.678205,0.000000
2,0.084667,14.928106,59.000000,0.747118,0.509448,0.450952
2,0.059572,19.715199,55.000000,0.768152,0.502267,0.319025
2,0.071097,11.862146,55.000000,0.946248,0.579613,0.222797
2,0.059330,26.581638,51.000000,0.941489,0.465916,0.276939
2,0.050496,11.949112,50.000000,0.790474,0.550412,0.256785
2,0.055678,16.329039,49.000000,0.679488,0.569203,0.339999
2,0.064671,16.178432,40.000000,0.658278,0.520988,0.402585
2,0.070345,18.650612,35.000000,0.543244,0.643212,0.480929
2,0.049231,14.720253,27.000000,0.632391,0.519322,0.410742
3,0.053056,20.100876,68.000000,0.989886,0.678205,0.000000
3,0.068809,24.105982,61.000000,0.868652,0.594424,0.224674
3,0.051671,16.927834,58.000000,0.890368,0.613921,0.128658
3,0.062010,13.640571,57.000000,0.968177,0.628134,0.111376
3,0.077787,17.809402,57.000000,0.847531,0.543988,0.331015
3,0.062100,15.639915,44.000000,0.967548,0.628166,0.112203
3,0.063093,14.228025,43.000000,0.611937,0.605481,0.401475
3,0.056219,14.064606,43.000000,0.966106,0.572015,0.138509
3,0.061626,19.288843,40.000000,0.765883,0.660068,0.240906
3,0.077941,7.801928,29.000000,0.847447,0.544880,0.331641
4,0.053056,23.270609,79.000000,0.989886,0.678205,0.000000
4,0.052953,25.274944,69.000000,0.990067,0.678370,0.001073
4,0.065325,11.104854,54.000000,0.918793,0.612064,0.164135
4,0.065822,22.109196,51.000000,0.739706,0.599268,0.297692
4,0.057235,20.305742,51.000000,0.750896,0.609566,0.257339
4,0.059026,11.681315,49.000000,0.865008,0.615373,0.159142
4,0.062280,16.442734,44.000000,0.690122,0.632970,0.318689
4,0.068718,15.269056,40.000000,0.870043,0.595347,0.222753
4,0.062278,16.451580,36.000000,0.688176,0.631917,0.320749
4,0.068654,15.282095,27.000000,0.868368,0.594384,0.223770
5,0.053056,20.750729,68.000000,0.989886,0.678205,0.000000
5,0.060759,16.712364,64.000000,0.930457,0.637387,0.109855
5,0.062858,19.417793,57.000000,0.810730,0.602108,0.225280
5,0.057769,13.450089,56.000000,0.840376,0.655717,0.159261
5,0.053173,22.745306,52.000000,0.989623,0.679644,0.002158
5,0.067366,15.272491,48.000000,0.804865,0.595803,0.255574
5,0.059101,16.635342,45.000000,0.954402,0.644278,0.081924
5,0.062978,9.410154,45.000000,0.811156,0.601083,0.226011
5,0.065564,23.515530,43.000000,0.778655,0.614487,0.258083
5,0.057515,13.465563,22.000000,0.839672,0.656015,0.159127
6,0.053056,17.400581,69.000000,0.989886,0.678205,0.000000
6,0.064993,17.881813,61.000000,0.807351,0.598871,0.239587
6,0.056050,13.348881,60.000000,0.972619,0.663453,0.039170
6,0.061906,19.661629,55.000000,0.869173,0.621109,0.165821
6,0.058133,17.638779,51.000000,0.901308,0.638424,0.113559
6,0.061658,17.653656,51.000000,0.872398,0.619378,0.163126
6,0.062454,21.891993,47.000000,0.821621,0.625062,0.203857
6,0.053264,19.397766,45.000000,0.988485,0.676988,0.002932
6,0.064981,19.876844,34.000000,0.808375,0.599625,0.238358
6,0.057036,11.368622,27.000000,0.960581,0.657002,0.056076
7,0.053056,23.400583,74.000000,0.989886,0.678205,0.000000
7,0.058061,17.611746,70.000000,0.907011,0.653204,0.101733
7,0.061739,21.651253,66.000000,0.872274,0.621452,0.162493
7,0.065164,19.872505,66.000000,0.808066,0.600775,0.238924
7,0.063386,13.759972,50.000000,0.840706,0.608655,0.201203
7,0.061652,11.662868,42.000000,0.870729,0.620079,0.163909
7,0.063519,11.888584,41.000000,0.815364,0.612819,0.219280
7,0.060499,19.745705,34.000000,0.863268,0.632108,0.157771
7,0.062000,21.670822,33.000000,0.866800,0.619885,0.168713
7,0.061647,15.662735,24.000000,0.870791,0.619876,0.163949
8,0.061965,16.384466,70.000000,0.867684,0.621036,0.000000
8,0.053056,25.970905,65.000000,0.989886,0.678205,0.167261
8,0.058499,14.320977,63.000000,0.900831,0.644672,0.056332
8,0.057378,12.176412,57.000000,0.927283,0.648720,0.082787
8,0.062722,20.433233,53.000000,0.856596,0.613867,0.016144
8,0.062702,14.447920,48.000000,0.854965,0.616088,0.015950
8,0.057403,16.140196,46.000000,0.931460,0.647436,0.085072
8,0.061609,12.373603,40.000000,0.871494,0.619496,0.005556
8,0.060220,22.331587,36.000000,0.886580,0.635416,0.031378
8,0.062670,8.611651,22.000000,0.835243,0.615080,0.034022
9,0.061965,27.684677,74.000000,0.867684,0.621036,0.000000
9,0.060624,19.586222,71.000000,0.887183,0.637930,0.031719
9,0.061629,19.640076,61.000000,0.874528,0.628023,0.011592
9,0.062148,17.579447,55.000000,0.876910,0.625777,0.011117
9,0.059451,19.666328,54.000000,0.887718,0.628010,0.033305
9,0.062598,7.677120,47.000000,0.864043,0.622092,0.007419
9,0.058045,11.463779,45.000000,0.919164,0.646634,0.072185
9,0.055330,13.404852,42.000000,0.947542,0.667112,0.118731
9,0.058868,9.614697,28.000000,0.897403,0.631040,0.044704
9,0.054646,9.367768,23.000000,0.957291,0.658292,0.124718
10,0.060597,13.607141,63.000000,0.885272,0.627143,0.000000
10,0.061965,13.684704,58.000000,0.867684,0.621036,0.023552
10,0.061270,11.686575,56.000000,0.872401,0.623736,0.015136
10,0.061385,13.607676,55.000000,0.879518,0.636316,0.015056
10,0.057504,13.522284,53.000000,0.917505,0.647728,0.051555
10,0.061566,17.638515,52.000000,0.875138,0.621221,0.015854
10,0.059878,15.632376,49.000000,0.888008,0.628385,0.007847
10,0.057118,23.522354,42.000000,0.920597,0.644604,0.054175
10,0.062057,21.664486,41.000000,0.869064,0.622374,0.022616
10,0.057109,11.563956,31.000000,0.916379,0.648827,0.054029
11,0.062517,15.527887,69.000000,0.867870,0.620273,0.000000
11,0.060597,17.506744,67.000000,0.885272,0.627143,0.027301
11,0.059673,23.429707,64.000000,0.905779,0.634567,0.050649
11,0.061269,21.460148,53.000000,0.888601,0.615941,0.024801
11,0.058633,15.530518,53.000000,0.895680,0.626790,0.048464
11,0.057117,17.443325,49.000000,0.923370,0.646131,0.083914
11,0.068442,19.798374,45.000000,0.782765,0.790720,0.236954
11,0.058915,15.573565,42.000000,0.885708,0.627810,0.041286
11,0.084111,15.623838,32.000000,0.733552,0.688383,0.268176
11,0.045887,14.321223,26.000000,0.834778,0.492371,0.233051
12,0.060803,15.686150,70.000000,0.887865,0.626321,0.000000
12,0.062517,23.762093,68.000000,0.867870,0.620273,0.027400
12,0.059695,17.740864,55.000000,0.890376,0.625899,0.011382
12,0.058949,17.719933,54.000000,0.898188,0.626998,0.021245
12,0.060097,15.644437,46.000000,0.897377,0.633647,0.014975
12,0.060642,11.794434,44.000000,0.877818,0.625013,0.010307
12,0.064603,17.929359,43.000000,0.836724,0.703160,0.115259
12,0.064763,11.946869,42.000000,0.833892,0.710499,0.124712
12,0.060797,17.719942,42.000000,0.884425,0.628988,0.004791
12,0.062683,7.882873,36.000000,0.854280,0.720945,0.124386
13,0.063416,17.849876,72.000000,0.844861,0.711753,0.000000
13,0.060803,17.723246,62.000000,0.887865,0.626321,0.118050
13,0.061060,13.807376,62.000000,0.869473,0.674230,0.057970
13,0.062008,15.772532,62.000000,0.869630,0.670663,0.058735
13,0.063142,19.739723,56.000000,0.868107,0.623770,0.112442
13,0.060813,27.756363,48.000000,0.881320,0.626468,0.115637
13,0.061309,25.703495,46.000000,0.888027,0.632376,0.110237
13,0.062281,13.794438,34.000000,0.863444,0.666454,0.060665
13,0.060698,17.797464,31.000000,0.874033,0.679725,0.056503
13,0.064110,7.795815,27.000000,0.850777,0.657629,0.068267
14,0.060593,16.867031,66.000000,0.875216,0.653546,0.000000
14,0.062928,16.809818,64.000000,0.866634,0.627570,0.040901
14,0.063416,24.944553,63.000000,0.844861,0.711753,0.083737
14,0.062389,16.827389,56.000000,0.867969,0.669384,0.027691
14,0.061106,18.774551,53.000000,0.884301,0.626835,0.034982
14,0.063192,20.976841,50.000000,0.841873,0.709627,0.081861
14,0.060997,14.803957,48.000000,0.881052,0.625978,0.035183
14,0.063251,8.841113,37.000000,0.860168,0.639606,0.035161
14,0.061808,12.889908,32.000000,0.863397,0.669068,0.025765
14,0.061565,16.832024,31.000000,0.873118,0.651398,0.010298
15,0.063190,21.408539,66.000000,0.863504,0.661361,0.000000
15,0.062753,19.435093,62.000000,0.862063,0.652634,0.011842
15,0.060593,17.447205,59.000000,0.875216,0.653546,0.030120
15,0.062092,21.486292,59.000000,0.857942,0.642769,0.026302
15,0.062744,15.379477,57.000000,0.871419,0.658346,0.009840
15,0.063036,15.494762,48.000000,0.850062,0.684481,0.031910
15,0.062556,15.457854,46.000000,0.859578,0.661126,0.007469
15,0.062698,25.582077,46.000000,0.837364,0.712091,0.068765
15,0.061163,9.428736,31.000000,0.874276,0.622156,0.054120
15,0.062067,13.363066,26.000000,0.878893,0.619018,0.056253
1,0.083601,22.366486,80.000000,0.999154,0.513907,0.000000
1,0.085016,19.841606,74.000000,0.851256,0.717179,0.294339
1,0.054269,16.842375,60.000000,0.928439,0.611479,0.325443
1,0.065060,17.817463,52.000000,0.704971,0.666919,0.396865
1,0.045388,22.177420,50.000000,0.771290,0.657981,0.479974
1,0.086040,21.983435,49.000000,0.589256,0.542605,0.412186
1,0.047790,16.329948,45.000000,0.719526,0.694335,0.507247
1,0.099949,9.857313,41.000000,0.783607,0.429657,0.290308
1,0.053877,13.434084,27.000000,0.394477,0.437400,0.680537
1,0.066214,12.865953,22.000000,0.503717,0.625362,0.543227
2,0.083601,18.035675,89.000000,0.999154,0.513907,0.000000
2,0.074311,21.437351,67.000000,0.852062,0.590260,0.198431
2,0.084868,15.461291,63.000000,0.793573,0.528047,0.206728
2,0.069713,21.376863,60.000000,0.890038,0.664535,0.258158
2,0.066413,14.051432,52.000000,0.785929,0.706074,0.364288
2,0.066335,16.059883,42.000000,0.784688,0.706195,0.365487
2,0.054078,20.875599,39.000000,0.661611,0.524535,0.448633
2,0.055213,16.568462,37.000000,0.738812,0.662578,0.427669
2,0.084744,21.457283,33.000000,0.794784,0.528042,0.205450
2,0.076172,12.919606,18.000000,0.546442,0.584052,0.467070
3,0.084256,18.270727,66.000000,0.897078,0.520114,0.000000
3,0.078861,10.286917,59.000000,0.925240,0.552191,0.072879
3,0.084805,19.059326,57.000000,0.794021,0.527383,0.103602
3,0.083601,19.409729,56.000000,0.999154,0.513907,0.102579
3,0.084083,14.286308,53.000000,0.896126,0.520198,0.001982
3,0.070283,21.412182,51.000000,0.818201,0.648197,0.226668
3,0.075021,20.713646,47.000000,0.892447,0.609172,0.144714
3,0.083639,13.407883,38.000000,0.999126,0.514649,0.102462
3,0.079962,15.372766,37.000000,0.772906,0.548227,0.136006
3,0.080518,14.016304,36.000000,0.669284,0.555719,0.235092
4,0.084256,20.914640,72.000000,0.897078,0.520114,0.000000
4,0.070492,12.471043,62.000000,0.817003,0.646875,0.224644
4,0.078857,20.952936,60.000000,0.923778,0.552455,0.072539
4,0.080036,27.728146,59.000000,0.843600,0.569817,0.092201
4,0.082080,15.691528,57.000000,0.836589,0.535624,0.067145
4,0.081365,18.961052,54.000000,0.908701,0.533666,0.035467
4,0.082229,12.214638,47.000000,0.783449,0.536036,0.117126
4,0.081555,9.461617,31.000000,0.861383,0.538111,0.050100
4,0.075096,8.871986,30.000000,0.745237,0.602463,0.205041
4,0.079641,9.237284,28.000000,0.892954,0.562408,0.070301
5,0.075923,16.211395,63.000000,0.829631,0.593473,0.000000
5,0.078508,12.697392,60.000000,0.761733,0.571244,0.077785
5,0.080027,13.613421,57.000000,0.869511,0.568373,0.065266
5,0.084256,11.084130,56.000000,0.897078,0.520114,0.141077
5,0.081404,13.106892,53.000000,0.910541,0.538628,0.119378
5,0.080459,27.083389,52.000000,0.918071,0.542629,0.117978
5,0.080460,17.078737,50.000000,0.918500,0.542203,0.118591
5,0.079845,21.409676,44.000000,0.890487,0.546226,0.093436
5,0.077218,14.470159,44.000000,0.794053,0.586561,0.038836
5,0.078397,10.093816,21.000000,0.829007,0.571212,0.037241
6,0.078829,21.195978,66.000000,0.872800,0.565521,0.000000
6,0.080659,14.755331,64.000000,0.901543,0.540711,0.046076
6,0.082148,18.762337,64.000000,0.892739,0.534973,0.054380
6,0.075923,15.819471,57.000000,0.829631,0.593473,0.062683
6,0.077631,17.432180,55.000000,0.857613,0.569229,0.019889
6,0.080240,17.161184,54.000000,0.868220,0.556501,0.018634
6,0.077728,15.915283,43.000000,0.810487,0.582345,0.066681
6,0.079856,13.525417,39.000000,0.836909,0.560217,0.037916
6,0.078938,7.314117,34.000000,0.861406,0.555912,0.016592
6,0.081704,10.622406,24.000000,0.907041,0.538325,0.056167
7,0.082499,19.378826,67.000000,0.910963,0.532605,0.000000
7,0.078583,16.133139,61.000000,0.853813,0.577520,0.089172
7,0.080154,21.859270,58.000000,0.874832,0.545983,0.046206
7,0.078829,17.946594,57.000000,0.872800,0.565521,0.067053
7,0.080258,11.829839,53.000000,0.877364,0.557088,0.050670
7,0.078625,14.088438,52.000000,0.858505,0.562242,0.075000
7,0.079495,19.792734,48.000000,0.885477,0.556847,0.049698
7,0.079538,13.862875,42.000000,0.877829,0.552997,0.051228
7,0.079948,13.923302,42.000000,0.869156,0.556998,0.057690
7,0.077426,10.306070,20.000000,0.840717,0.577757,0.103410
8,0.079221,11.355677,71.000000,0.861251,0.561354,0.000000
8,0.081486,19.066101,64.000000,0.894487,0.547454,0.043813
8,0.082499,26.919222,63.000000,0.910963,0.532605,0.069547
8,0.080297,25.234543,49.000000,0.874839,0.549140,0.023094
8,0.080076,15.178230,49.000000,0.884919,0.556470,0.025894
8,0.078082,15.483856,48.000000,0.846228,0.581166,0.031128
8,0.081421,17.078707,45.000000,0.892922,0.540440,0.046585
8,0.079522,13.268936,43.000000,0.873607,0.556669,0.014000
8,0.078302,15.387863,43.000000,0.861008,0.565054,0.010298
8,0.079404,13.296453,25.000000,0.869841,0.562684,0.008938
9,0.080700,15.116364,72.000000,0.891101,0.536469,0.000000
9,0.079221,19.355690,59.000000,0.861251,0.561354,0.045576
9,0.079784,21.356895,59.000000,0.858010,0.573402,0.057534
9,0.081687,23.085146,58.000000,0.890483,0.546940,0.016405
9,0.080321,19.198040,51.000000,0.880460,0.547198,0.017534
9,0.080183,17.194607,51.000000,0.881759,0.542103,0.012791
9,0.080528,17.121483,49.000000,0.891262,0.551314,0.018637
9,0.080341,9.104862,37.000000,0.894866,0.548023,0.015350
9,0.079062,17.340460,36.000000,0.864597,0.562729,0.045259
9,0.077336,13.448133,28.000000,0.856312,0.591241,0.083842
10,0.081003,18.382828,66.000000,0.881249,0.559773,0.000000
10,0.080700,24.315353,62.000000,0.891101,0.536469,0.030900
10,0.081341,24.191694,59.000000,0.902355,0.547265,0.026483
10,0.081015,18.488495,54.000000,0.868222,0.567071,0.015904
10,0.078319,14.648868,54.000000,0.862640,0.583009,0.043709
10,0.080924,14.366702,53.000000,0.883646,0.541421,0.023079
10,0.080506,14.416998,47.000000,0.879783,0.545884,0.018119
10,0.079963,14.529675,42.000000,0.868777,0.549838,0.020447
10,0.080376,8.324259,33.000000,0.891814,0.548943,0.018282
10,0.079898,12.363785,30.000000,0.889656,0.548593,0.019699
11,0.081642,22.577145,78.000000,0.873083,0.553367,0.000000
11,0.079248,16.596329,64.000000,0.883686,0.545279,0.028068
11,0.081003,28.540096,62.000000,0.881249,0.559773,0.013101
11,0.082052,16.530277,61.000000,0.876841,0.551830,0.005885
11,0.080647,14.575550,59.000000,0.878656,0.534360,0.026352
11,0.078585,18.705500,58.000000,0.873061,0.554597,0.030611
11,0.082208,8.758167,52.000000,0.846754,0.718466,0.208123
11,0.078203,20.781078,51.000000,0.865089,0.557893,0.035756
11,0.040638,13.978098,11.000000,0.951115,0.665177,0.440178
11,0.047759,9.877724,4.000000,0.215757,0.753893,0.780841
12,0.081642,23.799223,71.000000,0.873083,0.553367,0.000000
12,0.079812,21.946096,66.000000,0.867464,0.556238,0.019480
12,0.080711,19.924725,57.000000,0.864889,0.632861,0.100138
12,0.078945,17.887241,56.000000,0.878522,0.548051,0.028309
12,0.080040,15.915376,51.000000,0.869500,0.554020,0.016432
12,0.078580,7.952997,49.000000,0.873490,0.554350,0.030644
12,0.080733,11.770873,44.000000,0.880942,0.548815,0.013295
12,0.081132,15.792234,44.000000,0.876551,0.555370,0.006656
12,0.063709,18.694567,32.000000,0.550963,0.650178,0.388025
12,0.081645,7.771337,30.000000,0.875960,0.553080,0.002899
13,0.081642,19.355066,69.000000,0.873083,0.553367,0.000000
13,0.080370,23.408173,69.000000,0.871087,0.594143,0.052571
13,0.080525,21.407951,69.000000,0.870284,0.556052,0.011992
13,0.080625,15.395256,62.000000,0.871875,0.591364,0.048589
13,0.078147,23.445574,59.000000,0.876992,0.549530,0.035493
13,0.079751,21.400295,47.000000,0.875789,0.554821,0.019186
13,0.071908,12.451159,39.000000,0.711902,0.601751,0.197768
13,0.080325,15.350219,36.000000,0.881018,0.551723,0.015514
13,0.080039,11.414226,35.000000,0.871864,0.559671,0.017901
13,0.072198,12.441382,15.000000,0.712712,0.597557,0.194137
1,0.083704,24.257212,74.000000,0.861228,0.761735,0.000000
1,0.076254,18.442886,72.000000,0.887613,0.473197,0.369231
1,0.049731,24.929989,59.000000,0.816924,0.403524,0.563798
1,0.064229,13.363779,56.000000,0.883372,0.781494,0.197550
1,0.098715,14.895796,54.000000,0.583060,0.457236,0.494758
1,0.099626,8.332653,46.000000,0.784208,0.646660,0.227982
1,0.076286,21.275721,38.000000,0.320377,0.458072,0.664909
1,0.092132,10.856516,38.000000,0.607337,0.451467,0.471149
1,0.056699,16.262724,37.000000,0.844147,0.677906,0.290168
1,0.040363,11.162559,26.000000,0.473606,0.716400,0.584215
2,0.073891,31.790237,70.000000,0.871570,0.771333,0.000000
2,0.083704,21.343685,66.000000,0.861228,0.761735,0.099402
2,0.091669,11.344257,64.000000,0.822909,0.703466,0.202910
2,0.070218,16.175108,56.000000,0.852224,0.719443,0.077008
2,0.095426,13.470798,53.000000,0.594467,0.454457,0.529202
2,0.066720,12.473875,48.000000,0.839439,0.583098,0.248068
2,0.087984,12.438599,46.000000,0.734646,0.606165,0.285021
2,0.083753,17.343464,43.000000,0.860995,0.762290,0.099829
2,0.070172,15.876681,35.000000,0.885139,0.627946,0.183554
2,0.049788,11.425049,19.000000,0.392392,0.400000,0.709335
3,0.073891,29.193495,74.000000,0.871570,0.771333,0.000000
3,0.078858,13.039642,63.000000,0.866491,0.765635,0.050435
3,0.082739,17.026711,57.000000,0.847770,0.737999,0.100661
3,0.068468,13.554035,55.000000,0.845270,0.652275,0.160563
3,0.078820,23.050734,54.000000,0.865076,0.766820,0.050037
3,0.089556,19.628975,52.000000,0.727672,0.607303,0.295445
3,0.072170,17.317745,49.000000,0.862157,0.746310,0.036920
3,0.091741,19.979469,41.000000,0.663693,0.530838,0.406753
3,0.085870,11.262363,29.000000,0.798510,0.685059,0.176972
3,0.078880,9.039700,26.000000,0.866362,0.765602,0.050672
4,0.078347,23.385426,68.000000,0.861157,0.756463,0.000000
4,0.073789,17.480625,64.000000,0.871052,0.770926,0.050021
4,0.073891,19.474150,61.000000,0.871570,0.771333,0.049395
4,0.077611,19.460304,61.000000,0.852754,0.741895,0.021364
4,0.079070,15.330924,58.000000,0.866098,0.765707,0.014500
4,0.077647,13.455978,50.000000,0.853278,0.742822,0.020045
4,0.082816,17.807644,42.000000,0.766996,0.652507,0.166580
4,0.080602,17.335205,37.000000,0.857141,0.754044,0.023103
4,0.075410,15.575661,35.000000,0.845234,0.696618,0.081928
4,0.081078,15.689805,24.000000,0.795731,0.677816,0.121207
5,0.078347,13.642376,71.000000,0.861157,0.756463,0.000000
5,0.078227,19.648106,64.000000,0.861252,0.750382,0.007696
5,0.081098,16.014532,54.000000,0.809479,0.701063,0.090680
5,0.076451,13.642179,53.000000,0.871792,0.767822,0.025967
5,0.074427,17.932770,52.000000,0.853596,0.728764,0.052842
5,0.076176,13.734558,50.000000,0.864053,0.769690,0.027438
5,0.075691,13.751324,45.000000,0.865113,0.760016,0.027214
5,0.076005,17.731173,41.000000,0.865372,0.752712,0.024254
5,0.076563,15.677452,37.000000,0.867618,0.765634,0.022166
5,0.076929,15.686092,33.000000,0.864689,0.765916,0.018792
6,0.078347,19.932884,69.000000,0.861157,0.756463,0.000000
6,0.077806,28.012140,69.000000,0.855681,0.762925,0.011156
6,0.076466,13.934326,60.000000,0.871534,0.767943,0.025838
6,0.076608,14.025917,53.000000,0.860858,0.768588,0.023068
6,0.078516,20.158905,53.000000,0.835984,0.734825,0.036988
6,0.077916,18.187149,43.000000,0.836109,0.719991,0.052196
6,0.077772,10.271450,41.000000,0.827580,0.724231,0.052762
6,0.076072,12.099911,40.000000,0.855805,0.750704,0.024451
6,0.079397,10.177242,37.000000,0.829349,0.727020,0.049765
6,0.076612,13.992405,35.000000,0.864459,0.755475,0.017705
7,0.077507,13.376595,64.000000,0.837721,0.746017,0.000000
7,0.078347,23.061359,62.000000,0.861157,0.756463,0.028112
7,0.076437,21.367970,62.000000,0.844355,0.740670,0.014256
7,0.075379,23.284248,62.000000,0.857911,0.752544,0.030453
7,0.078028,15.137104,57.000000,0.856275,0.746433,0.019277
7,0.079037,11.234249,56.000000,0.842250,0.736350,0.020012
7,0.077284,11.228834,55.000000,0.852234,0.740632,0.016153
7,0.077389,11.408371,39.000000,0.835475,0.750342,0.005972
7,0.077195,13.360804,22.000000,0.840849,0.738936,0.009894
7,0.079285,9.405907,21.000000,0.825646,0.738031,0.023697
8,0.077507,11.104630,62.000000,0.837721,0.746017,0.000000
8,0.078050,17.065010,61.000000,0.838173,0.730763,0.019830
8,0.077481,12.788602,59.000000,0.864485,0.745483,0.026773
8,0.078822,18.952400,56.000000,0.843524,0.755259,0.018440
8,0.078528,14.926704,52.000000,0.847251,0.759491,0.021879
8,0.077763,19.147614,48.000000,0.832664,0.739947,0.009470
8,0.079679,10.764912,46.000000,0.854417,0.732658,0.032080
8,0.077208,13.195230,45.000000,0.831540,0.728134,0.023384
8,0.075900,23.201241,41.000000,0.838153,0.748768,0.016443
8,0.078172,8.982887,30.000000,0.844463,0.764336,0.024779
9,0.080830,29.501438,68.000000,0.847422,0.755221,0.000000
9,0.078961,11.583655,62.000000,0.849519,0.761976,0.020612
9,0.077507,17.784542,60.000000,0.837721,0.746017,0.036476
9,0.077869,17.521053,58.000000,0.861501,0.734736,0.041603
9,0.078374,15.481453,51.000000,0.862504,0.731360,0.041472
9,0.077943,7.582857,49.000000,0.855129,0.739214,0.035962
9,0.076293,17.724947,48.000000,0.850307,0.749531,0.046010
9,0.078149,19.799442,46.000000,0.832802,0.740233,0.035829
9,0.079393,9.630307,37.000000,0.842720,0.725663,0.039921
9,0.078026,9.586050,21.000000,0.854363,0.734571,0.038738
10,0.080830,20.227013,66.000000,0.847422,0.755221,0.000000
10,0.077933,20.292522,63.000000,0.855503,0.744713,0.032817
10,0.078062,24.347023,60.000000,0.848489,0.744385,0.030831
10,0.078132,14.492495,56.000000,0.831052,0.736111,0.039579
10,0.078071,16.328575,52.000000,0.850583,0.734994,0.037559
10,0.077229,16.445213,49.000000,0.841508,0.750177,0.037030
10,0.077572,18.446892,43.000000,0.839451,0.747568,0.034877
10,0.077625,8.321037,42.000000,0.853897,0.740636,0.037438
10,0.078342,18.218773,41.000000,0.861717,0.742666,0.032708
10,0.078943,6.366121,28.000000,0.841536,0.765361,0.023484
11,0.076531,16.287487,64.000000,0.847739,0.736218,0.000000
11,0.076903,18.218163,64.000000,0.853547,0.741106,0.009214
11,0.096331,19.061155,64.000000,0.871518,0.760830,0.201784
11,0.080830,20.081898,61.000000,0.847422,0.755221,0.049115
11,0.078701,20.168261,59.000000,0.849289,0.735724,0.021763
11,0.077544,16.163626,51.000000,0.856119,0.745441,0.017485
11,0.078183,22.084833,48.000000,0.861327,0.751762,0.028896
11,0.078847,10.293299,42.000000,0.834545,0.742922,0.027938
11,0.084395,11.758042,29.000000,0.627341,0.411963,0.468019
11,0.068880,11.285975,18.000000,0.391886,0.512214,0.540425
12,0.086743,19.824135,63.000000,0.860599,0.752332,0.000000
12,0.078852,18.295441,62.000000,0.850168,0.746654,0.079905
12,0.087628,17.766804,61.000000,0.862098,0.747771,0.010637
12,0.077335,18.321695,54.000000,0.855421,0.742003,0.095104
12,0.076531,20.424984,52.000000,0.847739,0.736218,0.104873
12,0.087628,13.762915,50.000000,0.862491,0.749668,0.009649
12,0.077808,14.407375,49.000000,0.842822,0.741507,0.092095
12,0.077519,20.435543,47.000000,0.841080,0.741344,0.095278
12,0.078510,12.300953,46.000000,0.851382,0.735137,0.085580
12,0.082746,7.064089,16.000000,0.738822,0.582773,0.247687
13,0.076592,12.955639,62.000000,0.850110,0.733809,0.000000
13,0.082491,18.707067,62.000000,0.851936,0.746062,0.060972
13,0.082435,22.690992,62.000000,0.854299,0.741086,0.059287
13,0.086743,14.466576,54.000000,0.860599,0.752332,0.104642
13,0.077543,24.918591,54.000000,0.850003,0.735166,0.009665
13,0.082197,18.737354,54.000000,0.849526,0.746951,0.058408
13,0.078081,16.900461,47.000000,0.849561,0.744213,0.019777
13,0.082957,14.681210,43.000000,0.852869,0.745872,0.065470
13,0.080801,11.184813,34.000000,0.795911,0.665598,0.109450
13,0.083390,12.639647,28.000000,0.855962,0.749786,0.071095
14,0.080781,24.022366,80.000000,0.854093,0.742026,0.000000
14,0.082165,22.205906,57.000000,0.827103,0.708674,0.051556
14,0.085288,13.796212,54.000000,0.854526,0.750049,0.046170
14,0.082705,7.909146,50.000000,0.856033,0.748398,0.020909
14,0.079598,14.119307,48.000000,0.849868,0.734983,0.015338
14,0.076592,16.263739,47.000000,0.850110,0.733809,0.043316
14,0.082615,17.960987,46.000000,0.851052,0.743051,0.018633
14,0.081126,17.980333,46.000000,0.856772,0.746279,0.006878
14,0.082435,8.240976,38.000000,0.821921,0.701500,0.062249
14,0.082002,18.005114,34.000000,0.849548,0.743170,0.013105
15,0.080781,21.200924,61.000000,0.854093,0.742026,0.000000
15,0.081832,19.252529,61.000000,0.840733,0.736484,0.018358
15,0.080963,11.306508,58.000000,0.836890,0.711257,0.042173
15,0.081320,17.152363,57.000000,0.858612,0.751638,0.013922
15,0.080777,21.345551,56.000000,0.831760,0.719943,0.035507
15,0.080342,13.288334,51.000000,0.842945,0.742571,0.012000
15,0.081033,19.161495,48.000000,0.858754,0.738311,0.007044
15,0.081224,19.159973,44.000000,0.857969,0.736242,0.009323
15,0.082113,17.295292,38.000000,0.832736,0.710700,0.046550
15,0.083232,13.080318,26.000000,0.859360,0.737808,0.025620
16,0.079797,13.789831,68.000000,0.850854,0.743928,0.000000
16,0.081578,9.612595,61.000000,0.853439,0.733477,0.022241
16,0.080781,17.665249,57.000000,0.854093,0.742026,0.010633
16,0.080725,19.508511,55.000000,0.864896,0.753666,0.020775
16,0.082630,11.456395,53.000000,0.858292,0.746122,0.029424
16,0.079344,11.906458,49.000000,0.845228,0.744405,0.007245
16,0.080882,7.646432,46.000000,0.854825,0.745403,0.011707
16,0.080512,12.072458,44.000000,0.827565,0.728252,0.031267
16,0.081917,13.490555,38.000000,0.859764,0.748090,0.023583
16,0.082723,19.742348,29.000000,0.838856,0.719941,0.043584
17,0.081297,24.872799,73.000000,0.855972,0.753999,0.000000
17,0.080481,19.032896,66.000000,0.837991,0.752818,0.019802
17,0.079797,12.967127,58.000000,0.850854,0.743928,0.020246
17,0.079882,16.945417,58.000000,0.853435,0.728814,0.034608
17,0.078827,22.962246,53.000000,0.856762,0.738627,0.031311
17,0.081913,14.879585,51.000000,0.851824,0.732294,0.028129
17,0.079921,22.968889,50.000000,0.849942,0.750723,0.015571
17,0.081868,10.965725,43.000000,0.840216,0.725578,0.039280
17,0.082048,14.857738,26.000000,0.854096,0.743072,0.015700
17,0.081303,8.882112,22.000000,0.854665,0.731016,0.028758
18,0.081297,19.170628,69.000000,0.855972,0.753999,0.000000
18,0.080946,27.259596,63.000000,0.844234,0.734103,0.027724
18,0.080275,15.248217,61.000000,0.849512,0.756218,0.012404
18,0.080170,21.293304,60.000000,0.843075,0.748442,0.018484
18,0.079259,21.286160,49.000000,0.849024,0.739329,0.028283
18,0.081980,13.112191,46.000000,0.861157,0.752391,0.008808
18,0.079885,17.362806,45.000000,0.833664,0.740032,0.031652
18,0.079573,13.334721,42.000000,0.839731,0.742849,0.027482
18,0.079413,13.247129,37.000000,0.854281,0.728020,0.037584
18,0.081057,11.146619,28.000000,0.860870,0.729111,0.031585
19,0.079381,17.062008,65.000000,0.839629,0.738095,0.000000
19,0.080109,16.989317,64.000000,0.846079,0.743112,0.011575
19,0.081297,22.872799,58.000000,0.855972,0.753999,0.032086
19,0.081266,16.953957,58.000000,0.844956,0.726520,0.024350
19,0.082460,20.866671,50.000000,0.850751,0.737891,0.032734
19,0.080589,8.916118,50.000000,0.853752,0.751408,0.024946
19,0.081342,16.927273,50.000000,0.848253,0.739677,0.021513
19,0.081809,24.936489,44.000000,0.844557,0.743605,0.025713
19,0.080534,13.090214,34.000000,0.829588,0.731406,0.017425
19,0.082191,10.868553,27.000000,0.851885,0.751011,0.034648
20,0.081200,15.389693,72.000000,0.829585,0.741456,0.000000
20,0.079381,11.383136,60.000000,0.839629,0.738095,0.021197
20,0.079634,19.311230,55.000000,0.844799,0.751710,0.025319
20,0.082908,15.169100,54.000000,0.840402,0.734732,0.021900
20,0.081612,15.083561,51.000000,0.854519,0.738060,0.025626
20,0.081964,15.101459,50.000000,0.851130,0.736395,0.023718
20,0.079725,21.216690,49.000000,0.852786,0.736572,0.028162
20,0.081679,13.186821,43.000000,0.845149,0.741764,0.016290
20,0.081324,13.314560,37.000000,0.835676,0.748865,0.011154
20,0.082217,13.159155,29.000000,0.844800,0.750311,0.021388
21,0.073431,16.704330,74.000000,0.997359,0.605454,0.000000
21,0.080002,21.987360,66.000000,0.831759,0.751714,0.255275
21,0.081200,13.948512,65.000000,0.829585,0.741456,0.251166
21,0.081050,17.903683,61.000000,0.834930,0.747453,0.252377
21,0.082570,21.817097,54.000000,0.835910,0.752515,0.261169
21,0.079708,13.924508,45.000000,0.839791,0.747360,0.245421
21,0.079979,21.985817,42.000000,0.832035,0.731393,0.237490
21,0.082462,17.819717,42.000000,0.836195,0.752387,0.260504
21,0.096250,7.150079,35.000000,0.639068,0.433746,0.475931
21,0.087050,9.693676,16.000000,0.220314,0.412986,0.824760
22,0.073431,18.695627,73.000000,0.997359,0.605454,0.000000
22,0.080968,16.348602,66.000000,0.835452,0.747640,0.251958
22,0.077942,21.454895,60.000000,0.916375,0.678499,0.130115
22,0.087943,21.190659,57.000000,0.739506,0.591205,0.296419
22,0.081226,14.397354,57.000000,0.830517,0.741283,0.250480
22,0.076583,13.540779,54.000000,0.918382,0.675488,0.122044
22,0.084801,11.638321,37.000000,0.527730,0.583268,0.483992
22,0.081161,8.297028,37.000000,0.838258,0.750349,0.253164
22,0.080618,10.444580,36.000000,0.830120,0.746741,0.253624
22,0.084068,11.690201,23.000000,0.524166,0.576695,0.486332
23,0.073431,16.521740,61.000000,0.997359,0.605454,0.000000
23,0.087917,12.397371,57.000000,0.739168,0.591040,0.296599
23,0.081313,19.765009,57.000000,0.833324,0.745963,0.252920
23,0.080897,9.767059,56.000000,0.835264,0.749617,0.253619
23,0.082795,23.124329,56.000000,0.680513,0.665517,0.338816
23,0.081076,21.770666,56.000000,0.833985,0.744513,0.250499
23,0.082313,17.765741,48.000000,0.828180,0.632863,0.194125
23,0.082862,17.111111,43.000000,0.681797,0.666588,0.338103
23,0.082944,9.734644,41.000000,0.828044,0.634026,0.197468
23,0.081356,12.810589,25.000000,0.722985,0.630374,0.287285
24,0.077388,22.431915,75.000000,0.915590,0.674993,0.000000
24,0.077357,18.439705,68.000000,0.914772,0.674986,0.000874
24,0.073431,23.982597,56.000000,0.997359,0.605454,0.125727
24,0.080709,16.646549,56.000000,0.869170,0.597182,0.112774
24,0.077403,20.431168,51.000000,0.915592,0.676698,0.002137
24,0.082202,17.399790,46.000000,0.758374,0.706728,0.169139
24,0.078124,12.978088,41.000000,0.838625,0.634589,0.092350
24,0.077080,10.431831,40.000000,0.917424,0.676898,0.004300
24,0.077975,12.983669,36.000000,0.838648,0.635694,0.091476
24,0.085347,11.624424,31.000000,0.711393,0.628568,0.226714
25,0.078702,16.326092,71.000000,0.895010,0.632587,0.000000
25,0.077388,22.161316,68.000000,0.915590,0.674993,0.058361
25,0.075267,15.847656,59.000000,0.953012,0.638145,0.067768
25,0.077487,14.661812,52.000000,0.874906,0.652418,0.034150
25,0.075284,15.818954,49.000000,0.955120,0.638829,0.069585
25,0.079495,10.974133,48.000000,0.838138,0.690006,0.091917
25,0.075462,11.754272,46.000000,0.958971,0.639621,0.072235
25,0.081340,17.121925,45.000000,0.816302,0.652312,0.086597
25,0.077411,10.588375,35.000000,0.881335,0.652919,0.031615
25,0.077263,8.118916,27.000000,0.919650,0.676211,0.061544
26,0.078702,19.429359,64.000000,0.895010,0.632587,0.000000
26,0.078022,15.684637,57.000000,0.873439,0.679532,0.062889
26,0.076364,9.149787,56.000000,0.935979,0.654697,0.054668
26,0.079029,17.721697,54.000000,0.864116,0.666927,0.052988
26,0.077539,17.173923,51.000000,0.926552,0.636152,0.033912
26,0.079004,21.699577,49.000000,0.866487,0.660939,0.045592
26,0.075744,6.973449,46.000000,0.956734,0.636061,0.068581
26,0.077529,27.239094,46.000000,0.920330,0.676130,0.061165
26,0.078160,9.557749,39.000000,0.885404,0.644554,0.018586
26,0.076081,9.188727,38.000000,0.933951,0.654883,0.054591
1,0.053852,-0.775564,12.000000,0.979855,0.794972,0.000000
1,0.079695,-0.744158,11.000000,0.788989,0.569171,0.427647
1,0.050323,-0.039580,11.000000,0.228989,0.613205,0.785283
1,0.099790,-0.177429,11.000000,0.344289,0.448194,0.896033
1,0.061690,-0.103651,11.000000,0.334684,0.682945,0.664830
1,0.083593,-0.634192,11.000000,0.711178,0.688029,0.422508
1,0.072146,-0.960726,10.000000,0.942212,0.469414,0.447760
1,0.078893,-0.176033,10.000000,0.385684,0.595277,0.691414
1,0.064173,-0.256759,10.000000,0.516465,0.450110,0.641257
1,0.082352,-0.321934,10.000000,0.510507,0.760049,0.550832
2,0.089304,-10.699639,15.000000,0.791674,0.683505,0.000000
2,0.098126,-0.565252,12.000000,0.678850,0.736894,0.158004
2,0.067315,-0.278189,12.000000,0.574989,0.589886,0.330151
2,0.044551,-0.397824,11.000000,0.845206,0.425491,0.554230
2,0.063334,-0.133671,11.000000,0.410909,0.443736,0.549776
2,0.053852,-0.646304,10.000000,0.979855,0.794972,0.424867
2,0.090138,-0.968539,10.000000,0.927148,0.408049,0.370107
2,0.086249,-0.066605,10.000000,0.248555,0.553692,0.567663
2,0.062954,-0.123249,10.000000,0.395753,0.450330,0.557800
2,0.070031,-0.413723,10.000000,0.687469,0.558360,0.269209
3,0.089304,-21.119429,13.000000,0.791674,0.683505,0.000000
3,0.076507,-0.467139,12.000000,0.552534,0.511215,0.346334
3,0.079275,-1.004773,11.000000,0.796071,0.426717,0.336319
3,0.070278,-0.792195,11.000000,0.750746,0.536785,0.267418
3,0.057146,-0.530161,11.000000,0.681076,0.434846,0.460714
3,0.093236,-1.270454,10.000000,0.825414,0.408640,0.347467
3,0.042048,-0.149427,10.000000,0.421525,0.427752,0.680091
3,0.046468,-0.868434,10.000000,0.966663,0.460793,0.540013
3,0.057151,-0.045753,10.000000,0.200071,0.784768,0.685127
3,0.059789,-0.532572,10.000000,0.667365,0.668635,0.320800
4,0.054706,-0.210125,11.000000,0.468491,0.424777,0.000000
4,0.081274,-0.264761,11.000000,0.431452,0.580607,0.331507
4,0.067604,-0.084830,11.000000,0.267776,0.669627,0.388066
4,0.089304,-0.979495,10.000000,0.791674,0.683505,0.573361
4,0.094183,-0.422354,10.000000,0.506212,0.444685,0.397348
4,0.067312,-0.401920,10.000000,0.584123,0.741552,0.431338
4,0.061216,-0.512570,10.000000,0.691713,0.583412,0.305592
4,0.058454,-0.852243,10.000000,0.912757,0.548693,0.471985
4,0.068819,-0.089121,10.000000,0.272031,0.451535,0.244198
4,0.051120,-0.152871,10.000000,0.413381,0.674969,0.319578
5,0.095669,-2.189753,13.000000,0.912317,0.579695,0.000000
5,0.085076,-10.436433,13.000000,0.431906,0.458350,0.514804
5,0.098804,-0.826153,11.000000,0.551413,0.463486,0.390301
5,0.081460,-0.955528,11.000000,0.653106,0.450487,0.336847
5,0.067041,-0.816613,11.000000,0.665537,0.507377,0.388625
5,0.054706,-0.330196,10.000000,0.468491,0.424777,0.634251
5,0.063590,-0.121228,10.000000,0.263294,0.789127,0.769850
5,0.079454,-0.660801,10.000000,0.549936,0.491131,0.412152
5,0.083735,-0.183290,10.000000,0.282130,0.766351,0.682507
5,0.067354,-0.784348,10.000000,0.650740,0.723582,0.425379
6,0.095669,-1.592547,12.000000,0.912317,0.579695,0.000000
6,0.083872,-0.399424,12.000000,0.487971,0.714720,0.471671
6,0.083101,-0.534392,11.000000,0.567038,0.745030,0.421576
6,0.075156,-0.589252,11.000000,0.626113,0.580558,0.352123
6,0.082686,-0.498331,11.000000,0.548945,0.501416,0.398083
6,0.067449,-0.328864,11.000000,0.493747,0.435055,0.536215
6,0.043535,-0.615792,10.000000,0.840977,0.456203,0.548374
6,0.068384,-0.663836,10.000000,0.696688,0.441039,0.388564
6,0.062623,-0.245382,10.000000,0.442629,0.539034,0.576536
6,0.068106,-0.326454,10.000000,0.489558,0.526612,0.509019
7,0.069931,-1.506095,12.000000,0.757836,0.785365,0.000000
7,0.095669,-2.986027,11.000000,0.912317,0.579695,0.395223
7,0.061313,-2.252721,11.000000,0.989833,0.436575,0.501333
7,0.048106,-0.173807,11.000000,0.310398,0.723014,0.503894
7,0.092365,-13.432255,11.000000,0.995454,0.472368,0.509766
7,0.041762,-0.560884,11.000000,0.598452,0.588507,0.406576
7,0.080766,-0.971562,11.000000,0.566378,0.714854,0.236988
7,0.054467,-0.278138,10.000000,0.369020,0.556020,0.507226
7,0.065661,-0.488992,10.000000,0.445637,0.615912,0.379681
7,0.075378,-0.860289,10.000000,0.551676,0.796844,0.213716
8,0.060108,-10.674927,13.000000,0.749284,0.418999,0.000000
8,0.066148,-11.302422,11.000000,0.992207,0.570514,0.313894
8,0.065494,-1.066252,11.000000,0.902221,0.621577,0.300686
8,0.084079,-1.361436,11.000000,0.899787,0.493355,0.297910
8,0.045770,-0.171165,11.000000,0.432412,0.402031,0.348446
8,0.086233,-1.111892,11.000000,0.802936,0.732274,0.473785
8,0.069931,-0.803252,10.000000,0.757836,0.785365,0.468452
8,0.047214,-0.679274,10.000000,0.848145,0.725316,0.415941
8,0.087300,-0.455714,10.000000,0.510886,0.482403,0.370210
8,0.062098,-0.534236,10.000000,0.655864,0.534477,0.173088
9,0.060108,-0.674926,11.000000,0.749284,0.418999,0.000000
9,0.054913,-10.283531,11.000000,0.508099,0.557662,0.301515
9,0.065364,-0.758356,11.000000,0.761643,0.478131,0.091536
9,0.086034,-1.186173,11.000000,0.830279,0.487832,0.284918
9,0.041227,-0.313349,10.000000,0.616465,0.500672,0.252413
9,0.060085,-0.130022,10.000000,0.328937,0.537888,0.445845
9,0.072045,-1.023386,10.000000,0.842758,0.643993,0.319505
9,0.084662,-0.832864,10.000000,0.701340,0.575325,0.317445
9,0.084645,-0.394423,10.000000,0.482688,0.601525,0.428175
9,0.062943,-0.270990,10.000000,0.463967,0.637964,0.396389
10,0.060108,-0.674926,11.000000,0.749284,0.418999,0.000000
10,0.054614,-0.444519,11.000000,0.637938,0.481393,0.146627
10,0.056378,-0.515192,10.000000,0.675954,0.464934,0.100329
10,0.094390,-1.302465,10.000000,0.830625,0.569895,0.399648
10,0.044100,-0.084564,10.000000,0.309644,0.734391,0.611830
10,0.067211,-0.100662,10.000000,0.273651,0.577018,0.519893
10,0.093597,-0.168889,10.000000,0.300369,0.549111,0.583205
10,0.085072,-0.744543,10.000000,0.661510,0.701780,0.441555
10,0.077064,-0.470459,10.000000,0.552483,0.421404,0.259790
10,0.098495,-0.972418,10.000000,0.702592,0.626396,0.465561
11,0.073976,-0.756024,11.000000,0.825425,0.744277,0.000000
11,0.047423,-0.520167,11.000000,0.855130,0.773291,0.269636
11,0.099801,-0.523790,10.000000,0.591516,0.697921,0.353220
11,0.060108,-0.506194,10.000000,0.749284,0.418999,0.436292
11,0.075165,-0.399150,10.000000,0.594996,0.526001,0.357329
11,0.083888,-0.996860,10.000000,0.890064,0.492680,0.336023
11,0.080121,-0.129238,10.000000,0.327926,0.457634,0.616169
11,0.063711,-0.211303,10.000000,0.470220,0.451136,0.520554
11,0.052366,-0.395652,10.000000,0.709718,0.405371,0.489438
11,0.047657,-0.285672,10.000000,0.632156,0.597859,0.374322
12,0.073976,-1.008033,13.000000,0.825425,0.744277,0.000000
12,0.093256,-0.182005,13.000000,0.312383,0.772382,0.549200
12,0.086564,-11.302170,12.000000,0.867259,0.660394,0.169091
12,0.062956,-0.449045,11.000000,0.597188,0.744940,0.253447
12,0.092291,-0.462202,11.000000,0.500403,0.449464,0.524395
12,0.059191,-0.082771,11.000000,0.264422,0.649816,0.592052
12,0.095567,-1.068407,11.000000,0.747650,0.410351,0.476339
12,0.041796,-0.093184,10.000000,0.333877,0.653738,0.598314
12,0.050140,-0.131372,10.000000,0.361946,0.515980,0.594190
12,0.052188,-0.342275,10.000000,0.572646,0.412739,0.532084
13,0.073976,-10.882030,12.000000,0.825425,0.744277,0.000000
13,0.046730,-10.535386,12.000000,0.809131,0.610237,0.320270
13,0.087890,-0.366611,11.000000,0.488218,0.632482,0.390638
13,0.096578,-0.533826,11.000000,0.562006,0.470175,0.487721
13,0.086275,-1.116574,11.000000,0.859969,0.639448,0.183004
13,0.056877,-0.283790,11.000000,0.533960,0.738418,0.337995
13,0.059792,-0.379997,10.000000,0.602627,0.485172,0.417918
13,0.042317,-0.121013,10.000000,0.404241,0.721152,0.527692
13,0.075699,-0.123161,10.000000,0.304913,0.522261,0.590125
13,0.053690,-0.099269,10.000000,0.325044,0.553486,0.590263
1,0.066632,9.314358,79.000000,0.952559,0.573869,0.000000
1,0.090601,28.572842,70.000000,0.879160,0.721913,0.311581
1,0.088698,11.850144,67.000000,0.945858,0.481914,0.248889
1,0.095946,21.715244,66.000000,0.919351,0.535544,0.298874
1,0.095425,17.114386,50.000000,0.624649,0.723751,0.474899
1,0.064851,15.931788,48.000000,0.899689,0.458510,0.154616
1,0.088148,16.718651,39.000000,0.433086,0.430473,0.590146
1,0.094616,14.934221,38.000000,0.381244,0.459980,0.651901
1,0.078031,10.986463,24.000000,0.705916,0.477562,0.297185
1,0.084047,17.202908,19.000000,0.349815,0.725381,0.655358
2,0.066632,16.674706,71.000000,0.952559,0.573869,0.000000
2,0.078692,26.372238,69.000000,0.915534,0.647342,0.156040
2,0.077648,18.153206,64.000000,0.949080,0.527623,0.124454
2,0.081370,24.079521,62.000000,0.935959,0.555116,0.150150
2,0.065820,8.892550,55.000000,0.926489,0.515471,0.077938
2,0.081007,15.225033,47.000000,0.789197,0.649338,0.237173
2,0.077371,17.958529,44.000000,0.692625,0.502107,0.295204
2,0.080562,16.033939,38.000000,0.666119,0.517136,0.326314
2,0.075424,16.239792,35.000000,0.651398,0.650234,0.327931
2,0.072351,11.260574,15.000000,0.829710,0.526461,0.147898
3,0.066632,16.977005,71.000000,0.952559,0.573869,0.000000
3,0.072728,24.824875,68.000000,0.934423,0.609513,0.077654
3,0.073487,21.595150,61.000000,0.809006,0.545792,0.162906
3,0.074036,14.699772,57.000000,0.944203,0.565685,0.075206
3,0.071961,22.740528,56.000000,0.951788,0.550767,0.060616
3,0.073902,21.204170,56.000000,0.869845,0.612678,0.120335
3,0.071893,11.560787,44.000000,0.823754,0.537671,0.146306
3,0.066217,17.079773,42.000000,0.939155,0.544601,0.039184
3,0.069641,11.228165,31.000000,0.892207,0.550099,0.073693
3,0.071203,9.712841,14.000000,0.801517,0.612419,0.165000
4,0.069335,21.537067,71.000000,0.942245,0.593550,0.000000
4,0.066632,23.616657,66.000000,0.952559,0.573869,0.037976
4,0.070061,15.440817,57.000000,0.947403,0.572746,0.027487
4,0.070428,18.046005,54.000000,0.879984,0.557486,0.077640
4,0.069924,15.773119,53.000000,0.913121,0.592232,0.029758
4,0.066588,19.696640,48.000000,0.944141,0.557041,0.053301
4,0.069521,13.402374,47.000000,0.955080,0.561493,0.042118
4,0.069270,6.048369,46.000000,0.887046,0.554992,0.073282
4,0.068058,11.812687,31.000000,0.921212,0.561097,0.047447
4,0.069202,12.152226,27.000000,0.875742,0.591737,0.066555
5,0.068606,19.137451,73.000000,0.941254,0.578845,0.000000
5,0.067780,15.111206,63.000000,0.949521,0.581280,0.012072
5,0.069335,21.075388,61.000000,0.942245,0.593550,0.019800
5,0.069630,21.326712,52.000000,0.915945,0.576327,0.027483
5,0.069826,15.265647,50.000000,0.920610,0.574187,0.024679
5,0.069212,15.050476,47.000000,0.945469,0.575212,0.008668
5,0.069455,15.070819,46.000000,0.941866,0.581520,0.009152
5,0.070155,15.217175,44.000000,0.923140,0.594534,0.030867
5,0.069570,9.408997,34.000000,0.908235,0.587875,0.036203
5,0.068645,5.220215,30.000000,0.932941,0.577770,0.008430
6,0.067787,21.754396,66.000000,0.945907,0.571628,0.000000
6,0.068414,15.854111,65.000000,0.930436,0.588761,0.027155
6,0.069919,19.790398,59.000000,0.927413,0.586665,0.033912
6,0.068606,19.745270,57.000000,0.941254,0.578845,0.013041
6,0.067192,14.053528,55.000000,0.916000,0.561750,0.032898
6,0.068488,13.644386,49.000000,0.953165,0.575748,0.011330
6,0.067505,13.693199,48.000000,0.954686,0.578309,0.012440
6,0.069213,13.813416,43.000000,0.929580,0.582097,0.025323
6,0.069452,15.812481,36.000000,0.928085,0.568650,0.024670
6,0.067653,10.050804,22.000000,0.913194,0.581948,0.035190
7,0.067787,16.996254,82.000000,0.945907,0.571628,0.000000
7,0.066706,17.065371,76.000000,0.946930,0.581638,0.016566
7,0.066970,17.207926,71.000000,0.931309,0.566867,0.017754
7,0.068923,20.950951,62.000000,0.942316,0.561987,0.016944
7,0.067459,15.095268,58.000000,0.938777,0.590622,0.025007
7,0.066122,20.935268,39.000000,0.963561,0.584452,0.029083
7,0.069091,17.018541,37.000000,0.934848,0.578892,0.019361
7,0.067341,11.159784,36.000000,0.933398,0.577358,0.015089
7,0.067760,7.052722,25.000000,0.940736,0.577565,0.009050
7,0.069297,6.975552,14.000000,0.937475,0.565614,0.018858
8,0.066188,22.950077,88.000000,0.959997,0.562976,0.000000
8,0.067787,18.967419,75.000000,0.945907,0.571628,0.023900
8,0.065372,24.972046,68.000000,0.962487,0.580059,0.022996
8,0.068388,15.070640,55.000000,0.925572,0.566843,0.041143
8,0.068997,19.003441,47.000000,0.931992,0.590872,0.052815
8,0.067357,14.960812,43.000000,0.949955,0.558921,0.016224
8,0.069964,12.956978,40.000000,0.932676,0.568398,0.047099
8,0.069382,8.883144,39.000000,0.947875,0.564016,0.034187
8,0.066268,13.071590,27.000000,0.940112,0.574711,0.024723
8,0.070460,18.788788,18.000000,0.954724,0.576344,0.046176
9,0.067736,11.801132,68.000000,0.941038,0.561047,0.000000
9,0.066483,17.739656,66.000000,0.956795,0.568018,0.021936
9,0.066188,15.730112,64.000000,0.959997,0.562976,0.024594
9,0.067452,15.608291,62.000000,0.964425,0.567480,0.024892
9,0.067173,25.782654,61.000000,0.947049,0.563600,0.008830
9,0.068137,7.732372,53.000000,0.945919,0.565403,0.008339
9,0.068332,19.646469,45.000000,0.954022,0.557344,0.015019
9,0.067250,17.714828,41.000000,0.954087,0.579872,0.027341
9,0.065838,19.878708,20.000000,0.945645,0.570767,0.022996
9,0.068273,5.691872,20.000000,0.949446,0.567967,0.013205
10,0.067938,19.188053,68.000000,0.933470,0.553559,0.000000
10,0.067736,15.150768,67.000000,0.941038,0.561047,0.012207
10,0.068958,28.946667,67.000000,0.965493,0.569088,0.038810
10,0.065648,27.260067,63.000000,0.937373,0.576780,0.037178
10,0.067732,17.086035,60.000000,0.951699,0.579319,0.037060
10,0.069258,15.027495,48.000000,0.950563,0.556271,0.021857
10,0.067675,11.070280,44.000000,0.954668,0.564711,0.025507
10,0.066653,13.217377,39.000000,0.937501,0.558402,0.014770
10,0.067309,7.129949,24.000000,0.947459,0.551050,0.015655
10,0.067263,17.166079,20.000000,0.941798,0.559001,0.012697
11,0.067697,16.841885,75.000000,0.942645,0.558837,0.000000
11,0.069636,20.680578,63.000000,0.952871,0.561096,0.022103
11,0.065667,20.914135,63.000000,0.946094,0.558834,0.020590
11,0.068290,20.847324,59.000000,0.937738,0.563434,0.009604
11,0.069057,22.697636,52.000000,0.954400,0.568781,0.021852
11,0.067938,14.892048,47.000000,0.933470,0.553559,0.011555
11,0.096296,9.181085,45.000000,0.976315,0.615365,0.296510
11,0.067663,12.928615,40.000000,0.929847,0.566825,0.016236
11,0.073413,18.961592,38.000000,0.519061,0.685752,0.455916
11,0.041778,13.614577,18.000000,0.419200,0.506325,0.587779
12,0.068488,21.082529,64.000000,0.947000,0.558534,0.000000
12,0.068110,25.130360,64.000000,0.941809,0.562582,0.008177
12,0.067776,15.160118,61.000000,0.939217,0.557756,0.010594
12,0.066582,19.187950,60.000000,0.942940,0.559484,0.019520
12,0.067697,11.142669,56.000000,0.942645,0.558837,0.009036
12,0.067676,19.172548,52.000000,0.937846,0.561553,0.012802
12,0.081942,20.402596,48.000000,0.961383,0.588880,0.140518
12,0.068156,11.077782,45.000000,0.950071,0.562363,0.006585
12,0.070627,14.207226,25.000000,0.731022,0.622332,0.231222
12,0.054875,16.794888,25.000000,0.679957,0.530511,0.301781
1,0.041266,20.503902,89.000000,0.849135,0.738461,0.000000
1,0.066730,22.128103,69.000000,0.488609,0.416513,0.597307
1,0.048389,16.286888,66.000000,0.808118,0.493106,0.317518
1,0.082551,22.406736,60.000000,0.608649,0.552329,0.531420
1,0.077745,16.361563,50.000000,0.631109,0.569821,0.474382
1,0.090774,15.208207,41.000000,0.272463,0.550036,0.795691
1,0.068766,16.800625,40.000000,0.385279,0.498466,0.617076
1,0.065464,14.908388,34.000000,0.376717,0.687544,0.534584
1,0.042035,19.745129,28.000000,0.227169,0.558242,0.661550
1,0.053063,15.287140,23.000000,0.338129,0.464016,0.626682
2,0.041266,27.024607,90.000000,0.849135,0.738461,0.000000
2,0.044821,22.924660,64.000000,0.828340,0.615619,0.158979
2,0.059470,22.743464,63.000000,0.739997,0.653742,0.237199
2,0.054032,15.582169,60.000000,0.668941,0.578048,0.298283
2,0.066003,17.920822,50.000000,0.561260,0.643798,0.397575
2,0.047182,16.335712,40.000000,0.593923,0.601024,0.313283
2,0.055041,13.904205,35.000000,0.617063,0.618849,0.308524
2,0.061927,10.712379,33.000000,0.728621,0.645643,0.265839
2,0.041688,16.793320,33.000000,0.538011,0.648816,0.330715
2,0.053372,11.993774,32.000000,0.613106,0.712543,0.267233
3,0.043104,19.878981,68.000000,0.838432,0.676252,0.000000
3,0.041266,25.917219,63.000000,0.849135,0.738461,0.080617
3,0.053604,12.129944,60.000000,0.705956,0.690950,0.170040
3,0.050262,25.778526,57.000000,0.794607,0.696056,0.087510
3,0.041475,16.598989,55.000000,0.694675,0.692932,0.146172
3,0.044161,14.391605,54.000000,0.721322,0.668764,0.117957
3,0.047768,18.076530,46.000000,0.758449,0.657850,0.095404
3,0.048024,14.193977,38.000000,0.732963,0.678502,0.116416
3,0.051690,17.753967,31.000000,0.787870,0.690965,0.101330
3,0.047196,16.239117,28.000000,0.730070,0.724814,0.130773
4,0.042054,25.694616,71.000000,0.841043,0.710090,0.000000
4,0.043104,17.651711,67.000000,0.838432,0.676252,0.043660
4,0.043934,11.933808,56.000000,0.778994,0.672290,0.080227
4,0.048611,13.765471,51.000000,0.770149,0.683088,0.102298
4,0.045379,21.742737,49.000000,0.801152,0.666857,0.074949
4,0.046569,19.585693,43.000000,0.817893,0.688134,0.057688
4,0.042426,24.062725,41.000000,0.767595,0.686015,0.079461
4,0.045410,11.838465,41.000000,0.783711,0.677635,0.077841
4,0.047110,15.574835,41.000000,0.815013,0.684937,0.064983
4,0.045066,15.838524,40.000000,0.786684,0.701406,0.063087
5,0.042250,18.296383,73.000000,0.837414,0.695022,0.000000
5,0.045416,24.292574,66.000000,0.808596,0.699301,0.043147
5,0.044200,18.315737,54.000000,0.814067,0.693306,0.030497
5,0.042054,14.289569,52.000000,0.841043,0.710090,0.019282
5,0.042726,20.399872,52.000000,0.807041,0.701745,0.031873
5,0.043314,24.375267,48.000000,0.807692,0.691835,0.031819
5,0.043216,18.334900,47.000000,0.818592,0.692355,0.021416
5,0.044600,18.242695,46.000000,0.827798,0.703082,0.027317
5,0.044763,12.231333,31.000000,0.828946,0.694995,0.026524
5,0.043487,14.359891,31.000000,0.809886,0.702854,0.031727
6,0.042250,28.000103,68.000000,0.837414,0.695022,0.000000
6,0.041511,24.152302,63.000000,0.812050,0.697555,0.026608
6,0.043146,15.976112,61.000000,0.833621,0.711929,0.023269
6,0.042781,13.999518,59.000000,0.832316,0.689880,0.009775
6,0.041461,16.062790,55.000000,0.831982,0.696313,0.009712
6,0.042487,17.959419,49.000000,0.843522,0.709754,0.019546
6,0.043443,15.962996,43.000000,0.833461,0.687516,0.015681
6,0.043430,13.996325,42.000000,0.826734,0.704175,0.019604
6,0.043135,22.038219,37.000000,0.820844,0.690416,0.019647
6,0.043505,11.930227,23.000000,0.839533,0.688283,0.015266
7,0.042525,23.273037,65.000000,0.832619,0.697534,0.000000
7,0.044043,17.105352,64.000000,0.842926,0.699609,0.018528
7,0.042250,21.259399,62.000000,0.837414,0.695022,0.006358
7,0.041351,19.301401,59.000000,0.839947,0.714074,0.024877
7,0.040601,15.429489,58.000000,0.827311,0.700864,0.020385
7,0.044026,17.189898,46.000000,0.830683,0.684648,0.022105
7,0.041285,13.313187,45.000000,0.838791,0.708104,0.019143
7,0.041738,17.200624,39.000000,0.851524,0.695007,0.020721
7,0.041494,19.244743,33.000000,0.847256,0.685383,0.023478
7,0.042286,9.281782,29.000000,0.833625,0.689865,0.009931
8,0.043081,18.892090,80.000000,0.849363,0.701644,0.000000
8,0.040839,13.037392,61.000000,0.851727,0.686577,0.029377
8,0.042525,23.051937,53.000000,0.832619,0.697534,0.018376
8,0.042564,15.069931,52.000000,0.829691,0.706520,0.021232
8,0.043725,15.069473,50.000000,0.818670,0.683420,0.038761
8,0.041757,15.186026,49.000000,0.820914,0.697748,0.031756
8,0.040995,27.248602,49.000000,0.819247,0.687122,0.040887
8,0.041383,17.030155,46.000000,0.847145,0.704585,0.017516
8,0.040609,11.075462,31.000000,0.848624,0.709579,0.026642
8,0.042802,14.881129,29.000000,0.853627,0.677299,0.030856
9,0.043518,19.305880,77.000000,0.841144,0.706430,0.000000
9,0.042146,23.381256,70.000000,0.842685,0.700189,0.015860
9,0.043081,25.280579,64.000000,0.849363,0.701644,0.011064
9,0.042819,15.250204,56.000000,0.856702,0.713578,0.019254
9,0.043003,23.355953,50.000000,0.838266,0.694040,0.016574
9,0.042625,11.426176,45.000000,0.830715,0.708539,0.013977
9,0.042632,15.461090,45.000000,0.824998,0.703178,0.018859
9,0.042799,17.368832,40.000000,0.838207,0.685522,0.027263
9,0.042406,9.377076,27.000000,0.840769,0.681865,0.032660
9,0.042883,13.295866,26.000000,0.848916,0.706270,0.010034
10,0.044544,22.179031,70.000000,0.825432,0.711751,0.000000
10,0.043518,22.152603,65.000000,0.841144,0.706430,0.019910
10,0.043912,16.102249,65.000000,0.848700,0.693670,0.033048
10,0.043020,14.157776,58.000000,0.844815,0.694683,0.032607
10,0.044563,22.073914,56.000000,0.848737,0.706696,0.024148
10,0.043062,16.241638,49.000000,0.824960,0.713626,0.015013
10,0.041734,20.193979,45.000000,0.849259,0.699327,0.039979
10,0.042374,20.182079,39.000000,0.845600,0.690739,0.039592
10,0.043528,18.066092,32.000000,0.860509,0.709068,0.036671
10,0.043500,10.184166,21.000000,0.834102,0.680079,0.041852
11,0.098881,11.158327,73.000000,0.934005,0.712477,0.000000
11,0.043266,28.817039,68.000000,0.847190,0.703015,0.563005
11,0.044544,22.889162,58.000000,0.825432,0.711751,0.554110
11,0.042976,18.961645,57.000000,0.830509,0.701161,0.568724
11,0.044062,8.805594,51.000000,0.841012,0.716878,0.556048
11,0.077611,15.915225,49.000000,0.874577,0.662550,0.229488
11,0.043327,13.042583,47.000000,0.816049,0.721562,0.568039
11,0.042942,12.905457,39.000000,0.838488,0.694026,0.567954
11,0.043575,16.914177,33.000000,0.831202,0.692208,0.563105
11,0.095382,13.509287,25.000000,0.224038,0.513314,0.753163
12,0.071099,21.773748,73.000000,0.890259,0.707909,0.000000
12,0.071725,15.841478,72.000000,0.879233,0.712223,0.013778
12,0.098881,19.530483,71.000000,0.934005,0.712477,0.281299
12,0.088191,8.584255,53.000000,0.904871,0.687427,0.173442
12,0.070963,17.815353,52.000000,0.886716,0.703255,0.006947
12,0.070944,15.855637,47.000000,0.882556,0.707414,0.007882
12,0.071060,15.915260,45.000000,0.875464,0.716907,0.018589
12,0.071532,15.770594,39.000000,0.887891,0.714086,0.009163
12,0.097070,15.558649,30.000000,0.579086,0.612722,0.422414
12,0.071200,9.836325,18.000000,0.883014,0.702573,0.009900
13,0.085302,19.399784,73.000000,0.910865,0.707131,0.000000
13,0.071335,20.374393,61.000000,0.884269,0.709178,0.142203
13,0.080014,17.788588,56.000000,0.899857,0.696498,0.055621
13,0.071004,10.355354,55.000000,0.888645,0.703086,0.144779
13,0.070773,20.413078,53.000000,0.883019,0.714697,0.148230
13,0.071099,18.337246,52.000000,0.890259,0.707909,0.143517
13,0.071122,16.351585,52.000000,0.888369,0.712127,0.143706
13,0.070738,18.372852,48.000000,0.888176,0.706840,0.147390
13,0.070995,12.352255,29.000000,0.889078,0.703364,0.144787
13,0.083789,9.053596,21.000000,0.735521,0.657961,0.186418
14,0.082606,26.951609,63.000000,0.905571,0.701616,0.000000
14,0.085302,16.815235,58.000000,0.910865,0.707131,0.028322
14,0.078307,21.169716,58.000000,0.896211,0.709584,0.045115
14,0.078331,13.144550,57.000000,0.900045,0.707326,0.043692
14,0.077999,15.148073,57.000000,0.901399,0.709174,0.047209
14,0.078319,17.133625,54.000000,0.901836,0.706429,0.043455
14,0.077795,17.183208,52.000000,0.897002,0.710536,0.050120
14,0.078255,13.149271,35.000000,0.899738,0.706977,0.044412
14,0.078234,17.134697,35.000000,0.902158,0.705477,0.044121
14,0.084580,13.430418,31.000000,0.821656,0.684649,0.088776
15,0.080002,16.199200,71.000000,0.910309,0.699960,0.000000
15,0.082606,18.072571,68.000000,0.905571,0.701616,0.026545
15,0.083458,15.893476,61.000000,0.914450,0.709122,0.036637
15,0.080198,8.301772,53.000000,0.901125,0.701691,0.009635
15,0.080960,12.326372,52.000000,0.894934,0.706712,0.019982
15,0.081038,12.264117,52.000000,0.899396,0.708446,0.018409
15,0.079915,14.351473,50.000000,0.898774,0.711568,0.018557
15,0.080058,20.328775,43.000000,0.899769,0.703189,0.011300
15,0.079843,10.253173,25.000000,0.906971,0.702271,0.004695
15,0.083170,14.601508,25.000000,0.861288,0.691363,0.059347
16,0.080002,20.353783,70.000000,0.910309,0.699960,0.000000
16,0.083067,22.128204,70.000000,0.920578,0.690858,0.034263
16,0.079918,18.399101,58.000000,0.905110,0.711760,0.015662
16,0.080177,12.353132,51.000000,0.909396,0.693391,0.008445
16,0.080380,12.495235,49.000000,0.890377,0.711329,0.024769
16,0.080068,18.316563,47.000000,0.914569,0.716616,0.021262
16,0.078896,18.410347,43.000000,0.909531,0.712749,0.019457
16,0.081152,10.391569,42.000000,0.899143,0.695574,0.016938
16,0.079675,16.302422,40.000000,0.918579,0.715181,0.021003
16,0.080290,14.354971,30.000000,0.908528,0.691829,0.010711
17,0.081177,21.408743,64.000000,0.922618,0.703417,0.000000
17,0.078764,17.588816,64.000000,0.903516,0.710879,0.032162
17,0.078567,17.604828,55.000000,0.901638,0.693863,0.035555
17,0.080002,17.513943,53.000000,0.910309,0.699960,0.017557
17,0.081852,15.383495,51.000000,0.923273,0.694782,0.012746
17,0.081384,17.542276,50.000000,0.897388,0.682323,0.036553
17,0.079200,23.601772,47.000000,0.898600,0.718940,0.036664
17,0.080868,15.529850,45.000000,0.902523,0.691292,0.025360
17,0.081394,19.488983,38.000000,0.907010,0.683660,0.029295
17,0.079073,9.509537,33.000000,0.916452,0.706700,0.022307
18,0.081177,15.408743,65.000000,0.922618,0.703417,0.000000
18,0.079283,17.464876,65.000000,0.923410,0.695197,0.021569
18,0.080577,21.480007,59.000000,0.913231,0.717972,0.021336
18,0.080168,15.474833,51.000000,0.916492,0.692841,0.017726
18,0.082059,13.387786,48.000000,0.921353,0.707676,0.010374
18,0.081446,19.388950,47.000000,0.924603,0.691404,0.015384
18,0.081497,25.413750,46.000000,0.919917,0.707246,0.006358
18,0.080494,15.467136,45.000000,0.916026,0.682505,0.027811
18,0.080443,15.513714,41.000000,0.907853,0.715192,0.022104
18,0.079969,15.435734,33.000000,0.924709,0.697147,0.014553
19,0.081177,18.890491,69.000000,0.922618,0.703417,0.000000
19,0.080097,12.989660,68.000000,0.913892,0.683524,0.028484
19,0.082116,14.744693,63.000000,0.938587,0.690532,0.024548
19,0.081833,20.856434,57.000000,0.923932,0.703933,0.006720
19,0.079719,14.903812,52.000000,0.929023,0.722444,0.028624
19,0.082452,22.912704,49.000000,0.912182,0.690363,0.023189
19,0.081963,22.828522,45.000000,0.927291,0.690825,0.018202
19,0.079088,23.060890,44.000000,0.908755,0.718260,0.031195
19,0.079557,9.046274,32.000000,0.908324,0.684132,0.032375
19,0.080103,9.008234,21.000000,0.911032,0.720681,0.026746
20,0.081177,14.372240,74.000000,0.922618,0.703417,0.000000
20,0.082456,18.163797,63.000000,0.941367,0.686793,0.030771
20,0.081006,16.514561,58.000000,0.905294,0.705903,0.017683
20,0.080589,14.347710,55.000000,0.929106,0.694701,0.013979
20,0.081677,18.421947,53.000000,0.913470,0.685844,0.024314
20,0.078605,22.442816,51.000000,0.928426,0.712403,0.028661
20,0.081286,12.412835,44.000000,0.916831,0.705582,0.006480
20,0.081819,18.409206,43.000000,0.914300,0.710754,0.013945
20,0.082188,20.466167,39.000000,0.904981,0.712138,0.023065
20,0.080737,8.349810,20.000000,0.927986,0.690604,0.017456
21,0.081177,25.162987,86.000000,0.922618,0.703417,0.000000
21,0.082981,22.949257,70.000000,0.932479,0.693307,0.024130
21,0.079824,17.300819,61.000000,0.917055,0.709357,0.016407
21,0.083222,17.071669,56.000000,0.919775,0.715079,0.025269
21,0.081241,11.239811,52.000000,0.914906,0.715581,0.017061
21,0.080219,9.096764,48.000000,0.934449,0.722996,0.028824
21,0.079960,9.210278,38.000000,0.925060,0.718458,0.022531
21,0.049059,17.980185,37.000000,0.766920,0.765726,0.365335
21,0.059668,17.862816,31.000000,0.995253,0.596342,0.263546
21,0.079217,9.354305,21.000000,0.690734,0.413984,0.430172
22,0.081996,16.291803,66.000000,0.928123,0.698698,0.000000
22,0.081177,22.372240,64.000000,0.922618,0.703417,0.011495
22,0.082331,16.346565,60.000000,0.919369,0.707968,0.014903
22,0.081258,10.413336,57.000000,0.916922,0.708629,0.018277
22,0.080541,18.423910,53.000000,0.919639,0.707916,0.020411
22,0.080872,18.334036,49.000000,0.929210,0.713898,0.022102
22,0.080851,16.375759,47.000000,0.924032,0.712716,0.021330
22,0.065050,21.566654,42.000000,0.844112,0.736407,0.194929
22,0.070327,12.592258,34.000000,0.960710,0.652042,0.134459
22,0.079984,13.269477,28.000000,0.806381,0.560229,0.212567
23,0.081996,21.938646,64.000000,0.928123,0.698698,0.000000
23,0.081437,15.976714,64.000000,0.926926,0.706113,0.010890
23,0.081927,25.939659,58.000000,0.928394,0.701163,0.003169
23,0.082070,17.983265,56.000000,0.922592,0.700174,0.005878
23,0.082595,11.973504,55.000000,0.920773,0.707805,0.014816
23,0.081184,11.998729,51.000000,0.925825,0.704096,0.010802
23,0.081342,9.967538,48.000000,0.928523,0.702574,0.008148
23,0.073732,18.680607,47.000000,0.884849,0.720116,0.097055
23,0.081450,14.489404,29.000000,0.865787,0.631715,0.104528
23,0.076269,12.060474,28.000000,0.947796,0.678531,0.065595
24,0.077208,18.658453,66.000000,0.915743,0.708362,0.000000
24,0.081760,14.263186,63.000000,0.922227,0.699706,0.047231
24,0.081996,16.172836,62.000000,0.928123,0.698698,0.050905
24,0.080655,14.179014,57.000000,0.935307,0.706530,0.039701
24,0.082640,16.139233,54.000000,0.927161,0.695379,0.057828
24,0.081754,14.203688,48.000000,0.927031,0.701604,0.047591
24,0.081015,10.312987,47.000000,0.922428,0.707383,0.038666
24,0.082376,12.100306,41.000000,0.931723,0.690959,0.058301
24,0.078372,20.388613,38.000000,0.931594,0.696148,0.024896
24,0.081510,6.477897,24.000000,0.906193,0.657230,0.077630
25,0.079651,21.114887,63.000000,0.923194,0.707773,0.000000
25,0.080483,11.062156,58.000000,0.926760,0.698702,0.014513
25,0.078889,19.199497,57.000000,0.913934,0.700101,0.015353
25,0.077208,23.248297,56.000000,0.915743,0.708362,0.025544
25,0.080021,15.142359,51.000000,0.916660,0.709191,0.007714
25,0.078591,13.153740,49.000000,0.923113,0.707258,0.010612
25,0.079164,19.159025,45.000000,0.918914,0.709146,0.006705
25,0.079958,13.155426,44.000000,0.914918,0.688824,0.025279
25,0.080427,21.120331,43.000000,0.917860,0.704139,0.010456
25,0.077630,15.198162,34.000000,0.921538,0.705667,0.020447
26,0.100000,18.000000,93.000000,1.000000,0.800000,0.000000
26,0.079651,20.569206,87.000000,0.923194,0.707773,0.246168
26,0.092929,24.565674,83.000000,1.000000,0.800000,0.070710
26,0.100000,20.930786,64.000000,0.619395,0.800000,0.380605
26,0.090993,8.720581,51.000000,1.000000,0.400000,0.508048
26,0.040000,18.799988,44.000000,1.000000,0.800000,0.600000
26,0.040000,13.313477,31.000000,0.463182,0.662153,0.823325
26,0.040000,11.872009,22.000000,0.200000,0.419607,1.107291
26,0.044718,17.856907,22.000000,0.200000,0.800000,0.972427
26,0.040000,9.872009,3.000000,0.200000,0.400000,1.118034
27,0.100000,24.500000,85.000000,1.000000,0.800000,0.000000
27,0.098710,16.570934,70.000000,1.000000,0.800000,0.012897
27,0.100000,24.898132,70.000000,0.963127,0.800000,0.036873
27,0.086568,21.238735,69.000000,1.000000,0.800000,0.134316
27,0.100000,17.251825,55.000000,0.929143,0.800000,0.070857
27,0.100000,12.500000,53.000000,1.000000,0.800000,0.000000
27,0.040000,11.799992,38.000000,1.000000,0.763385,0.601743
27,0.061119,12.843998,34.000000,0.586423,0.800000,0.567643
27,0.100000,9.779995,17.000000,0.200000,0.800000,0.800000
27,0.058508,13.871283,9.000000,0.200000,0.800000,0.901197
28,0.093831,15.443950,80.000000,1.000000,0.800000,0.000000
28,0.100000,8.750000,79.000000,1.000000,0.800000,0.061686
28,0.040000,19.499983,56.000000,1.000000,0.748931,0.542086
28,0.044670,14.974596,55.000000,1.000000,0.632543,0.534319
28,0.100000,13.432922,53.000000,0.764030,0.800000,0.243900
28,0.086703,14.245961,50.000000,1.000000,0.800000,0.071289
28,0.100000,12.078267,46.000000,0.590424,0.800000,0.414196
28,0.100000,16.888954,35.000000,0.674029,0.400000,0.600052
28,0.040000,10.131509,27.000000,0.644374,0.800000,0.645176
28,0.100000,13.766643,19.000000,0.445554,0.400000,0.749143
29,0.100000,26.750000,75.000000,1.000000,0.748823,0.000000
29,0.093831,15.197224,71.000000,1.000000,0.800000,0.088868
29,0.088593,15.576994,62.000000,1.000000,0.800000,0.130783
29,0.077105,14.776285,60.000000,0.966670,0.642494,0.266819
29,0.094698,12.373163,54.000000,0.905301,0.620547,0.193622
29,0.095085,10.861025,51.000000,0.863403,0.429323,0.424941
29,0.100000,8.750000,42.000000,1.000000,0.602312,0.183138
29,0.086351,17.739552,41.000000,1.000000,0.589648,0.241285
29,0.096152,7.028944,27.000000,1.000000,0.614526,0.172223
29,0.100000,12.594051,17.000000,0.440370,0.400000,0.709441
30,0.094353,20.215891,85.000000,1.000000,0.773614,0.000000
30,0.100000,15.750000,69.000000,1.000000,0.748823,0.064414
30,0.097496,25.032135,62.000000,0.930742,0.589342,0.242572
30,0.088518,12.939782,57.000000,0.983257,0.696695,0.113710
30,0.096969,16.000071,55.000000,1.000000,0.774316,0.026175
30,0.100000,9.750000,49.000000,1.000000,0.676515,0.133867
30,0.097252,6.718247,40.000000,0.952666,0.685072,0.123817
30,0.093122,6.317454,31.000000,1.000000,0.668811,0.131580
30,0.097944,1.919642,29.000000,1.000000,0.680907,0.121319
30,0.099908,11.723655,23.000000,0.720293,0.573230,0.379555
31,0.097317,23.377460,98.000000,1.000000,0.762391,0.000000
31,0.094353,17.518236,68.000000,1.000000,0.773614,0.032788
31,0.096090,11.748965,64.000000,0.965078,0.682271,0.106771
31,0.093614,23.553329,61.000000,1.000000,0.719516,0.065140
31,0.095848,15.456240,59.000000,0.999008,0.775620,0.022138
31,0.097131,23.406265,52.000000,0.997831,0.723525,0.048667
31,0.097385,12.575428,46.000000,0.860419,0.674605,0.177552
31,0.062320,13.543417,28.000000,0.392734,0.724755,0.702469
31,0.069169,15.575507,16.000000,0.359442,0.451737,0.800207
31,0.083269,11.788814,8.000000,0.231072,0.424756,0.888315
32,0.097317,13.187851,79.000000,1.000000,0.762391,0.000000
32,0.096719,15.454366,63.000000,0.983269,0.723375,0.051905
32,0.095377,23.323692,59.000000,0.999993,0.740193,0.033853
32,0.097229,17.195465,59.000000,0.999892,0.742399,0.025005
32,0.097322,8.095619,57.000000,0.930965,0.717851,0.088688
32,0.095828,21.298859,52.000000,0.999491,0.768599,0.016793
32,0.096682,7.244413,44.000000,0.999103,0.768714,0.010178
32,0.079752,15.296974,37.000000,0.695832,0.744367,0.351960
32,0.090409,13.604939,29.000000,0.615183,0.593467,0.444345
32,0.083309,11.301300,21.000000,0.680271,0.606711,0.399644
33,0.096393,23.493484,65.000000,1.000000,0.751229,0.000000
33,0.097317,15.431134,64.000000,1.000000,0.762391,0.016733
33,0.097187,11.439900,64.000000,1.000000,0.750754,0.007959
33,0.097197,13.885748,64.000000,0.965367,0.740690,0.037916
33,0.097204,13.446724,59.000000,0.999392,0.766276,0.020491
33,0.096840,13.574183,56.000000,0.991485,0.741465,0.015538
33,0.096451,13.505301,44.000000,0.998791,0.763896,0.015890
33,0.088469,17.701056,43.000000,0.848463,0.755024,0.171068
33,0.090483,7.679591,30.000000,0.841059,0.682505,0.190089
33,0.093951,11.869158,11.000000,0.807077,0.676784,0.215580
34,0.096393,18.939377,68.000000,1.000000,0.751229,0.000000
34,0.097191,18.897480,67.000000,1.000000,0.756547,0.010385
34,0.096410,10.999298,65.000000,0.993973,0.742199,0.012796
34,0.096534,16.973743,60.000000,0.995871,0.748688,0.005396
34,0.096430,10.955218,50.000000,0.998240,0.759926,0.011019
34,0.092637,23.827101,50.000000,0.926291,0.757135,0.083057
34,0.095944,8.962949,45.000000,1.000000,0.755554,0.007028
34,0.096303,11.132579,44.000000,0.981184,0.747077,0.019539
34,0.094773,9.945922,30.000000,0.902661,0.710109,0.111263
34,0.093755,21.860466,21.000000,0.917063,0.714216,0.098565
35,0.095969,17.762009,69.000000,1.000000,0.756687,0.000000
35,0.096873,23.703230,66.000000,1.000000,0.744654,0.017549
35,0.096393,13.734467,64.000000,1.000000,0.751229,0.008031
35,0.096894,19.798389,64.000000,0.992308,0.761814,0.013632
35,0.094969,4.339626,54.000000,0.957578,0.760932,0.043906
35,0.096795,15.861014,50.000000,0.987790,0.746929,0.019135
35,0.096275,5.778429,49.000000,0.997094,0.748434,0.011146
35,0.096794,13.723095,47.000000,0.998830,0.753228,0.009387
35,0.095563,14.305161,20.000000,0.957499,0.726027,0.057372
35,0.094771,10.257925,17.000000,0.965475,0.736059,0.044727
36,0.095969,22.721687,69.000000,1.000000,0.756687,0.000000
36,0.096751,18.678709,68.000000,1.000000,0.749976,0.011467
36,0.095180,16.891850,65.000000,0.987819,0.747577,0.018447
36,0.097284,10.649363,58.000000,1.000000,0.757615,0.013203
36,0.096515,14.802418,57.000000,0.989514,0.762611,0.013950
36,0.096959,22.675568,50.000000,0.999222,0.758249,0.010117
36,0.095018,12.773989,47.000000,1.000000,0.749711,0.012900
36,0.096278,14.959354,41.000000,0.975661,0.769690,0.029430
36,0.095327,6.958895,32.000000,0.980558,0.743649,0.026169
36,0.094280,6.965586,13.000000,0.985333,0.737440,0.032851
37,0.097421,19.962746,72.000000,1.000000,0.759665,0.000000
37,0.094794,14.359504,68.000000,0.988422,0.765979,0.029772
37,0.095969,18.082531,64.000000,1.000000,0.756687,0.014990
37,0.095445,18.265049,61.000000,0.991120,0.769185,0.024721
37,0.097231,11.978461,54.000000,1.000000,0.753070,0.008461
37,0.094426,14.401542,45.000000,0.987620,0.741368,0.039667
37,0.097126,6.388363,43.000000,0.974641,0.759132,0.025539
37,0.096857,14.009323,39.000000,1.000000,0.767408,0.011205
37,0.094310,2.427167,27.000000,0.986559,0.762323,0.034052
37,0.095749,2.293731,27.000000,0.987705,0.762738,0.021106
38,0.097421,13.911171,84.000000,1.000000,0.759665,0.000000
38,0.096690,14.109869,65.000000,0.987263,0.763736,0.015546
38,0.097438,17.920088,63.000000,0.999185,0.745413,0.017834
38,0.095145,18.053417,62.000000,1.000000,0.770976,0.026795
38,0.097648,14.184923,56.000000,0.976124,0.760637,0.024014
38,0.095327,20.213291,49.000000,0.985528,0.770340,0.028743
38,0.096785,7.950915,41.000000,1.000000,0.758806,0.006447
38,0.097990,17.875607,30.000000,1.000000,0.742465,0.022239
38,0.095992,12.000506,29.000000,1.000000,0.765082,0.015817
38,0.096009,4.181887,21.000000,0.984678,0.755039,0.021622
39,0.095844,23.775490,70.000000,0.980886,0.756647,0.000000
39,0.098058,9.523019,66.000000,0.989222,0.778053,0.035715
39,0.095751,21.536800,65.000000,1.000000,0.758607,0.019292
39,0.097421,13.424065,60.000000,1.000000,0.759665,0.025067
39,0.096002,11.519852,56.000000,1.000000,0.759730,0.019562
39,0.097561,17.514353,47.000000,0.992399,0.748023,0.023316
39,0.097333,11.466757,46.000000,0.997203,0.761645,0.022954
39,0.099142,11.492015,37.000000,0.986149,0.770992,0.037908
39,0.096360,5.523817,33.000000,0.997835,0.761138,0.018586
39,0.097708,9.582500,20.000000,0.986429,0.771964,0.027293
40,0.095844,26.006027,86.000000,0.980886,0.756647,0.000000
40,0.096045,16.013317,68.000000,0.979263,0.771456,0.018691
40,0.098060,19.710068,68.000000,0.993391,0.756192,0.025455
40,0.097928,11.634689,59.000000,1.000000,0.763836,0.029672
40,0.096030,9.923458,55.000000,0.986664,0.761190,0.008312
40,0.095117,23.952330,47.000000,0.989026,0.762576,0.013191
40,0.096561,7.948204,38.000000,0.981938,0.769604,0.017746
40,0.096929,9.749443,37.000000,0.996035,0.764827,0.021258
40,0.095373,9.816143,23.000000,0.998757,0.763602,0.020423
40,0.097450,3.917416,19.000000,0.979933,0.760342,0.016741
